0.521093 0.097980 0.000000 0.747423 
0.543493 0.114170 0.000000 0.787907 
0.540082 0.106691 0.000000 0.794143 
0.532367 0.108734 0.000000 0.750193 
0.524703 0.107324 0.000000 0.779562 
0.530681 0.104452 0.000000 0.775032 
0.522087 0.092080 0.000000 0.722159 
0.495621 0.104500 0.000000 0.708294 
0.552024 0.100345 0.000000 0.756758 
0.533105 0.103649 0.000000 0.779525 
0.523971 0.101455 0.000000 0.761103 
0.550545 0.094063 0.000000 0.781016 
0.524286 0.111214 0.000000 0.783693 
0.528147 0.131600 0.000000 0.808596 
0.510404 0.129294 0.000000 0.807534 
0.519484 0.118583 0.000000 0.796261 
0.531648 0.114438 0.000000 0.809537 
0.517736 0.115713 0.000000 0.778703 
0.527799 0.124161 0.000000 0.815412 
0.523518 0.116147 0.000000 0.799485 
0.534851 0.125282 0.000000 0.803101 
0.534193 0.117409 0.000000 0.797935 
0.530154 0.119068 0.000000 0.810285 
0.517070 0.121420 0.000000 0.795803 
0.523588 0.134796 0.000000 0.820899 
0.530575 0.115690 0.000000 0.802328 
0.531291 0.129257 0.000000 0.832094 
0.542061 0.130114 0.000000 0.845341 
0.535428 0.135446 0.000000 0.820960 
0.563539 0.132519 0.000000 0.872625 
0.569529 0.132225 0.000000 0.824935 
0.564341 0.140171 0.000000 0.842130 
0.545706 0.139639 0.000000 0.825999 
0.523524 0.134372 0.000000 0.828812 
0.562299 0.141540 0.000000 0.829362 
0.528530 0.112654 0.000000 0.826030 
0.540488 0.129138 0.000000 0.824194 
0.482418 0.119132 0.000000 0.744929 
0.462064 0.117921 0.000000 0.682305 
0.499394 0.127628 0.000000 0.772120 
0.486190 0.115564 0.000000 0.717234 
0.468926 0.112362 0.000000 0.708196 
0.476251 0.115615 0.000000 0.715779 
0.484531 0.128667 0.000000 0.726917 
0.495572 0.121818 0.000000 0.737255 
0.485287 0.122361 0.000000 0.752822 
0.480189 0.128780 0.000000 0.758855 
0.495231 0.130674 0.000000 0.747023 
0.503515 0.126357 0.000000 0.767497 
0.515952 0.149299 0.000000 0.808593 
0.477847 0.126995 0.000000 0.735527 
0.517154 0.126106 0.000000 0.768500 
0.533073 0.134819 0.000000 0.823475 
0.510476 0.113001 0.000000 0.748686 
0.515349 0.122723 0.000000 0.778416 
0.499360 0.129603 0.000000 0.748600 
0.498887 0.119364 0.000000 0.756754 
0.535604 0.099851 0.000000 0.779265 
0.473070 0.109856 0.000000 0.707111 
0.493676 0.108903 0.000000 0.714819 
0.529842 0.103043 0.000000 0.771711 
0.542256 0.105560 0.000000 0.771961 
0.534836 0.096892 0.000000 0.756919 
0.512664 0.099500 0.000000 0.756178 
0.559512 0.116960 0.000000 0.796122 
0.524636 0.098852 0.000000 0.742570 
0.530759 0.101611 0.000000 0.791749 
0.528425 0.147693 0.000000 0.786792 
0.554699 0.101331 0.000000 0.776251 
0.540648 0.110712 0.000000 0.786088 
0.508024 0.106256 0.000000 0.764245 
0.487049 0.102884 0.000000 0.701978 
0.492192 0.113701 0.000000 0.723072 
0.489289 0.095886 0.000000 0.695114 
0.526585 0.108366 0.000000 0.762055 
0.503433 0.112873 0.000000 0.738672 
0.478770 0.099408 0.000000 0.690687 
0.513508 0.104799 0.000000 0.716449 
0.518116 0.124496 0.000000 0.773463 
0.480457 0.102211 0.000000 0.682516 
0.491384 0.117279 0.000000 0.743761 
0.493697 0.106284 0.000000 0.709152 
0.481124 0.092269 0.000000 0.667457 
0.492210 0.107817 0.000000 0.743728 
0.493217 0.104153 0.000000 0.756863 
0.484437 0.106409 0.000000 0.770332 
0.504176 0.097005 0.000000 0.768158 
0.497995 0.093484 0.000000 0.737093 
0.478841 0.098367 0.000000 0.723123 
0.489127 0.104338 0.000000 0.753771 
0.510077 0.102618 0.000000 0.759302 
0.529667 0.110325 0.000000 0.778949 
0.493560 0.095423 0.000000 0.748530 
0.553625 0.113653 0.000000 0.811986 
0.521295 0.114098 0.000000 0.824536 
0.523833 0.138450 0.000000 0.814725 
0.489255 0.104702 0.000000 0.778510 
0.537246 0.110800 0.000000 0.779528 
0.564484 0.103262 0.000000 0.785747 
0.515438 0.104682 0.000000 0.716049 
0.488696 0.120142 0.000000 0.820490 
0.504728 0.102851 0.000000 0.743205 
0.417690 0.100747 0.000000 0.616437 
0.429048 0.091030 0.000000 0.655697 
0.458865 0.116672 0.000000 0.791229 
0.497578 0.110660 0.000000 0.789698 
0.482718 0.103214 0.000000 0.730970 
0.483476 0.105487 0.000000 0.751337 
0.480354 0.119086 0.000000 0.727262 
0.461105 0.105690 0.000000 0.700318 
0.459317 0.099311 0.000000 0.664499 
0.491210 0.102097 0.000000 0.752930 
0.454892 0.091456 0.000000 0.692937 
0.533967 0.108301 0.000000 0.772278 
0.519850 0.128501 0.000000 0.767009 
0.528303 0.172433 0.000000 0.819235 
0.525922 0.163103 0.000000 0.845207 
0.531569 0.148048 0.000000 0.868719 
0.506561 0.140655 0.000000 0.790048 
0.534361 0.158641 0.000000 0.855646 
0.519091 0.151214 0.000000 0.818921 
0.491550 0.141206 0.000000 0.817707 
0.531061 0.131392 0.000000 0.822751 
0.517079 0.152338 0.000000 0.833800 
0.525430 0.128085 0.000000 0.784863 
0.487409 0.163388 0.000000 0.836534 
0.516607 0.149883 0.000000 0.808865 
0.461694 0.124283 0.000000 0.780575 
0.462052 0.113803 0.000000 0.712251 
0.460090 0.126415 0.000000 0.758622 
0.471425 0.103047 0.000000 0.729106 
0.479357 0.126596 0.000000 0.796694 
0.474718 0.134641 0.000000 0.789477 
0.468793 0.150060 0.000000 0.785893 
0.449520 0.121082 0.000000 0.741348 
0.470859 0.143905 0.000000 0.813653 
0.446928 0.125795 0.000000 0.766578 
0.471441 0.126584 0.000000 0.720667 
0.471212 0.114210 0.000000 0.730822 
0.487689 0.139964 0.000000 0.756612 
0.496437 0.149663 0.000000 0.839050 
0.507010 0.136374 0.000000 0.788111 
0.493230 0.145201 0.000000 0.812322 
0.482778 0.168949 0.000000 0.805833 
0.545778 0.152285 0.000000 0.842446 
0.506622 0.145875 0.000000 0.823173 
0.499548 0.154587 0.000000 0.803797 
0.556758 0.153517 0.000000 0.881214 
0.515470 0.147065 0.000000 0.820969 
0.515578 0.145281 0.000000 0.826045 
0.516102 0.147292 0.000000 0.817199 
0.498971 0.145320 0.000000 0.845845 
0.577515 0.120088 0.000000 0.832423 
0.556447 0.117476 0.000000 0.800006 
0.552609 0.110449 0.000000 0.817137 
0.555723 0.116983 0.000000 0.820796 
0.548172 0.136509 0.000000 0.905929 
0.547865 0.122613 0.000000 0.815955 
0.525030 0.122081 0.000000 0.799095 
0.564425 0.114729 0.000000 0.855850 
0.558900 0.108581 0.000000 0.827631 
0.560030 0.105316 0.000000 0.827533 
0.532690 0.116087 0.000000 0.814929 
0.591683 0.107511 0.000000 0.855475 
0.563014 0.109012 0.000000 0.804942 
0.507168 0.124334 0.000000 0.797437 
0.504504 0.113120 0.000000 0.758787 
0.541974 0.099286 0.000000 0.780143 
0.496450 0.103578 0.000000 0.749729 
0.514868 0.090516 0.000000 0.769877 
0.551718 0.102033 0.000000 0.821349 
0.549557 0.095452 0.000000 0.776093 
0.548156 0.101739 0.000000 0.796603 
0.516743 0.102855 0.000000 0.791705 
0.496957 0.106368 0.000000 0.744938 
0.516269 0.120264 0.000000 0.787675 
0.510533 0.102859 0.000000 0.775565 
0.536135 0.119525 0.000000 0.846041 
0.536252 0.108298 0.000000 0.790883 
0.456302 0.107820 0.000000 0.728462 
0.495446 0.129269 0.000000 0.770580 
0.475463 0.126198 0.000000 0.800822 
0.471014 0.124395 0.000000 0.762297 
0.479364 0.119179 0.000000 0.764639 
0.499143 0.122059 0.000000 0.769211 
0.477384 0.134790 0.000000 0.765482 
0.480903 0.144239 0.000000 0.802931 
0.462353 0.137714 0.000000 0.722815 
0.507016 0.136708 0.000000 0.807175 
0.474243 0.142236 0.000000 0.780934 
0.481251 0.120650 0.000000 0.760535 
0.498515 0.121663 0.000000 0.750736 
