0.466882 0.119329 0.000000 0.676657 
0.457562 0.119237 0.000000 0.683429 
0.460890 0.116732 0.000000 0.673444 
0.476067 0.127647 0.000000 0.690556 
0.468025 0.133473 0.000000 0.733554 
0.482099 0.119590 0.000000 0.688386 
0.451371 0.117855 0.000000 0.654681 
0.442499 0.123011 0.000000 0.676716 
0.456757 0.119881 0.000000 0.666453 
0.456659 0.116829 0.000000 0.695180 
0.456153 0.124150 0.000000 0.675847 
0.458583 0.121972 0.000000 0.691111 
0.477159 0.127258 0.000000 0.732555 
0.517990 0.145564 0.000000 0.806492 
0.500735 0.154105 0.000000 0.799872 
0.517517 0.141174 0.000000 0.773181 
0.515448 0.146617 0.000000 0.798194 
0.509268 0.141581 0.000000 0.775450 
0.520350 0.144070 0.000000 0.797451 
0.512414 0.154327 0.000000 0.803371 
0.518487 0.148833 0.000000 0.798809 
0.531405 0.145835 0.000000 0.801589 
0.519638 0.150486 0.000000 0.794604 
0.511859 0.154861 0.000000 0.822038 
0.506163 0.142582 0.000000 0.791734 
0.521050 0.152195 0.000000 0.797263 
0.513414 0.136530 0.000000 0.752668 
0.537823 0.140774 0.000000 0.839341 
0.516286 0.148178 0.000000 0.802495 
0.549253 0.159679 0.000000 0.864331 
0.572266 0.162062 0.000000 0.859153 
0.549465 0.149744 0.000000 0.815210 
0.537207 0.149823 0.000000 0.825646 
0.505365 0.151273 0.000000 0.822337 
0.557727 0.163193 0.000000 0.865580 
0.536099 0.158419 0.000000 0.855168 
0.515529 0.138557 0.000000 0.765989 
0.536087 0.149521 0.000000 0.814290 
0.526222 0.151417 0.000000 0.817605 
0.528788 0.153552 0.000000 0.847060 
0.518569 0.143412 0.000000 0.814576 
0.518217 0.146928 0.000000 0.794303 
0.517580 0.140205 0.000000 0.799854 
0.522855 0.153007 0.000000 0.806308 
0.528015 0.146078 0.000000 0.817005 
0.533299 0.147159 0.000000 0.831382 
0.523242 0.149876 0.000000 0.816745 
0.519916 0.150260 0.000000 0.817969 
0.533025 0.144565 0.000000 0.817335 
0.454107 0.128249 0.000000 0.733813 
0.439704 0.127638 0.000000 0.705848 
0.464812 0.121006 0.000000 0.710227 
0.448041 0.120992 0.000000 0.699156 
0.434863 0.123606 0.000000 0.698581 
0.446789 0.123785 0.000000 0.675447 
0.444230 0.124410 0.000000 0.706245 
0.432718 0.122741 0.000000 0.688719 
0.439705 0.131031 0.000000 0.723179 
0.430488 0.123150 0.000000 0.689717 
0.437271 0.120670 0.000000 0.683625 
0.535372 0.153185 0.000000 0.851805 
0.546051 0.151949 0.000000 0.830351 
0.545576 0.157718 0.000000 0.855676 
0.547186 0.158976 0.000000 0.837166 
0.538002 0.150312 0.000000 0.835195 
0.554099 0.158867 0.000000 0.833559 
0.552459 0.162228 0.000000 0.868763 
0.542017 0.160742 0.000000 0.854903 
0.556418 0.148343 0.000000 0.844654 
0.545345 0.149560 0.000000 0.846073 
0.508549 0.123328 0.000000 0.727768 
0.507453 0.118057 0.000000 0.754285 
0.513175 0.129788 0.000000 0.756298 
0.506852 0.129573 0.000000 0.741397 
0.521434 0.132951 0.000000 0.761425 
0.512545 0.127842 0.000000 0.769724 
0.493974 0.132089 0.000000 0.752558 
0.511672 0.127262 0.000000 0.760954 
0.528495 0.129451 0.000000 0.769026 
0.500322 0.134196 0.000000 0.796322 
0.503700 0.130174 0.000000 0.767393 
0.510179 0.122043 0.000000 0.739824 
0.469477 0.122756 0.000000 0.722876 
0.500081 0.116513 0.000000 0.700614 
0.515605 0.125262 0.000000 0.771363 
0.492812 0.106785 0.000000 0.717753 
0.500772 0.142918 0.000000 0.787316 
0.474575 0.111585 0.000000 0.688234 
0.481596 0.131495 0.000000 0.759585 
0.509937 0.140782 0.000000 0.798006 
0.494305 0.138373 0.000000 0.776243 
0.520551 0.129996 0.000000 0.776922 
0.493354 0.118399 0.000000 0.757403 
0.517714 0.126943 0.000000 0.757587 
0.500812 0.131606 0.000000 0.776081 
0.516930 0.132352 0.000000 0.767818 
0.504169 0.135179 0.000000 0.759226 
0.508779 0.130211 0.000000 0.764195 
0.515914 0.129362 0.000000 0.740141 
0.482192 0.116368 0.000000 0.676420 
0.538103 0.166900 0.000000 0.861791 
0.539210 0.153175 0.000000 0.819840 
0.497330 0.144868 0.000000 0.792391 
0.528594 0.155064 0.000000 0.822079 
0.514747 0.151031 0.000000 0.809030 
0.539993 0.161660 0.000000 0.847799 
0.533844 0.152065 0.000000 0.854427 
0.512390 0.156266 0.000000 0.808219 
0.534671 0.157037 0.000000 0.808595 
0.528008 0.166710 0.000000 0.852045 
0.517162 0.154667 0.000000 0.794075 
0.523618 0.153971 0.000000 0.814038 
0.541997 0.153805 0.000000 0.845328 
0.524000 0.146943 0.000000 0.793825 
0.522599 0.151359 0.000000 0.854296 
0.511063 0.156259 0.000000 0.814968 
0.501534 0.148517 0.000000 0.803657 
0.497716 0.143033 0.000000 0.821406 
0.520198 0.152306 0.000000 0.840128 
0.500877 0.151842 0.000000 0.852543 
0.485346 0.203460 0.000000 0.875202 
0.500839 0.149682 0.000000 0.826753 
0.496074 0.140203 0.000000 0.795960 
0.515591 0.152317 0.000000 0.825900 
0.516841 0.146572 0.000000 0.826261 
0.489925 0.150750 0.000000 0.877008 
0.515117 0.154508 0.000000 0.864853 
0.507836 0.133865 0.000000 0.768517 
0.502367 0.124820 0.000000 0.769417 
0.524058 0.145864 0.000000 0.800501 
0.516795 0.133927 0.000000 0.765027 
0.502006 0.127548 0.000000 0.731981 
0.524560 0.139000 0.000000 0.754106 
0.525508 0.138686 0.000000 0.758670 
0.492652 0.131556 0.000000 0.770658 
0.516401 0.149768 0.000000 0.811837 
0.531704 0.137987 0.000000 0.764571 
0.518678 0.147963 0.000000 0.826415 
0.512234 0.131885 0.000000 0.757827 
0.503288 0.141983 0.000000 0.782990 
0.523133 0.137911 0.000000 0.780049 
0.520477 0.154024 0.000000 0.802177 
0.498793 0.137262 0.000000 0.749899 
0.504148 0.137083 0.000000 0.775817 
0.570110 0.151802 0.000000 0.829534 
0.536208 0.151247 0.000000 0.819313 
0.530189 0.142783 0.000000 0.794153 
0.573523 0.151809 0.000000 0.801284 
0.536150 0.144477 0.000000 0.785355 
0.528584 0.152366 0.000000 0.806958 
0.524821 0.148979 0.000000 0.797805 
0.544833 0.153143 0.000000 0.821815 
0.504803 0.141397 0.000000 0.789956 
0.509064 0.145772 0.000000 0.772523 
0.482247 0.138854 0.000000 0.720554 
0.494278 0.139822 0.000000 0.757415 
0.512213 0.148506 0.000000 0.771883 
0.502125 0.155552 0.000000 0.765702 
0.512441 0.142422 0.000000 0.749817 
0.507898 0.145594 0.000000 0.791362 
0.513898 0.147340 0.000000 0.776453 
0.486979 0.124541 0.000000 0.711457 
0.486344 0.143336 0.000000 0.746301 
0.523435 0.138918 0.000000 0.762688 
0.509686 0.139248 0.000000 0.771821 
0.520185 0.140514 0.000000 0.810777 
0.514562 0.137866 0.000000 0.784180 
0.532169 0.145798 0.000000 0.814021 
0.521016 0.130320 0.000000 0.761286 
0.526554 0.142797 0.000000 0.822026 
0.528022 0.135407 0.000000 0.775148 
0.521714 0.144969 0.000000 0.823108 
0.522030 0.141410 0.000000 0.827749 
0.523160 0.135635 0.000000 0.793246 
0.518097 0.145636 0.000000 0.835423 
0.512067 0.126411 0.000000 0.767479 
0.494734 0.135159 0.000000 0.751019 
0.530434 0.140406 0.000000 0.799315 
0.521060 0.137893 0.000000 0.789592 
0.455911 0.122922 0.000000 0.729932 
0.475826 0.135152 0.000000 0.756350 
0.448916 0.129686 0.000000 0.755398 
0.481705 0.136917 0.000000 0.765737 
0.456154 0.130943 0.000000 0.772861 
0.469793 0.137351 0.000000 0.755960 
0.456645 0.128104 0.000000 0.744220 
0.458877 0.131449 0.000000 0.708876 
0.479649 0.146527 0.000000 0.787065 
0.463523 0.146817 0.000000 0.786445 
0.478733 0.137650 0.000000 0.764828 
0.485769 0.142463 0.000000 0.782927 
0.477111 0.132462 0.000000 0.769752 
