0.542720 0.073794 0.278567 0.727340 
0.531597 0.069487 0.291135 0.756574 
0.542696 0.072658 0.225911 0.739052 
0.552572 0.080054 0.204475 0.746407 
0.542192 0.077155 0.321973 0.789273 
0.556713 0.079267 0.268159 0.737034 
0.532135 0.078808 0.223332 0.737093 
0.531519 0.070298 0.228770 0.745415 
0.523852 0.064328 0.302451 0.695949 
0.555775 0.076255 0.323502 0.767619 
0.531155 0.074866 0.258738 0.718938 
0.537874 0.074850 0.285787 0.746878 
0.546468 0.075576 0.270957 0.751167 
0.604866 0.074359 0.298019 0.757659 
0.604011 0.081008 0.292220 0.776705 
0.584820 0.071824 0.309794 0.745440 
0.593149 0.074174 0.334944 0.783016 
0.605732 0.075802 0.326519 0.803565 
0.597573 0.077592 0.265451 0.791131 
0.594769 0.072682 0.320051 0.748995 
0.612406 0.077834 0.277997 0.779663 
0.604270 0.075414 0.295689 0.786954 
0.590594 0.071429 0.305457 0.770393 
0.596693 0.078763 0.280378 0.768997 
0.589018 0.070514 0.325818 0.749720 
0.585204 0.071312 0.328696 0.751330 
0.551372 0.073533 0.214118 0.708603 
0.570188 0.076707 0.266390 0.718719 
0.562266 0.079075 0.218623 0.727292 
0.612060 0.083257 0.215454 0.759673 
0.598955 0.083032 0.224357 0.754943 
0.607186 0.087721 0.178546 0.774529 
0.584502 0.082059 0.168604 0.753329 
0.558256 0.072526 0.271649 0.719335 
0.594269 0.085680 0.289292 0.782320 
0.575531 0.075637 0.252417 0.732222 
0.570318 0.082462 0.195174 0.725872 
0.518795 0.062077 0.268467 0.664924 
0.513945 0.061148 0.246765 0.658601 
0.532042 0.067644 0.243343 0.703453 
0.519190 0.060879 0.257563 0.662729 
0.512711 0.060497 0.215008 0.671672 
0.546000 0.076273 0.121126 0.728861 
0.506579 0.058620 0.254007 0.684401 
0.529967 0.067825 0.261910 0.703778 
0.517451 0.063741 0.216877 0.671083 
0.524572 0.069443 0.250687 0.698010 
0.524385 0.063191 0.256008 0.676217 
0.521483 0.066145 0.203427 0.694915 
0.538761 0.071836 0.266974 0.712301 
0.529991 0.082866 0.232893 0.749896 
0.522015 0.064871 0.286388 0.698518 
0.504491 0.065426 0.253492 0.657660 
0.497901 0.061733 0.262751 0.662862 
0.506419 0.060704 0.268346 0.685678 
0.526094 0.076987 0.223725 0.694930 
0.527331 0.076251 0.232650 0.698009 
0.525863 0.067389 0.288215 0.671936 
0.503465 0.063043 0.276694 0.676669 
0.516357 0.068433 0.250034 0.692728 
0.557381 0.070438 0.185444 0.710493 
0.578367 0.078822 0.229496 0.788047 
0.532280 0.067061 0.258706 0.679006 
0.556332 0.071407 0.274425 0.724235 
0.584889 0.076084 0.250404 0.746544 
0.556267 0.071431 0.278539 0.732485 
0.545890 0.065803 0.231598 0.702827 
0.548929 0.068774 0.233166 0.714662 
0.590883 0.082294 0.239077 0.820255 
0.574221 0.077050 0.219254 0.777043 
0.530244 0.070767 0.274691 0.699245 
0.521137 0.062862 0.272811 0.675974 
0.521211 0.067516 0.260423 0.699430 
0.526028 0.066712 0.286278 0.678025 
0.531222 0.066744 0.293681 0.714325 
0.555906 0.078635 0.256120 0.721265 
0.515709 0.064650 0.291143 0.675587 
0.524432 0.064850 0.266100 0.676328 
0.528229 0.069333 0.245011 0.709063 
0.521770 0.066043 0.249593 0.682953 
0.520605 0.063511 0.293782 0.689877 
0.520077 0.069248 0.275177 0.727458 
0.536373 0.075242 0.277907 0.697563 
0.518235 0.068278 0.273104 0.702988 
0.518357 0.067212 0.284626 0.698568 
0.519265 0.065664 0.264827 0.672400 
0.545632 0.071131 0.286507 0.719940 
0.530735 0.066837 0.261567 0.686135 
0.540900 0.071409 0.250515 0.727321 
0.546030 0.071656 0.266022 0.730954 
0.550053 0.071276 0.279606 0.713182 
0.561548 0.070708 0.169783 0.719574 
0.543842 0.072761 0.228634 0.711094 
0.548069 0.069512 0.233875 0.703961 
0.554374 0.072762 0.180302 0.728198 
0.548475 0.077569 0.259191 0.744636 
0.544226 0.070132 0.294341 0.709203 
0.552636 0.069800 0.231012 0.700233 
0.574697 0.077119 0.274311 0.731660 
0.542608 0.070272 0.248206 0.692871 
0.516786 0.072867 0.275932 0.730569 
0.520770 0.078140 0.255156 0.729894 
0.513768 0.073048 0.257037 0.734500 
0.524554 0.079744 0.217631 0.730466 
0.545561 0.087374 0.210630 0.754041 
0.524589 0.074798 0.267599 0.734132 
0.541531 0.083262 0.205761 0.755022 
0.546518 0.082905 0.240698 0.736491 
0.542786 0.075791 0.261552 0.734384 
0.532740 0.083987 0.254108 0.750408 
0.506926 0.075923 0.241211 0.743587 
0.516549 0.078927 0.240121 0.771215 
0.504865 0.073857 0.236732 0.718278 
0.520641 0.082495 0.245607 0.727905 
0.476188 0.058014 0.286509 0.682092 
0.492288 0.060411 0.267209 0.723035 
0.531469 0.072462 0.281957 0.763822 
0.506443 0.062847 0.287035 0.718958 
0.496787 0.060624 0.284373 0.677695 
0.511721 0.066366 0.264215 0.721675 
0.505602 0.061964 0.296599 0.715340 
0.507600 0.063732 0.302015 0.710832 
0.497894 0.061162 0.245556 0.713943 
0.517193 0.066336 0.277432 0.740853 
0.499144 0.060555 0.277247 0.693585 
0.518355 0.066678 0.289857 0.706492 
0.498120 0.059915 0.285502 0.701010 
0.490971 0.062699 0.265211 0.712325 
0.489343 0.058406 0.278129 0.695289 
0.496670 0.065314 0.279549 0.732132 
0.487627 0.059910 0.278415 0.681243 
0.506239 0.068698 0.269010 0.728110 
0.508411 0.069649 0.282161 0.748785 
0.498718 0.066047 0.260605 0.715349 
0.503091 0.069137 0.275331 0.718019 
0.493229 0.064461 0.260429 0.734130 
0.470438 0.054582 0.287528 0.682190 
0.496623 0.065551 0.277781 0.720237 
0.474581 0.058169 0.265098 0.680222 
0.474110 0.069391 0.267913 0.651107 
0.482388 0.071196 0.276305 0.650660 
0.489651 0.075997 0.261333 0.657633 
0.501833 0.078942 0.219528 0.698906 
0.506960 0.080151 0.249352 0.692097 
0.530196 0.077111 0.218424 0.711133 
0.493241 0.076774 0.260517 0.670525 
0.508840 0.078517 0.181261 0.673018 
0.554720 0.081207 0.241093 0.745520 
0.517969 0.080901 0.237701 0.707631 
0.486279 0.072974 0.272500 0.661063 
0.505136 0.079186 0.231504 0.690713 
0.477005 0.067870 0.241980 0.654561 
0.551612 0.076316 0.311426 0.772226 
0.554111 0.073247 0.308941 0.721232 
0.569092 0.082744 0.268623 0.785453 
0.554797 0.081621 0.272376 0.755284 
0.565958 0.077491 0.304343 0.749181 
0.547603 0.073259 0.300822 0.743999 
0.547732 0.077553 0.307038 0.746720 
0.559119 0.076629 0.306874 0.768143 
0.543516 0.072171 0.311934 0.736024 
0.544609 0.074872 0.280305 0.749053 
0.536773 0.067784 0.300555 0.714891 
0.561270 0.074629 0.284729 0.755941 
0.566829 0.080397 0.248417 0.750426 
0.554245 0.073403 0.323495 0.738984 
0.544562 0.071103 0.346347 0.722471 
0.584182 0.085434 0.279649 0.798986 
0.567249 0.078140 0.301599 0.757013 
0.583339 0.085468 0.279166 0.814666 
0.588735 0.087144 0.279755 0.831168 
0.569877 0.079253 0.313321 0.774383 
0.584904 0.079968 0.359288 0.811436 
0.551130 0.072412 0.317219 0.761688 
0.574603 0.079653 0.321875 0.784140 
0.572142 0.078336 0.319210 0.765621 
0.569987 0.078263 0.319034 0.775093 
0.588684 0.086064 0.312763 0.799357 
0.549731 0.068380 0.323897 0.739305 
0.520678 0.072822 0.255464 0.727820 
0.503898 0.063722 0.287446 0.704053 
0.530676 0.071514 0.283300 0.719679 
0.532100 0.071916 0.287788 0.730386 
0.529734 0.077894 0.258839 0.737740 
0.530083 0.073377 0.272184 0.718113 
0.520772 0.072970 0.260967 0.735519 
0.519870 0.075216 0.223392 0.768410 
0.502211 0.066450 0.263906 0.705931 
0.538642 0.075901 0.241867 0.737791 
0.499337 0.065435 0.291868 0.697460 
0.506818 0.063956 0.280883 0.705505 
0.521869 0.070702 0.273640 0.725637 
