0.597999 0.070506 0.000000 0.771900 
0.593224 0.078282 0.000000 0.766565 
0.583469 0.073372 0.000000 0.763794 
0.609636 0.070517 0.000000 0.776879 
0.616946 0.080757 0.000000 0.759131 
0.605894 0.071343 0.000000 0.760456 
0.592985 0.066255 0.000000 0.732487 
0.575454 0.074181 0.000000 0.735799 
0.580543 0.073803 0.000000 0.771787 
0.614274 0.078542 0.000000 0.799741 
0.598240 0.073677 0.000000 0.759358 
0.610599 0.078989 0.000000 0.765002 
0.608420 0.074225 0.000000 0.769503 
0.624401 0.089145 0.000000 0.804006 
0.583957 0.091559 0.000000 0.766585 
0.595886 0.099050 0.000000 0.784138 
0.594756 0.095874 0.000000 0.767498 
0.582238 0.078382 0.000000 0.729578 
0.618184 0.079022 0.000000 0.765057 
0.609997 0.078661 0.000000 0.799123 
0.633701 0.079254 0.000000 0.805753 
0.611163 0.095291 0.000000 0.813671 
0.575377 0.094875 0.000000 0.769250 
0.624880 0.107600 0.000000 0.823448 
0.610756 0.109501 0.000000 0.811559 
0.608808 0.089383 0.000000 0.793300 
0.618259 0.083285 0.000000 0.782477 
0.614799 0.079042 0.000000 0.767120 
0.623299 0.073829 0.000000 0.764074 
0.626249 0.074216 0.000000 0.766496 
0.672477 0.079622 0.000000 0.822136 
0.638231 0.070019 0.000000 0.765845 
0.631823 0.073396 0.000000 0.776846 
0.636791 0.080971 0.000000 0.792400 
0.647506 0.082091 0.000000 0.815514 
0.642757 0.080640 0.000000 0.791187 
0.606626 0.076908 0.000000 0.760994 
0.587834 0.083164 0.000000 0.766300 
0.577284 0.094517 0.000000 0.790287 
0.596441 0.091147 0.000000 0.811055 
0.557546 0.084327 0.000000 0.741047 
0.594799 0.078478 0.000000 0.763278 
0.588539 0.082493 0.000000 0.770198 
0.599362 0.094479 0.000000 0.803040 
0.585092 0.083383 0.000000 0.786979 
0.581546 0.089330 0.000000 0.770521 
0.555854 0.081993 0.000000 0.739456 
0.568815 0.082528 0.000000 0.782537 
0.573561 0.081913 0.000000 0.780899 
0.554121 0.080392 0.000000 0.728828 
0.543430 0.080724 0.000000 0.704521 
0.576042 0.072926 0.000000 0.712479 
0.551520 0.072397 0.000000 0.698170 
0.515798 0.067758 0.000000 0.699244 
0.557173 0.060088 0.000000 0.668483 
0.553322 0.067329 0.000000 0.667196 
0.554945 0.062124 0.000000 0.703807 
0.553452 0.065102 0.000000 0.711664 
0.560741 0.060125 0.000000 0.698685 
0.540537 0.071645 0.000000 0.677627 
0.566715 0.079395 0.000000 0.755050 
0.594344 0.082969 0.000000 0.782228 
0.588765 0.083390 0.000000 0.774110 
0.583977 0.084573 0.000000 0.755805 
0.572407 0.084235 0.000000 0.770750 
0.577397 0.079108 0.000000 0.726183 
0.608423 0.087012 0.000000 0.805693 
0.616405 0.090432 0.000000 0.808641 
0.605362 0.076486 0.000000 0.772757 
0.581840 0.073672 0.000000 0.745410 
0.558075 0.060201 0.000000 0.695429 
0.536755 0.067285 0.000000 0.706743 
0.569929 0.073997 0.000000 0.729308 
0.556847 0.055518 0.000000 0.691788 
0.574237 0.059626 0.000000 0.692137 
0.592181 0.064898 0.000000 0.750000 
0.565721 0.061149 0.000000 0.713558 
0.562533 0.069794 0.000000 0.706626 
0.588479 0.062477 0.000000 0.734961 
0.560877 0.070098 0.000000 0.721421 
0.573469 0.069515 0.000000 0.735315 
0.555667 0.070413 0.000000 0.707955 
0.563110 0.060302 0.000000 0.685112 
0.557656 0.062066 0.000000 0.677536 
0.542283 0.064919 0.000000 0.686224 
0.544806 0.071692 0.000000 0.692916 
0.597102 0.064220 0.000000 0.736137 
0.566679 0.072993 0.000000 0.730561 
0.609597 0.068483 0.000000 0.747328 
0.583769 0.071667 0.000000 0.754971 
0.602314 0.078292 0.000000 0.775400 
0.584559 0.063525 0.000000 0.733047 
0.573430 0.070461 0.000000 0.712810 
0.590320 0.071507 0.000000 0.744256 
0.585188 0.085259 0.000000 0.770578 
0.563796 0.081743 0.000000 0.744307 
0.607716 0.072629 0.000000 0.765412 
0.591962 0.059558 0.000000 0.717152 
0.627739 0.060491 0.000000 0.746074 
0.559613 0.058364 0.000000 0.681128 
0.634541 0.082851 0.000000 0.809777 
0.610612 0.085572 0.000000 0.777566 
0.586883 0.071006 0.000000 0.745813 
0.583417 0.078243 0.000000 0.733355 
0.589824 0.074926 0.000000 0.765831 
0.592563 0.072327 0.000000 0.741888 
0.578902 0.089084 0.000000 0.787293 
0.578757 0.063093 0.000000 0.720816 
0.595182 0.084693 0.000000 0.761988 
0.602832 0.084788 0.000000 0.781890 
0.585833 0.076431 0.000000 0.737149 
0.584266 0.085463 0.000000 0.770744 
0.564395 0.074903 0.000000 0.721584 
0.585569 0.086065 0.000000 0.743462 
0.590143 0.098624 0.000000 0.817127 
0.474847 0.221742 0.000000 0.788679 
0.586719 0.086493 0.000000 0.797348 
0.615556 0.095981 0.000000 0.814412 
0.633839 0.108426 0.000000 0.838589 
0.590982 0.089658 0.000000 0.796911 
0.609783 0.142963 0.000000 0.859556 
0.600620 0.086112 0.000000 0.809057 
0.566738 0.103302 0.000000 0.782999 
0.590673 0.127590 0.000000 0.807923 
0.616199 0.086643 0.000000 0.808228 
0.642648 0.126083 0.000000 0.877009 
0.608555 0.097533 0.000000 0.837244 
0.561319 0.081028 0.000000 0.718414 
0.514882 0.083741 0.000000 0.727521 
0.589314 0.073650 0.000000 0.718852 
0.528208 0.078509 0.000000 0.690903 
0.534742 0.067853 0.000000 0.671353 
0.553102 0.070604 0.000000 0.695546 
0.574615 0.070364 0.000000 0.710597 
0.556903 0.082328 0.000000 0.774557 
0.608456 0.099433 0.000000 0.816140 
0.565047 0.087633 0.000000 0.724078 
0.552522 0.075605 0.000000 0.700006 
0.558884 0.081595 0.000000 0.706814 
0.612844 0.084779 0.000000 0.763063 
0.604158 0.083218 0.000000 0.757463 
0.604647 0.089909 0.000000 0.769592 
0.587644 0.085278 0.000000 0.733177 
0.602528 0.072686 0.000000 0.732002 
0.659315 0.090405 0.000000 0.804455 
0.637704 0.096605 0.000000 0.818947 
0.591213 0.090625 0.000000 0.779449 
0.642375 0.084638 0.000000 0.802377 
0.591640 0.078089 0.000000 0.748925 
0.609478 0.080013 0.000000 0.758060 
0.602972 0.084476 0.000000 0.773062 
0.617849 0.104661 0.000000 0.854345 
0.640573 0.083534 0.000000 0.811680 
0.604957 0.074770 0.000000 0.770472 
0.606053 0.078749 0.000000 0.743086 
0.592261 0.080920 0.000000 0.764280 
0.622369 0.080919 0.000000 0.775069 
0.626952 0.081666 0.000000 0.775671 
0.592502 0.080991 0.000000 0.740327 
0.602260 0.088668 0.000000 0.797100 
0.617979 0.079522 0.000000 0.768771 
0.587996 0.072547 0.000000 0.720288 
0.596705 0.078325 0.000000 0.742687 
0.614759 0.079301 0.000000 0.748177 
0.625545 0.077542 0.000000 0.767105 
0.602637 0.068775 0.000000 0.756700 
0.615314 0.068256 0.000000 0.768507 
0.599920 0.079052 0.000000 0.773636 
0.574846 0.072930 0.000000 0.719014 
0.598190 0.075862 0.000000 0.771519 
0.579454 0.069804 0.000000 0.742552 
0.586030 0.075964 0.000000 0.780017 
0.621753 0.094051 0.000000 0.812662 
0.615309 0.084949 0.000000 0.779447 
0.594566 0.078058 0.000000 0.797378 
0.547529 0.071134 0.000000 0.738924 
0.633879 0.066954 0.000000 0.747067 
0.589231 0.089413 0.000000 0.773582 
0.613099 0.065605 0.000000 0.773339 
0.571389 0.090109 0.000000 0.793629 
0.570085 0.081390 0.000000 0.758274 
0.560808 0.083714 0.000000 0.760383 
0.546992 0.087383 0.000000 0.730761 
0.542847 0.082273 0.000000 0.774234 
0.571288 0.095086 0.000000 0.740521 
0.565719 0.084964 0.000000 0.764129 
0.519120 0.080211 0.000000 0.682272 
0.527147 0.084134 0.000000 0.728640 
0.576676 0.095006 0.000000 0.785827 
0.580679 0.108953 0.000000 0.797377 
0.528321 0.075721 0.000000 0.721665 
0.561647 0.094983 0.000000 0.760046 
