0.425815 0.090217 0.202002 0.672663 
0.434332 0.103398 0.208802 0.672637 
0.434493 0.104498 0.210632 0.708797 
0.433202 0.094546 0.209416 0.660306 
0.432652 0.095804 0.213576 0.649152 
0.435796 0.095470 0.212569 0.649081 
0.410383 0.087270 0.201822 0.623183 
0.426142 0.099031 0.201104 0.695762 
0.426335 0.096332 0.214007 0.634547 
0.439608 0.103510 0.223735 0.689059 
0.419995 0.094500 0.212773 0.647201 
0.428305 0.095722 0.224620 0.645650 
0.433629 0.094586 0.206716 0.647241 
0.442302 0.105134 0.203265 0.658884 
0.424816 0.101830 0.208227 0.633716 
0.441545 0.105007 0.191283 0.659528 
0.433072 0.105809 0.170230 0.677423 
0.430228 0.106294 0.180504 0.689847 
0.439515 0.103051 0.187021 0.694245 
0.440782 0.104015 0.215847 0.685618 
0.448023 0.112350 0.206661 0.700971 
0.460099 0.124215 0.195025 0.745515 
0.434063 0.109888 0.192347 0.679167 
0.431685 0.101654 0.207964 0.675392 
0.432587 0.107790 0.175965 0.657507 
0.432350 0.101037 0.212250 0.658333 
0.403807 0.099102 0.185988 0.622247 
0.429441 0.111436 0.192311 0.688973 
0.414325 0.100472 0.170097 0.612718 
0.460706 0.120446 0.197605 0.753927 
0.464377 0.119526 0.167066 0.715721 
0.456017 0.120764 0.184363 0.734444 
0.420889 0.107753 0.174009 0.668328 
0.409048 0.105282 0.176963 0.652399 
0.457083 0.114856 0.171526 0.731080 
0.426513 0.115572 0.181510 0.685110 
0.413011 0.101636 0.185628 0.623315 
0.383884 0.087835 0.170718 0.586573 
0.378746 0.088095 0.158883 0.575533 
0.399086 0.101068 0.170275 0.612582 
0.390275 0.092250 0.184384 0.613218 
0.380976 0.084338 0.175118 0.542808 
0.413460 0.112944 0.169444 0.649314 
0.379659 0.087095 0.165943 0.584845 
0.390583 0.099133 0.156521 0.616637 
0.389630 0.092315 0.160689 0.583759 
0.379375 0.094367 0.156887 0.600441 
0.397583 0.101451 0.174761 0.622432 
0.380855 0.092827 0.172042 0.580970 
0.391829 0.087090 0.192647 0.589901 
0.401504 0.103140 0.177269 0.650468 
0.391441 0.080879 0.208626 0.581799 
0.379247 0.078737 0.192203 0.559934 
0.385043 0.078350 0.209045 0.579593 
0.386168 0.078775 0.188933 0.547193 
0.396624 0.093196 0.188866 0.602549 
0.381470 0.081139 0.182299 0.575210 
0.395061 0.084923 0.198613 0.618392 
0.399216 0.086205 0.208900 0.590939 
0.390076 0.082423 0.209588 0.586901 
0.412317 0.094330 0.171074 0.610117 
0.425581 0.091163 0.177997 0.586574 
0.403937 0.083615 0.137799 0.593699 
0.420549 0.092132 0.174014 0.634708 
0.434645 0.102708 0.156926 0.685227 
0.415369 0.092104 0.176919 0.629850 
0.407587 0.085562 0.173432 0.597714 
0.405010 0.087530 0.165511 0.614384 
0.432683 0.095523 0.181628 0.661234 
0.417739 0.088393 0.168266 0.604839 
0.414010 0.082370 0.202154 0.589936 
0.402169 0.075246 0.202241 0.577253 
0.402296 0.079179 0.193117 0.572355 
0.409320 0.084110 0.199908 0.615467 
0.413093 0.089537 0.194027 0.615086 
0.427799 0.084283 0.198214 0.603500 
0.392660 0.074001 0.202668 0.546687 
0.405538 0.082989 0.186080 0.597848 
0.414701 0.090139 0.203891 0.614246 
0.404528 0.079959 0.205186 0.615102 
0.411608 0.085131 0.207162 0.581031 
0.396316 0.076782 0.205733 0.563141 
0.406635 0.081169 0.199656 0.593273 
0.416793 0.087849 0.196385 0.600385 
0.406226 0.085783 0.199276 0.608373 
0.399106 0.077562 0.183101 0.549055 
0.403487 0.083876 0.195883 0.564586 
0.392735 0.080433 0.188989 0.547330 
0.399791 0.081661 0.190984 0.559628 
0.394548 0.080728 0.201974 0.577322 
0.397496 0.077243 0.191781 0.537573 
0.407675 0.083653 0.186038 0.575210 
0.391335 0.076544 0.201875 0.540394 
0.409023 0.086952 0.190955 0.624389 
0.407897 0.092210 0.180414 0.592348 
0.382401 0.072842 0.195531 0.542509 
0.395886 0.083863 0.198261 0.577807 
0.409402 0.091370 0.184913 0.596234 
0.422985 0.092674 0.176218 0.603588 
0.391201 0.078938 0.185393 0.579742 
0.379690 0.085489 0.190798 0.551356 
0.373436 0.080376 0.178000 0.540539 
0.366496 0.074944 0.176190 0.508012 
0.380907 0.081493 0.185316 0.557260 
0.384099 0.089552 0.192534 0.590942 
0.387777 0.089278 0.200033 0.574544 
0.388645 0.094764 0.186094 0.606847 
0.395063 0.089684 0.187962 0.593927 
0.382431 0.087378 0.177519 0.594190 
0.395582 0.086678 0.202716 0.573563 
0.370873 0.074445 0.203996 0.503690 
0.371236 0.077525 0.197473 0.529801 
0.372220 0.079667 0.169190 0.526545 
0.378614 0.079552 0.177644 0.542327 
0.380047 0.070007 0.211189 0.504665 
0.379819 0.071647 0.210061 0.546358 
0.398979 0.089811 0.193242 0.593124 
0.387690 0.079686 0.193482 0.554224 
0.390276 0.078680 0.187749 0.541199 
0.399346 0.087482 0.176851 0.582439 
0.405076 0.093000 0.208331 0.617415 
0.379369 0.071828 0.197226 0.524252 
0.394704 0.090056 0.210776 0.625592 
0.395440 0.084534 0.206293 0.598788 
0.393769 0.084254 0.192465 0.595603 
0.407265 0.094198 0.160115 0.609325 
0.381614 0.073397 0.213661 0.534617 
0.370518 0.080997 0.166771 0.591107 
0.373850 0.086748 0.194010 0.636827 
0.383026 0.096739 0.174269 0.630315 
0.365443 0.081528 0.193453 0.572160 
0.372666 0.086070 0.157592 0.625497 
0.388533 0.094844 0.195538 0.708297 
0.363874 0.079461 0.187903 0.590135 
0.383367 0.089979 0.172625 0.616360 
0.373567 0.081915 0.180258 0.572094 
0.383206 0.095090 0.162504 0.624907 
0.380215 0.092935 0.143267 0.601081 
0.364599 0.081344 0.177866 0.595789 
0.335326 0.072027 0.159288 0.466698 
0.360467 0.088480 0.156226 0.531705 
0.344207 0.078758 0.152482 0.532523 
0.352154 0.082143 0.149115 0.546906 
0.374267 0.099680 0.152031 0.609499 
0.392677 0.099768 0.146536 0.607638 
0.363146 0.082273 0.184434 0.562440 
0.362647 0.086317 0.159851 0.549216 
0.418936 0.110923 0.134127 0.660115 
0.362726 0.092200 0.147222 0.576750 
0.352677 0.083538 0.148388 0.551717 
0.365104 0.086487 0.156023 0.564484 
0.353405 0.088674 0.146460 0.548949 
0.412881 0.092686 0.174564 0.644811 
0.413496 0.087172 0.202084 0.660051 
0.417861 0.094830 0.189001 0.647965 
0.415290 0.100246 0.167777 0.659208 
0.416078 0.088106 0.210817 0.628694 
0.416615 0.096527 0.179307 0.644505 
0.409009 0.088676 0.211304 0.629922 
0.414895 0.096977 0.206095 0.628331 
0.405234 0.089025 0.162564 0.653915 
0.398128 0.087893 0.194208 0.645404 
0.406993 0.086105 0.181256 0.623936 
0.420908 0.094326 0.205779 0.624568 
0.409799 0.093023 0.194551 0.646181 
0.417169 0.080137 0.214286 0.635004 
0.411175 0.083118 0.212902 0.631583 
0.414303 0.080263 0.211035 0.607101 
0.410955 0.076661 0.220920 0.570655 
0.437862 0.087112 0.221443 0.692134 
0.427387 0.090492 0.198505 0.633725 
0.414458 0.084730 0.212425 0.630305 
0.426729 0.082717 0.218882 0.639099 
0.418593 0.080017 0.238447 0.620205 
0.421270 0.082578 0.224590 0.630207 
0.426045 0.090068 0.229437 0.646515 
0.404498 0.069923 0.234853 0.574265 
0.440613 0.095976 0.213278 0.666474 
0.410131 0.082860 0.202893 0.601360 
0.341639 0.057308 0.188638 0.489691 
0.345471 0.064916 0.186910 0.492233 
0.358094 0.065833 0.180997 0.505263 
0.365059 0.075212 0.183873 0.557048 
0.363696 0.078950 0.180812 0.587065 
0.353200 0.072115 0.178533 0.542375 
0.337417 0.061306 0.186171 0.494775 
0.340887 0.066697 0.178110 0.518244 
0.337085 0.058447 0.196584 0.501093 
0.367625 0.073348 0.180586 0.597083 
0.344235 0.062402 0.183349 0.481566 
0.350123 0.069218 0.177104 0.496364 
0.353941 0.068369 0.198446 0.510958 
