0.402659 0.077055 0.000000 0.626745 
0.400600 0.070377 0.000000 0.589878 
0.372620 0.063926 0.000000 0.565263 
0.401951 0.066149 0.000000 0.634128 
0.372443 0.070801 0.000000 0.587048 
0.408369 0.077170 0.000000 0.656001 
0.360034 0.063646 0.000000 0.553382 
0.368974 0.066517 0.000000 0.555830 
0.375235 0.059996 0.000000 0.569281 
0.388610 0.064533 0.000000 0.622256 
0.364115 0.061833 0.000000 0.569216 
0.383699 0.064377 0.000000 0.590317 
0.405305 0.082434 0.000000 0.612905 
0.471732 0.089851 0.000000 0.688840 
0.443455 0.087560 0.000000 0.669334 
0.461927 0.092376 0.000000 0.662551 
0.454471 0.087117 0.000000 0.698436 
0.458422 0.091102 0.000000 0.690548 
0.466823 0.094020 0.000000 0.681109 
0.453584 0.086083 0.000000 0.653003 
0.482588 0.101915 0.000000 0.735812 
0.467830 0.093993 0.000000 0.704953 
0.461368 0.092790 0.000000 0.715474 
0.463976 0.090948 0.000000 0.701007 
0.461165 0.087057 0.000000 0.677189 
0.442130 0.083199 0.000000 0.659846 
0.434714 0.075439 0.000000 0.618284 
0.429071 0.063481 0.000000 0.616813 
0.410716 0.072260 0.000000 0.642511 
0.475578 0.079292 0.000000 0.639631 
0.483335 0.081234 0.000000 0.684929 
0.468513 0.075738 0.000000 0.652490 
0.429026 0.065708 0.000000 0.619257 
0.412906 0.066351 0.000000 0.589211 
0.451983 0.080417 0.000000 0.695961 
0.428073 0.068371 0.000000 0.639023 
0.432389 0.070754 0.000000 0.621220 
0.393559 0.078024 0.000000 0.605811 
0.417853 0.083757 0.000000 0.651761 
0.436045 0.095456 0.000000 0.678918 
0.424475 0.089110 0.000000 0.642024 
0.407437 0.073200 0.000000 0.594373 
0.421807 0.083377 0.000000 0.617158 
0.409997 0.082338 0.000000 0.642505 
0.440320 0.100861 0.000000 0.653563 
0.427612 0.085250 0.000000 0.631728 
0.414771 0.086267 0.000000 0.586846 
0.446231 0.100992 0.000000 0.665480 
0.439232 0.098781 0.000000 0.678531 
0.419106 0.086455 0.000000 0.647082 
0.418787 0.088230 0.000000 0.637476 
0.411959 0.084792 0.000000 0.633677 
0.412713 0.079564 0.000000 0.577284 
0.411012 0.083338 0.000000 0.618166 
0.391154 0.074196 0.000000 0.585785 
0.408460 0.084489 0.000000 0.620205 
0.423515 0.090074 0.000000 0.665810 
0.419005 0.075749 0.000000 0.584363 
0.406242 0.079825 0.000000 0.590811 
0.400943 0.075165 0.000000 0.594411 
0.482942 0.113367 0.000000 0.732663 
0.492458 0.113357 0.000000 0.765386 
0.473772 0.106382 0.000000 0.761602 
0.485914 0.108659 0.000000 0.731703 
0.484942 0.110920 0.000000 0.722507 
0.474235 0.113575 0.000000 0.734530 
0.481452 0.117306 0.000000 0.730243 
0.466474 0.106709 0.000000 0.724341 
0.501544 0.116120 0.000000 0.759355 
0.481610 0.111680 0.000000 0.760896 
0.424392 0.083403 0.000000 0.643002 
0.407051 0.071917 0.000000 0.570291 
0.407993 0.068822 0.000000 0.549494 
0.391454 0.055518 0.000000 0.561472 
0.402301 0.063085 0.000000 0.584659 
0.428164 0.079534 0.000000 0.587515 
0.388535 0.069497 0.000000 0.578751 
0.407439 0.076706 0.000000 0.563212 
0.428590 0.076174 0.000000 0.605008 
0.407887 0.070314 0.000000 0.584838 
0.403755 0.067790 0.000000 0.547812 
0.408587 0.080593 0.000000 0.576993 
0.401783 0.067237 0.000000 0.542442 
0.415845 0.076681 0.000000 0.600627 
0.385927 0.066986 0.000000 0.554455 
0.408631 0.072921 0.000000 0.626293 
0.404573 0.063588 0.000000 0.546764 
0.390997 0.064517 0.000000 0.545065 
0.405074 0.071372 0.000000 0.564836 
0.389016 0.059108 0.000000 0.536034 
0.415108 0.070663 0.000000 0.592442 
0.429073 0.079427 0.000000 0.639734 
0.398205 0.063459 0.000000 0.560311 
0.410651 0.069384 0.000000 0.607818 
0.414903 0.072307 0.000000 0.594468 
0.441634 0.088685 0.000000 0.687613 
0.414431 0.070880 0.000000 0.570914 
0.438395 0.092417 0.000000 0.653254 
0.439343 0.078632 0.000000 0.654505 
0.406600 0.068566 0.000000 0.580872 
0.470685 0.093033 0.000000 0.655909 
0.472724 0.106595 0.000000 0.713652 
0.417037 0.069914 0.000000 0.604660 
0.423739 0.065863 0.000000 0.618765 
0.470474 0.105015 0.000000 0.696342 
0.455020 0.090866 0.000000 0.687312 
0.449840 0.080408 0.000000 0.622611 
0.419402 0.070514 0.000000 0.647535 
0.445408 0.083748 0.000000 0.648718 
0.445462 0.078482 0.000000 0.638622 
0.437704 0.081517 0.000000 0.621734 
0.451931 0.085737 0.000000 0.612559 
0.458080 0.088771 0.000000 0.660292 
0.454854 0.087525 0.000000 0.639894 
0.414216 0.092107 0.000000 0.596575 
0.312055 0.114498 0.000000 0.535289 
0.422026 0.088347 0.000000 0.613190 
0.396166 0.064709 0.000000 0.557967 
0.393343 0.079057 0.000000 0.557041 
0.409031 0.087202 0.000000 0.591156 
0.370577 0.100299 0.000000 0.635119 
0.387173 0.073676 0.000000 0.581803 
0.380315 0.057031 0.000000 0.528457 
0.386113 0.070561 0.000000 0.545986 
0.377296 0.058442 0.000000 0.526518 
0.337624 0.086983 0.000000 0.515389 
0.403633 0.102265 0.000000 0.653067 
0.432104 0.096244 0.000000 0.658840 
0.418874 0.078583 0.000000 0.593696 
0.429843 0.092281 0.000000 0.655126 
0.414027 0.079121 0.000000 0.584349 
0.420923 0.086427 0.000000 0.633714 
0.430885 0.086453 0.000000 0.637814 
0.427932 0.094890 0.000000 0.633254 
0.421640 0.092124 0.000000 0.614751 
0.454131 0.105842 0.000000 0.687809 
0.413682 0.075331 0.000000 0.569678 
0.420105 0.078546 0.000000 0.585372 
0.430837 0.079420 0.000000 0.619627 
0.382815 0.070561 0.000000 0.548966 
0.387668 0.067491 0.000000 0.532680 
0.394502 0.087284 0.000000 0.613017 
0.395091 0.081918 0.000000 0.590733 
0.400731 0.074810 0.000000 0.585459 
0.434685 0.103198 0.000000 0.676447 
0.411386 0.092017 0.000000 0.633697 
0.403862 0.096408 0.000000 0.591888 
0.466972 0.104287 0.000000 0.703137 
0.412187 0.091224 0.000000 0.633393 
0.395400 0.075159 0.000000 0.547790 
0.417035 0.094742 0.000000 0.644273 
0.413378 0.099963 0.000000 0.641584 
0.432079 0.068206 0.000000 0.589727 
0.423098 0.071510 0.000000 0.623433 
0.389443 0.059499 0.000000 0.541238 
0.393894 0.061825 0.000000 0.587755 
0.420160 0.074090 0.000000 0.605187 
0.404889 0.065664 0.000000 0.605777 
0.411089 0.066724 0.000000 0.584823 
0.407953 0.069964 0.000000 0.605162 
0.410095 0.068504 0.000000 0.587717 
0.396295 0.055669 0.000000 0.531777 
0.386014 0.067229 0.000000 0.591122 
0.441636 0.065231 0.000000 0.599049 
0.436826 0.066053 0.000000 0.606581 
0.482858 0.113155 0.000000 0.688962 
0.484921 0.116367 0.000000 0.745496 
0.465848 0.099977 0.000000 0.710093 
0.474886 0.110605 0.000000 0.673053 
0.489994 0.109378 0.000000 0.709468 
0.491323 0.107553 0.000000 0.718315 
0.488058 0.114192 0.000000 0.749601 
0.497200 0.115729 0.000000 0.707823 
0.492353 0.130867 0.000000 0.749918 
0.478673 0.107931 0.000000 0.708527 
0.483616 0.109614 0.000000 0.698901 
0.465684 0.107421 0.000000 0.694294 
0.493302 0.116058 0.000000 0.779549 
0.482383 0.120682 0.000000 0.718349 
0.422607 0.079283 0.000000 0.619335 
0.410640 0.074431 0.000000 0.581158 
0.416062 0.079737 0.000000 0.617099 
0.435116 0.094767 0.000000 0.656256 
0.428259 0.075593 0.000000 0.622246 
0.420855 0.087795 0.000000 0.668929 
0.423082 0.085889 0.000000 0.654033 
0.431245 0.092699 0.000000 0.643001 
0.402690 0.074192 0.000000 0.599780 
0.431508 0.091020 0.000000 0.650430 
0.419896 0.089291 0.000000 0.617487 
0.424966 0.090204 0.000000 0.676915 
0.426994 0.083729 0.000000 0.610423 
