0.408781 0.087188 0.000000 0.596007 
0.422195 0.089709 0.000000 0.610765 
0.432422 0.090218 0.000000 0.638011 
0.420091 0.084797 0.000000 0.607428 
0.416224 0.078715 0.000000 0.632845 
0.414665 0.090142 0.000000 0.634857 
0.435272 0.082351 0.000000 0.637808 
0.436436 0.088477 0.000000 0.651582 
0.450358 0.093878 0.000000 0.679058 
0.424326 0.083685 0.000000 0.631376 
0.418152 0.081878 0.000000 0.633014 
0.431615 0.090756 0.000000 0.655996 
0.422377 0.092738 0.000000 0.618233 
0.471544 0.108050 0.000000 0.693202 
0.425363 0.092891 0.000000 0.639775 
0.462502 0.100679 0.000000 0.699942 
0.446788 0.089405 0.000000 0.659526 
0.445144 0.091288 0.000000 0.637069 
0.467496 0.115213 0.000000 0.692919 
0.424155 0.091284 0.000000 0.631364 
0.455943 0.105494 0.000000 0.668115 
0.481049 0.126898 0.000000 0.744812 
0.437681 0.094216 0.000000 0.650596 
0.450856 0.096972 0.000000 0.686535 
0.441102 0.095420 0.000000 0.666773 
0.440266 0.104894 0.000000 0.654924 
0.410305 0.081771 0.000000 0.659041 
0.419075 0.081725 0.000000 0.636746 
0.421954 0.084061 0.000000 0.647588 
0.426909 0.090310 0.000000 0.676351 
0.441958 0.097376 0.000000 0.748114 
0.442078 0.081328 0.000000 0.668977 
0.409439 0.078384 0.000000 0.645732 
0.421428 0.102945 0.000000 0.658280 
0.429870 0.097327 0.000000 0.734935 
0.418286 0.080382 0.000000 0.631001 
0.416033 0.076876 0.000000 0.635694 
0.427109 0.085608 0.000000 0.647335 
0.414062 0.091389 0.000000 0.620017 
0.419283 0.097256 0.000000 0.636879 
0.419338 0.085998 0.000000 0.632331 
0.399240 0.080541 0.000000 0.615970 
0.422592 0.093545 0.000000 0.619330 
0.420420 0.101793 0.000000 0.672674 
0.399438 0.086750 0.000000 0.611203 
0.415462 0.089341 0.000000 0.648861 
0.405181 0.087518 0.000000 0.610402 
0.396402 0.084715 0.000000 0.599408 
0.405381 0.093259 0.000000 0.609424 
0.463502 0.096309 0.000000 0.712728 
0.394822 0.072938 0.000000 0.575991 
0.439437 0.105964 0.000000 0.659822 
0.434402 0.091082 0.000000 0.707994 
0.424879 0.076954 0.000000 0.640242 
0.431984 0.091618 0.000000 0.623122 
0.413046 0.085498 0.000000 0.593675 
0.409798 0.077240 0.000000 0.603174 
0.405368 0.075055 0.000000 0.606321 
0.415380 0.082120 0.000000 0.604937 
0.422477 0.076545 0.000000 0.627286 
0.389205 0.088780 0.000000 0.613351 
0.410335 0.081288 0.000000 0.640342 
0.418651 0.089492 0.000000 0.674086 
0.389181 0.096106 0.000000 0.594178 
0.418593 0.079946 0.000000 0.642441 
0.392973 0.090865 0.000000 0.648249 
0.415739 0.085901 0.000000 0.659053 
0.418538 0.111517 0.000000 0.750552 
0.416260 0.090254 0.000000 0.663159 
0.413710 0.096652 0.000000 0.659263 
0.411432 0.063441 0.000000 0.564804 
0.410325 0.065985 0.000000 0.576586 
0.410695 0.068578 0.000000 0.594439 
0.410364 0.061665 0.000000 0.559532 
0.422799 0.066314 0.000000 0.633081 
0.419732 0.067842 0.000000 0.596972 
0.391776 0.063823 0.000000 0.564709 
0.408174 0.066782 0.000000 0.600763 
0.415408 0.076460 0.000000 0.574973 
0.415665 0.057499 0.000000 0.560548 
0.409028 0.071099 0.000000 0.581823 
0.401250 0.066429 0.000000 0.580160 
0.400347 0.053192 0.000000 0.546963 
0.403808 0.062813 0.000000 0.585896 
0.401433 0.065029 0.000000 0.579813 
0.418530 0.066392 0.000000 0.571283 
0.380125 0.069981 0.000000 0.621969 
0.404011 0.068335 0.000000 0.603921 
0.391639 0.086348 0.000000 0.672211 
0.396295 0.076491 0.000000 0.647516 
0.407408 0.073375 0.000000 0.663547 
0.401009 0.091399 0.000000 0.658266 
0.392247 0.075784 0.000000 0.615169 
0.426322 0.090042 0.000000 0.703528 
0.398074 0.087086 0.000000 0.683163 
0.410997 0.098107 0.000000 0.689547 
0.397245 0.072264 0.000000 0.643110 
0.396784 0.085836 0.000000 0.660018 
0.434520 0.077046 0.000000 0.712051 
0.414475 0.073850 0.000000 0.641922 
0.424374 0.074888 0.000000 0.674692 
0.418454 0.081201 0.000000 0.602149 
0.387233 0.071049 0.000000 0.590611 
0.377021 0.059259 0.000000 0.568435 
0.379984 0.071305 0.000000 0.592520 
0.423757 0.081765 0.000000 0.621467 
0.406202 0.075155 0.000000 0.582036 
0.391514 0.061547 0.000000 0.586187 
0.400495 0.070882 0.000000 0.653389 
0.404890 0.066428 0.000000 0.634296 
0.384731 0.072466 0.000000 0.582525 
0.404541 0.070468 0.000000 0.582868 
0.382681 0.067381 0.000000 0.542928 
0.425235 0.082192 0.000000 0.590098 
0.411561 0.088249 0.000000 0.642801 
0.402862 0.143149 0.000000 0.731142 
0.423974 0.084108 0.000000 0.649531 
0.451033 0.109342 0.000000 0.804401 
0.448129 0.114728 0.000000 0.811995 
0.425126 0.087555 0.000000 0.672176 
0.425676 0.107571 0.000000 0.733908 
0.404700 0.101808 0.000000 0.665084 
0.437649 0.094309 0.000000 0.754767 
0.431311 0.100090 0.000000 0.709879 
0.424334 0.089631 0.000000 0.643803 
0.443021 0.114378 0.000000 0.727678 
0.415607 0.085009 0.000000 0.642234 
0.404508 0.088913 0.000000 0.622136 
0.424021 0.095747 0.000000 0.665708 
0.417115 0.094298 0.000000 0.730956 
0.422249 0.085375 0.000000 0.626014 
0.405915 0.092630 0.000000 0.622435 
0.415850 0.101715 0.000000 0.708550 
0.420542 0.102980 0.000000 0.726057 
0.420527 0.105397 0.000000 0.723195 
0.417641 0.114726 0.000000 0.754991 
0.403944 0.091274 0.000000 0.643480 
0.414189 0.101484 0.000000 0.694866 
0.400972 0.099223 0.000000 0.683518 
0.408575 0.085274 0.000000 0.629768 
0.419146 0.086726 0.000000 0.661193 
0.430839 0.098540 0.000000 0.639016 
0.418175 0.090384 0.000000 0.623402 
0.443546 0.101262 0.000000 0.781472 
0.451615 0.098744 0.000000 0.728356 
0.436748 0.097635 0.000000 0.651319 
0.417606 0.090672 0.000000 0.622360 
0.474756 0.109777 0.000000 0.721028 
0.424869 0.090631 0.000000 0.715608 
0.416803 0.081210 0.000000 0.640408 
0.419500 0.088991 0.000000 0.616733 
0.413270 0.104515 0.000000 0.757671 
0.463782 0.095907 0.000000 0.703174 
0.402555 0.079217 0.000000 0.615273 
0.447256 0.083401 0.000000 0.676313 
0.422330 0.086014 0.000000 0.683631 
0.463902 0.104003 0.000000 0.753871 
0.432681 0.071012 0.000000 0.648935 
0.430880 0.082223 0.000000 0.652885 
0.429759 0.081972 0.000000 0.643926 
0.427989 0.083244 0.000000 0.638555 
0.429969 0.077657 0.000000 0.727464 
0.439045 0.080658 0.000000 0.623212 
0.459534 0.083209 0.000000 0.684997 
0.450271 0.085846 0.000000 0.737461 
0.479023 0.091593 0.000000 0.714853 
0.477253 0.094615 0.000000 0.685046 
0.475832 0.077721 0.000000 0.651936 
0.481060 0.082596 0.000000 0.650729 
0.495727 0.076341 0.000000 0.699248 
0.493816 0.071532 0.000000 0.628577 
0.484441 0.080750 0.000000 0.663542 
0.507583 0.094512 0.000000 0.706898 
0.484899 0.090830 0.000000 0.727363 
0.485431 0.078220 0.000000 0.675707 
0.495662 0.093242 0.000000 0.729320 
0.476884 0.086178 0.000000 0.676189 
0.496851 0.098254 0.000000 0.710452 
0.481515 0.083452 0.000000 0.692003 
0.406903 0.111000 0.000000 0.678548 
0.425679 0.111482 0.000000 0.701851 
0.437062 0.118261 0.000000 0.740885 
0.408801 0.094993 0.000000 0.629992 
0.417780 0.095664 0.000000 0.619371 
0.437993 0.124170 0.000000 0.744434 
0.426327 0.110502 0.000000 0.668666 
0.435886 0.102618 0.000000 0.667540 
0.405815 0.089127 0.000000 0.603597 
0.423241 0.124735 0.000000 0.722792 
0.428114 0.128591 0.000000 0.742485 
0.421102 0.090207 0.000000 0.619220 
0.429118 0.111182 0.000000 0.675609 
