0.533221 0.137152 0.150909 0.820167 
0.515890 0.133630 0.113801 0.804020 
0.529703 0.128452 0.179287 0.805438 
0.534449 0.139404 0.138608 0.831218 
0.536349 0.139125 0.133788 0.898638 
0.538911 0.142215 0.174336 0.828838 
0.517317 0.132311 0.166999 0.804890 
0.513083 0.127908 0.148990 0.757484 
0.507673 0.124931 0.184445 0.769677 
0.526406 0.134062 0.176193 0.829732 
0.518138 0.125599 0.189440 0.784209 
0.502705 0.134747 0.183635 0.814163 
0.532717 0.126791 0.159288 0.788723 
0.554805 0.130187 0.185835 0.807195 
0.545933 0.133636 0.166995 0.798952 
0.538772 0.126889 0.194764 0.779093 
0.541015 0.129121 0.186114 0.791394 
0.536424 0.122769 0.210934 0.777357 
0.553277 0.134843 0.194633 0.813831 
0.540486 0.131145 0.177030 0.797827 
0.545370 0.133246 0.165772 0.805467 
0.543570 0.125558 0.205328 0.785333 
0.539064 0.126597 0.179619 0.770386 
0.543058 0.128470 0.160572 0.809411 
0.540232 0.123879 0.181380 0.789399 
0.529518 0.122530 0.190427 0.768170 
0.505083 0.122938 0.221397 0.775052 
0.530052 0.131368 0.230198 0.813842 
0.516648 0.126401 0.247455 0.795075 
0.553260 0.132219 0.226174 0.822864 
0.547943 0.132935 0.226551 0.834531 
0.546579 0.132221 0.198939 0.796132 
0.532185 0.131202 0.220880 0.808673 
0.513876 0.127371 0.242926 0.792628 
0.544776 0.137021 0.198846 0.853464 
0.529390 0.130598 0.229922 0.800794 
0.521894 0.128759 0.227248 0.786499 
0.505338 0.126493 0.204220 0.784661 
0.497828 0.118546 0.214602 0.747791 
0.511057 0.132376 0.206061 0.786817 
0.498100 0.121492 0.196587 0.746859 
0.501111 0.122750 0.207463 0.764349 
0.518784 0.129298 0.212780 0.815570 
0.500522 0.120267 0.214590 0.786374 
0.514319 0.125875 0.211727 0.776599 
0.502738 0.123078 0.211772 0.761198 
0.500154 0.124123 0.193225 0.749741 
0.510177 0.129471 0.198041 0.769145 
0.501629 0.115886 0.212941 0.731269 
0.465645 0.127888 0.161031 0.767488 
0.441553 0.116056 0.159644 0.746828 
0.451476 0.119742 0.142009 0.754755 
0.439122 0.123466 0.174779 0.724450 
0.445720 0.115811 0.166443 0.748400 
0.457077 0.124295 0.164943 0.777785 
0.442193 0.115484 0.167598 0.724799 
0.444981 0.118183 0.163465 0.760567 
0.462428 0.123053 0.173434 0.759527 
0.439188 0.117420 0.195228 0.750130 
0.452276 0.118147 0.141257 0.745673 
0.519174 0.124376 0.214990 0.785755 
0.534478 0.125979 0.218121 0.783619 
0.509684 0.118943 0.223908 0.753055 
0.523994 0.128068 0.216361 0.797137 
0.541293 0.133229 0.233519 0.853070 
0.514393 0.123553 0.217485 0.778516 
0.513353 0.126317 0.216474 0.778932 
0.519457 0.128377 0.208094 0.802258 
0.546444 0.128284 0.214448 0.804253 
0.542807 0.138329 0.199288 0.835285 
0.514357 0.126850 0.173184 0.814657 
0.510876 0.122397 0.200881 0.788106 
0.514818 0.127904 0.210767 0.796789 
0.513625 0.123474 0.176637 0.814063 
0.513817 0.122630 0.188864 0.776864 
0.534307 0.129836 0.177539 0.796704 
0.499490 0.116868 0.199868 0.776763 
0.516277 0.130066 0.180907 0.838121 
0.505507 0.120374 0.192624 0.789654 
0.506794 0.122018 0.187625 0.771092 
0.509065 0.124566 0.184097 0.828264 
0.501971 0.121550 0.190414 0.783347 
0.519542 0.128824 0.191655 0.783192 
0.513001 0.128870 0.185960 0.806587 
0.496369 0.116838 0.192398 0.772192 
0.515459 0.129400 0.191081 0.791313 
0.513621 0.124649 0.188175 0.795495 
0.519731 0.133029 0.148064 0.806856 
0.518628 0.130436 0.186651 0.814020 
0.524401 0.135512 0.179548 0.823306 
0.527914 0.135028 0.161644 0.837345 
0.535835 0.133974 0.172515 0.828030 
0.522200 0.136143 0.201329 0.829969 
0.535077 0.133962 0.192242 0.826249 
0.522473 0.134065 0.187992 0.817790 
0.520425 0.137759 0.178067 0.842341 
0.524362 0.136764 0.213083 0.834963 
0.525075 0.130648 0.202927 0.813865 
0.537588 0.137228 0.175499 0.822712 
0.523057 0.134474 0.179390 0.824637 
0.476494 0.117831 0.174536 0.739034 
0.482192 0.118792 0.169730 0.734313 
0.483316 0.122580 0.154097 0.736153 
0.476644 0.123240 0.176807 0.804112 
0.481324 0.128540 0.163347 0.780708 
0.494008 0.129931 0.175573 0.792475 
0.488071 0.125382 0.164077 0.732918 
0.490312 0.122792 0.188151 0.794971 
0.486637 0.124128 0.145356 0.751094 
0.481833 0.123193 0.177155 0.768896 
0.459181 0.116443 0.175520 0.707060 
0.469875 0.116851 0.154680 0.752845 
0.468236 0.117345 0.174680 0.730098 
0.485200 0.122146 0.151166 0.745027 
0.504708 0.123351 0.150728 0.783859 
0.510736 0.126355 0.213241 0.799895 
0.508979 0.123815 0.203684 0.791778 
0.507159 0.127483 0.173946 0.827441 
0.500575 0.121888 0.190716 0.794745 
0.509011 0.126412 0.191483 0.812875 
0.511011 0.129160 0.198346 0.818345 
0.507814 0.130528 0.166782 0.822211 
0.493342 0.128101 0.197393 0.773098 
0.509498 0.135203 0.176252 0.823681 
0.510468 0.129120 0.210336 0.806423 
0.512446 0.129609 0.174364 0.812781 
0.501448 0.122169 0.203301 0.808459 
0.480373 0.123284 0.180271 0.791020 
0.479782 0.117084 0.197354 0.751529 
0.487164 0.120029 0.151958 0.766192 
0.485891 0.117854 0.194401 0.777745 
0.483794 0.122951 0.201264 0.788678 
0.484490 0.119150 0.181499 0.782459 
0.482975 0.122588 0.204494 0.809503 
0.478080 0.118766 0.183404 0.742809 
0.483100 0.119059 0.204203 0.781112 
0.475467 0.115311 0.203209 0.743038 
0.484537 0.120385 0.178463 0.753483 
0.478805 0.117452 0.197511 0.749101 
0.469609 0.118407 0.192164 0.766431 
0.475335 0.120117 0.204892 0.781567 
0.475231 0.121201 0.204863 0.807629 
0.479389 0.123653 0.177073 0.795663 
0.480154 0.123517 0.195744 0.813419 
0.510341 0.133500 0.184741 0.825006 
0.483313 0.126059 0.188120 0.809125 
0.488332 0.125163 0.190508 0.807896 
0.524829 0.137000 0.173246 0.843605 
0.493246 0.125452 0.206736 0.813131 
0.474002 0.122644 0.173060 0.773870 
0.485041 0.127944 0.177774 0.799077 
0.467261 0.118632 0.192486 0.765415 
0.522321 0.132588 0.189619 0.779487 
0.502032 0.120885 0.195808 0.738625 
0.510614 0.121305 0.199264 0.768882 
0.497781 0.120401 0.171594 0.743864 
0.522566 0.122879 0.178200 0.767115 
0.498601 0.114034 0.187485 0.738788 
0.513126 0.129017 0.194931 0.795440 
0.502969 0.120564 0.193727 0.769565 
0.511856 0.129268 0.214953 0.788569 
0.500028 0.118939 0.190683 0.760957 
0.513027 0.128508 0.184530 0.792264 
0.513250 0.122221 0.189643 0.759722 
0.506188 0.120005 0.203698 0.750294 
0.493151 0.115365 0.213592 0.791494 
0.491706 0.118181 0.175679 0.793092 
0.511727 0.128497 0.161594 0.813194 
0.509469 0.124399 0.170930 0.822167 
0.520520 0.125265 0.192273 0.829113 
0.522865 0.132476 0.137825 0.843048 
0.506528 0.123159 0.201756 0.813634 
0.521825 0.124558 0.206060 0.826316 
0.497552 0.121044 0.151761 0.817895 
0.505279 0.124586 0.165073 0.812460 
0.508272 0.124020 0.148911 0.845224 
0.499289 0.128054 0.152892 0.822661 
0.524816 0.129205 0.188547 0.815656 
0.494328 0.116797 0.191290 0.809681 
0.462146 0.120883 0.154625 0.790057 
0.462592 0.110402 0.173297 0.800873 
0.465076 0.118861 0.158818 0.850321 
0.463211 0.110332 0.164037 0.822027 
0.472421 0.120201 0.166160 0.812841 
0.466039 0.119661 0.159113 0.810762 
0.449431 0.115619 0.171557 0.758195 
0.465579 0.119950 0.176978 0.802820 
0.454568 0.114415 0.178888 0.788963 
0.459934 0.112960 0.172969 0.790713 
0.466359 0.115883 0.144711 0.761459 
0.463278 0.113203 0.167511 0.777752 
0.473628 0.121077 0.168470 0.801505 
