0.319924 0.055115 0.178001 0.509855 
0.352340 0.065143 0.171304 0.553515 
0.351057 0.060677 0.181365 0.527441 
0.329799 0.056524 0.190864 0.540405 
0.329127 0.058112 0.195816 0.509048 
0.326197 0.055893 0.189228 0.527485 
0.307610 0.047807 0.192199 0.501892 
0.320537 0.054893 0.191273 0.492170 
0.326717 0.052066 0.201719 0.521852 
0.342163 0.060042 0.186945 0.517387 
0.323978 0.057217 0.187302 0.510482 
0.328005 0.055762 0.196321 0.502721 
0.334912 0.055487 0.202694 0.558396 
0.316020 0.057412 0.172678 0.568906 
0.293284 0.057875 0.147012 0.532531 
0.320189 0.062484 0.122696 0.524212 
0.327756 0.064588 0.155550 0.579615 
0.300556 0.060514 0.109663 0.531684 
0.330079 0.072709 0.108949 0.577629 
0.300652 0.060664 0.122108 0.537208 
0.339788 0.072663 0.100003 0.583333 
0.331066 0.067756 0.122300 0.548682 
0.326270 0.063720 0.115754 0.539343 
0.306543 0.057139 0.172106 0.510440 
0.323543 0.069276 0.113869 0.521212 
0.330241 0.074105 0.121197 0.557934 
0.344527 0.081654 0.155002 0.579210 
0.353985 0.089495 0.132841 0.636741 
0.350649 0.086844 0.144056 0.608827 
0.384022 0.101939 0.152685 0.725959 
0.375240 0.086383 0.192324 0.622613 
0.375209 0.092724 0.148002 0.645631 
0.343884 0.082306 0.135291 0.609873 
0.341586 0.079792 0.140776 0.611634 
0.380759 0.092200 0.164766 0.639783 
0.352079 0.083061 0.132049 0.596622 
0.356152 0.083119 0.154605 0.565450 
0.246274 0.071865 0.043790 0.464843 
0.236001 0.071014 0.065788 0.457565 
0.265418 0.078389 0.077081 0.491989 
0.245072 0.075406 0.056941 0.466804 
0.228873 0.066843 0.070301 0.469646 
0.281555 0.079467 0.082054 0.534282 
0.237152 0.071752 0.060725 0.415568 
0.268003 0.080688 0.071164 0.480571 
0.246435 0.071624 0.075410 0.449100 
0.248971 0.069024 0.078873 0.469101 
0.262460 0.082625 0.051102 0.500195 
0.254869 0.071556 0.074889 0.467172 
0.283622 0.048943 0.151277 0.478201 
0.274300 0.045294 0.155230 0.460468 
0.287605 0.046246 0.159481 0.484290 
0.279093 0.041539 0.171302 0.455962 
0.273749 0.048526 0.153254 0.473262 
0.268861 0.045387 0.155067 0.456845 
0.282278 0.046143 0.161208 0.455964 
0.276618 0.044514 0.161887 0.490777 
0.285252 0.050510 0.143437 0.491900 
0.276197 0.047844 0.154772 0.471540 
0.275699 0.048430 0.143176 0.462340 
0.294307 0.060280 0.131480 0.520717 
0.315593 0.056744 0.161245 0.502796 
0.289833 0.055401 0.119523 0.490780 
0.302327 0.063641 0.137417 0.493144 
0.327441 0.067502 0.150642 0.548196 
0.309793 0.065615 0.150234 0.488906 
0.294571 0.056455 0.130548 0.476477 
0.294048 0.051448 0.136676 0.500123 
0.309065 0.060717 0.150759 0.533188 
0.315419 0.057975 0.142840 0.513869 
0.279378 0.053065 0.137985 0.475546 
0.273042 0.051425 0.144822 0.458261 
0.259058 0.052804 0.133305 0.457933 
0.265186 0.052478 0.131764 0.497412 
0.275611 0.054809 0.142356 0.471564 
0.289563 0.057249 0.137784 0.478080 
0.269923 0.053575 0.142255 0.480608 
0.272726 0.056662 0.122305 0.477500 
0.283567 0.056711 0.139260 0.499331 
0.252035 0.052242 0.119705 0.445640 
0.271744 0.051452 0.148704 0.480074 
0.268627 0.053463 0.151741 0.471874 
0.275128 0.051943 0.138781 0.462218 
0.266742 0.051117 0.153764 0.477598 
0.263235 0.047573 0.139701 0.447803 
0.258422 0.057849 0.133377 0.471372 
0.311446 0.047264 0.174390 0.463482 
0.295906 0.053304 0.169589 0.470255 
0.307623 0.056277 0.181013 0.513340 
0.302616 0.054639 0.148990 0.473612 
0.315461 0.057183 0.179018 0.495998 
0.324082 0.059867 0.182237 0.480754 
0.297840 0.052138 0.170000 0.484213 
0.331910 0.074593 0.161888 0.539950 
0.318934 0.060506 0.175433 0.499976 
0.321335 0.066489 0.185790 0.516886 
0.306843 0.048969 0.159947 0.489113 
0.335105 0.061426 0.198413 0.495802 
0.341696 0.062342 0.186229 0.520023 
0.305708 0.055455 0.158037 0.462810 
0.308945 0.067976 0.144939 0.505560 
0.291006 0.067622 0.151075 0.489771 
0.271452 0.054241 0.135078 0.472250 
0.292637 0.058175 0.149953 0.476762 
0.312193 0.066462 0.153992 0.530738 
0.314669 0.065380 0.117310 0.492910 
0.307125 0.061725 0.138926 0.489530 
0.306228 0.065262 0.136527 0.485988 
0.324276 0.074995 0.144689 0.561868 
0.306414 0.066640 0.126437 0.481542 
0.272827 0.056223 0.135463 0.487298 
0.289107 0.066857 0.128726 0.490772 
0.299243 0.057867 0.140396 0.466626 
0.314071 0.070720 0.137950 0.515913 
0.245456 0.051083 0.143196 0.454885 
0.253667 0.052829 0.131585 0.493586 
0.265409 0.054062 0.142291 0.491614 
0.271468 0.048814 0.160162 0.482536 
0.262817 0.050113 0.145079 0.460898 
0.291384 0.050458 0.159241 0.481774 
0.273958 0.055858 0.143567 0.503152 
0.279684 0.049545 0.152352 0.470907 
0.286860 0.051026 0.177581 0.462858 
0.288162 0.051307 0.149077 0.483801 
0.254363 0.047420 0.155785 0.471818 
0.268294 0.054553 0.142413 0.500749 
0.282220 0.050606 0.149657 0.501906 
0.301009 0.043102 0.165065 0.439917 
0.285705 0.039655 0.179753 0.435622 
0.307272 0.047502 0.178247 0.455911 
0.290740 0.040365 0.182993 0.432114 
0.305412 0.043486 0.169311 0.436348 
0.339948 0.058687 0.181537 0.533893 
0.313336 0.042275 0.194494 0.453248 
0.315669 0.047635 0.176111 0.451280 
0.317889 0.049039 0.187358 0.466090 
0.304555 0.046328 0.173911 0.449785 
0.303113 0.045479 0.186096 0.449172 
0.275735 0.041241 0.180889 0.446311 
0.287991 0.045882 0.169836 0.434918 
0.292528 0.041401 0.177697 0.440212 
0.297691 0.045598 0.161783 0.445756 
0.309533 0.053344 0.177156 0.488357 
0.321248 0.057220 0.181616 0.515850 
0.343004 0.071025 0.164281 0.563410 
0.313130 0.052199 0.180253 0.451115 
0.329022 0.062195 0.167221 0.496936 
0.369280 0.084655 0.151620 0.657669 
0.334522 0.068084 0.145103 0.556191 
0.299676 0.048806 0.162509 0.441707 
0.325558 0.060901 0.173867 0.493535 
0.298564 0.051986 0.162232 0.455370 
0.314795 0.059993 0.178659 0.468483 
0.296655 0.049223 0.175381 0.486936 
0.285976 0.052610 0.154360 0.483200 
0.295549 0.051354 0.182561 0.491398 
0.326177 0.057563 0.194092 0.504262 
0.307196 0.060523 0.176072 0.496091 
0.292336 0.046348 0.168917 0.500010 
0.296559 0.047594 0.182798 0.516252 
0.297950 0.048187 0.179039 0.490355 
0.295186 0.045160 0.176626 0.468234 
0.296147 0.056713 0.163835 0.496701 
0.315134 0.061414 0.179400 0.494204 
0.304835 0.049106 0.185439 0.492395 
0.300151 0.058093 0.143901 0.495899 
0.303802 0.052015 0.169538 0.515178 
0.312852 0.051926 0.154986 0.498675 
0.312006 0.052944 0.172051 0.538212 
0.315074 0.057947 0.163569 0.508970 
0.322668 0.053790 0.181190 0.528168 
0.312253 0.055802 0.134783 0.515198 
0.318028 0.053716 0.173629 0.541905 
0.318389 0.059092 0.171907 0.499417 
0.308953 0.058408 0.183975 0.549644 
0.321799 0.053291 0.179660 0.507266 
0.297983 0.052593 0.153911 0.529961 
0.338604 0.056665 0.174554 0.547471 
0.302974 0.050314 0.168677 0.460413 
0.225624 0.050176 0.119481 0.469262 
0.242101 0.055091 0.134503 0.440005 
0.266888 0.057956 0.129560 0.497048 
0.263398 0.046475 0.152783 0.470953 
0.272114 0.054965 0.118836 0.457201 
0.270403 0.055788 0.158158 0.466081 
0.257774 0.059262 0.124936 0.488377 
0.262764 0.050481 0.128213 0.433122 
0.234584 0.047915 0.112681 0.449881 
0.269540 0.047605 0.156655 0.454290 
0.245689 0.049334 0.111231 0.442567 
0.250954 0.047073 0.142327 0.443018 
0.246674 0.051952 0.116654 0.459787 
