0.609961 0.084959 0.000000 0.788906 
0.614288 0.093917 0.000000 0.778606 
0.574379 0.081746 0.000000 0.735795 
0.641030 0.082190 0.000000 0.813821 
0.626058 0.090110 0.000000 0.770752 
0.622220 0.084916 0.000000 0.797964 
0.579047 0.074176 0.000000 0.744227 
0.580432 0.078504 0.000000 0.741409 
0.584786 0.080227 0.000000 0.731041 
0.631581 0.089600 0.000000 0.822856 
0.591687 0.074271 0.000000 0.744323 
0.607255 0.089091 0.000000 0.775296 
0.622306 0.089227 0.000000 0.792854 
0.603116 0.089848 0.000000 0.775930 
0.576838 0.086434 0.000000 0.751082 
0.573975 0.083319 0.000000 0.737870 
0.573617 0.089853 0.000000 0.759358 
0.570313 0.084684 0.000000 0.755319 
0.597591 0.083180 0.000000 0.747639 
0.588777 0.080340 0.000000 0.762819 
0.628994 0.072317 0.000000 0.786031 
0.609031 0.083171 0.000000 0.768203 
0.568959 0.084248 0.000000 0.723899 
0.609597 0.100917 0.000000 0.785388 
0.614607 0.106291 0.000000 0.793625 
0.596094 0.078125 0.000000 0.759064 
0.624627 0.096719 0.000000 0.821895 
0.650670 0.074539 0.000000 0.765383 
0.650250 0.075937 0.000000 0.808762 
0.646529 0.080846 0.000000 0.815002 
0.682677 0.081709 0.000000 0.825756 
0.659669 0.081134 0.000000 0.806490 
0.651537 0.084536 0.000000 0.804491 
0.625999 0.079195 0.000000 0.779297 
0.664241 0.077492 0.000000 0.829572 
0.641835 0.079731 0.000000 0.808651 
0.623465 0.083143 0.000000 0.808349 
0.594705 0.090091 0.000000 0.786155 
0.580899 0.094233 0.000000 0.763661 
0.616734 0.090792 0.000000 0.809595 
0.583217 0.087567 0.000000 0.747135 
0.595853 0.086019 0.000000 0.764736 
0.595156 0.085136 0.000000 0.752290 
0.604848 0.090953 0.000000 0.796059 
0.595024 0.089949 0.000000 0.797881 
0.592934 0.088350 0.000000 0.786207 
0.567602 0.085085 0.000000 0.771583 
0.590468 0.092254 0.000000 0.784780 
0.592043 0.089651 0.000000 0.803769 
0.584805 0.078418 0.000000 0.742316 
0.554299 0.084473 0.000000 0.739857 
0.559818 0.071032 0.000000 0.753420 
0.542015 0.080703 0.000000 0.738794 
0.528560 0.060263 0.000000 0.653946 
0.539614 0.058074 0.000000 0.692145 
0.546834 0.077055 0.000000 0.705463 
0.553480 0.062161 0.000000 0.688365 
0.558706 0.069824 0.000000 0.693957 
0.566669 0.062826 0.000000 0.696721 
0.539040 0.072219 0.000000 0.710191 
0.590592 0.084512 0.000000 0.744704 
0.598185 0.087038 0.000000 0.755763 
0.575670 0.088857 0.000000 0.749512 
0.586089 0.086942 0.000000 0.770795 
0.590279 0.086224 0.000000 0.786873 
0.564638 0.082790 0.000000 0.724813 
0.592676 0.092011 0.000000 0.788259 
0.613803 0.093513 0.000000 0.784149 
0.594990 0.086284 0.000000 0.757387 
0.587534 0.081410 0.000000 0.750013 
0.577133 0.062453 0.000000 0.733625 
0.547448 0.066709 0.000000 0.709630 
0.568392 0.084213 0.000000 0.735346 
0.565774 0.066409 0.000000 0.719441 
0.583377 0.063760 0.000000 0.718857 
0.594328 0.069727 0.000000 0.743760 
0.571030 0.066728 0.000000 0.712969 
0.582980 0.083615 0.000000 0.756572 
0.586753 0.064712 0.000000 0.740636 
0.568783 0.068862 0.000000 0.706661 
0.577588 0.073980 0.000000 0.736572 
0.565885 0.079764 0.000000 0.745921 
0.569184 0.059524 0.000000 0.685289 
0.585292 0.070620 0.000000 0.717727 
0.552873 0.062413 0.000000 0.698368 
0.565497 0.077823 0.000000 0.769900 
0.589253 0.073732 0.000000 0.747426 
0.582803 0.089945 0.000000 0.740002 
0.592329 0.073850 0.000000 0.715117 
0.565138 0.083179 0.000000 0.746755 
0.609635 0.085217 0.000000 0.799886 
0.591739 0.076165 0.000000 0.773409 
0.564158 0.091639 0.000000 0.729104 
0.595328 0.092509 0.000000 0.759214 
0.606964 0.091807 0.000000 0.793440 
0.568672 0.104966 0.000000 0.785939 
0.595772 0.084962 0.000000 0.779838 
0.610359 0.064717 0.000000 0.721000 
0.638159 0.070736 0.000000 0.777889 
0.571497 0.086705 0.000000 0.742810 
0.618606 0.085874 0.000000 0.771366 
0.600396 0.097793 0.000000 0.807566 
0.549245 0.076698 0.000000 0.702377 
0.563233 0.082793 0.000000 0.735606 
0.593254 0.079409 0.000000 0.757204 
0.586481 0.084190 0.000000 0.753519 
0.568320 0.093727 0.000000 0.757387 
0.572230 0.078246 0.000000 0.739203 
0.598604 0.104987 0.000000 0.786009 
0.595787 0.091051 0.000000 0.764024 
0.554961 0.089750 0.000000 0.739351 
0.572792 0.088928 0.000000 0.752719 
0.558613 0.089086 0.000000 0.760881 
0.572675 0.097718 0.000000 0.764855 
0.570563 0.103741 0.000000 0.808708 
0.453137 0.218826 0.000000 0.770194 
0.604525 0.097514 0.000000 0.818006 
0.607112 0.106188 0.000000 0.816897 
0.599940 0.113382 0.000000 0.829926 
0.594556 0.094041 0.000000 0.804874 
0.566573 0.163952 0.000000 0.845679 
0.595209 0.099312 0.000000 0.811384 
0.532477 0.103464 0.000000 0.759164 
0.547364 0.118606 0.000000 0.769658 
0.574808 0.100625 0.000000 0.798730 
0.570425 0.169499 0.000000 0.828214 
0.605160 0.108492 0.000000 0.839968 
0.565308 0.087888 0.000000 0.766631 
0.512786 0.073291 0.000000 0.676384 
0.566830 0.078869 0.000000 0.718661 
0.523190 0.072200 0.000000 0.684537 
0.547215 0.081304 0.000000 0.746500 
0.565376 0.071463 0.000000 0.728287 
0.565029 0.071767 0.000000 0.702532 
0.570655 0.083761 0.000000 0.757780 
0.621280 0.088953 0.000000 0.816556 
0.535493 0.075943 0.000000 0.702946 
0.552722 0.063880 0.000000 0.678426 
0.552123 0.079899 0.000000 0.756062 
0.587918 0.100414 0.000000 0.742488 
0.573297 0.106496 0.000000 0.755599 
0.594658 0.103183 0.000000 0.801124 
0.594569 0.092440 0.000000 0.765368 
0.627758 0.105065 0.000000 0.813956 
0.629957 0.100761 0.000000 0.836342 
0.613102 0.095904 0.000000 0.776378 
0.599684 0.090971 0.000000 0.774433 
0.637594 0.099156 0.000000 0.806873 
0.588569 0.093558 0.000000 0.762116 
0.583408 0.082373 0.000000 0.746119 
0.602346 0.088636 0.000000 0.752339 
0.619584 0.101106 0.000000 0.840250 
0.639713 0.083673 0.000000 0.809139 
0.631946 0.076301 0.000000 0.813577 
0.594892 0.082283 0.000000 0.746583 
0.584770 0.085428 0.000000 0.743822 
0.602834 0.096083 0.000000 0.810832 
0.628845 0.081250 0.000000 0.798098 
0.587184 0.084622 0.000000 0.772620 
0.615587 0.089327 0.000000 0.780481 
0.622054 0.080611 0.000000 0.773169 
0.572098 0.063814 0.000000 0.703217 
0.602207 0.076404 0.000000 0.753183 
0.607698 0.075291 0.000000 0.795439 
0.631307 0.084357 0.000000 0.815194 
0.585090 0.092975 0.000000 0.760669 
0.595534 0.092181 0.000000 0.790783 
0.625221 0.077896 0.000000 0.812942 
0.595603 0.077735 0.000000 0.776737 
0.615537 0.085297 0.000000 0.803151 
0.624608 0.083324 0.000000 0.822117 
0.613441 0.085138 0.000000 0.814437 
0.630680 0.101553 0.000000 0.804133 
0.632907 0.094728 0.000000 0.791651 
0.607703 0.088305 0.000000 0.792018 
0.573238 0.085391 0.000000 0.746095 
0.622232 0.079542 0.000000 0.767971 
0.607883 0.104103 0.000000 0.794901 
0.627415 0.072253 0.000000 0.803486 
0.578911 0.077848 0.000000 0.735690 
0.560550 0.087870 0.000000 0.745582 
0.570382 0.081499 0.000000 0.720050 
0.549548 0.096540 0.000000 0.755665 
0.552143 0.068928 0.000000 0.729363 
0.600943 0.080992 0.000000 0.757321 
0.585156 0.081583 0.000000 0.781585 
0.533506 0.075449 0.000000 0.685028 
0.532585 0.083195 0.000000 0.733938 
0.606371 0.097937 0.000000 0.806912 
0.565358 0.100112 0.000000 0.775598 
0.529130 0.068069 0.000000 0.682865 
0.574975 0.094442 0.000000 0.760159 
