0.451754 0.077835 0.207386 0.689034 
0.429350 0.074561 0.172666 0.670531 
0.436375 0.073917 0.192164 0.671397 
0.446789 0.077574 0.153637 0.696099 
0.449911 0.076183 0.207904 0.696786 
0.452207 0.078444 0.174564 0.680325 
0.436883 0.075527 0.199712 0.669591 
0.447427 0.076006 0.178038 0.680660 
0.443967 0.073872 0.204744 0.701002 
0.452358 0.077984 0.216610 0.696965 
0.430187 0.072992 0.216350 0.677999 
0.432379 0.069892 0.176510 0.666300 
0.456695 0.078023 0.191122 0.722518 
0.485081 0.077298 0.148531 0.748229 
0.462965 0.070710 0.179341 0.725644 
0.462586 0.073354 0.158275 0.687075 
0.466348 0.070433 0.183751 0.746303 
0.468096 0.068420 0.189865 0.722779 
0.463122 0.072397 0.145105 0.692931 
0.484776 0.072593 0.180366 0.764128 
0.491511 0.077150 0.167850 0.753292 
0.474790 0.070474 0.133500 0.698487 
0.475764 0.074708 0.153858 0.739877 
0.489307 0.076045 0.186021 0.748141 
0.473945 0.070534 0.156891 0.738378 
0.459757 0.067555 0.194575 0.723032 
0.431065 0.071484 0.136953 0.636378 
0.442958 0.073804 0.185370 0.665510 
0.453262 0.082137 0.149911 0.666613 
0.481006 0.085070 0.149545 0.707308 
0.462987 0.079857 0.141457 0.693363 
0.482812 0.081514 0.154456 0.698269 
0.459314 0.081969 0.177742 0.691317 
0.423722 0.070125 0.133225 0.655974 
0.457899 0.076673 0.166779 0.674944 
0.461970 0.074874 0.160352 0.681913 
0.451917 0.079868 0.133157 0.677421 
0.430258 0.072340 0.149241 0.634656 
0.436358 0.083045 0.140947 0.686900 
0.425934 0.071722 0.153525 0.649220 
0.441567 0.078803 0.142791 0.684263 
0.435825 0.082161 0.152921 0.700148 
0.430406 0.076662 0.209686 0.692299 
0.436620 0.079503 0.130971 0.679201 
0.424952 0.076763 0.156046 0.662220 
0.430572 0.076309 0.200170 0.675955 
0.409276 0.072413 0.136392 0.639141 
0.435388 0.078092 0.131925 0.672413 
0.420506 0.074998 0.183002 0.647280 
0.435769 0.081694 0.166072 0.744432 
0.400011 0.077624 0.150297 0.708212 
0.440670 0.081717 0.153972 0.742324 
0.402569 0.064794 0.176160 0.600802 
0.422919 0.078615 0.136142 0.733101 
0.443112 0.078864 0.163052 0.735063 
0.413659 0.076742 0.159096 0.703197 
0.430465 0.081420 0.149976 0.737173 
0.432830 0.077144 0.167661 0.721098 
0.423049 0.079734 0.129316 0.715170 
0.457141 0.083598 0.129698 0.739696 
0.449150 0.075048 0.175931 0.691385 
0.465019 0.082471 0.197864 0.722762 
0.453884 0.078500 0.154272 0.689909 
0.456186 0.079598 0.239905 0.709883 
0.459609 0.081284 0.196955 0.703005 
0.453134 0.077637 0.222822 0.706599 
0.451118 0.078662 0.170538 0.686283 
0.459834 0.080266 0.207224 0.714582 
0.484087 0.088044 0.225223 0.750602 
0.451139 0.077507 0.172034 0.689440 
0.433349 0.068187 0.133771 0.679392 
0.438395 0.075151 0.130681 0.705892 
0.426259 0.073586 0.175748 0.666782 
0.441582 0.073178 0.131722 0.710650 
0.436611 0.074093 0.183341 0.709016 
0.437429 0.075268 0.159601 0.683081 
0.428210 0.072433 0.137882 0.644409 
0.429349 0.071706 0.159143 0.655692 
0.441265 0.069460 0.157386 0.698129 
0.422004 0.072189 0.194946 0.677702 
0.437414 0.073378 0.122285 0.660308 
0.429441 0.071228 0.169505 0.679526 
0.428477 0.070921 0.169043 0.707525 
0.430094 0.068960 0.172357 0.677885 
0.428203 0.067298 0.193988 0.715622 
0.434097 0.077567 0.157845 0.659963 
0.434981 0.065397 0.198894 0.726332 
0.432647 0.072451 0.146181 0.696527 
0.444272 0.069527 0.159888 0.712468 
0.437405 0.071170 0.170708 0.704557 
0.446204 0.076369 0.128953 0.703597 
0.457236 0.076869 0.174176 0.744654 
0.434781 0.069752 0.173049 0.714187 
0.449261 0.075219 0.199099 0.739714 
0.439575 0.074300 0.167800 0.731521 
0.431208 0.070254 0.168636 0.741741 
0.439940 0.070277 0.171103 0.725076 
0.448487 0.077853 0.119041 0.702647 
0.453511 0.079556 0.137853 0.720234 
0.437653 0.070339 0.190890 0.727837 
0.446496 0.082913 0.111641 0.783343 
0.446243 0.084610 0.128504 0.787529 
0.434348 0.079694 0.141479 0.694943 
0.438853 0.080000 0.175057 0.744134 
0.418490 0.073503 0.168842 0.731588 
0.432726 0.077788 0.171163 0.772918 
0.416463 0.076105 0.153724 0.724019 
0.448376 0.083725 0.119000 0.760283 
0.434866 0.079795 0.169828 0.733715 
0.459317 0.078059 0.139111 0.752209 
0.423120 0.077355 0.147539 0.732864 
0.423475 0.075680 0.177405 0.769409 
0.440411 0.075824 0.156735 0.761397 
0.415855 0.080200 0.153295 0.764665 
0.437210 0.076901 0.097074 0.739468 
0.462207 0.077743 0.174485 0.773400 
0.445562 0.083308 0.162143 0.740429 
0.437693 0.081923 0.206389 0.740783 
0.449692 0.083417 0.147216 0.715321 
0.439558 0.085035 0.148738 0.739866 
0.435695 0.082323 0.188126 0.747690 
0.433681 0.081608 0.142129 0.723274 
0.437474 0.075857 0.154805 0.687182 
0.436816 0.083084 0.165755 0.732304 
0.462080 0.084011 0.150522 0.754133 
0.450976 0.082952 0.122302 0.742533 
0.440912 0.079174 0.162476 0.708428 
0.398707 0.070883 0.208278 0.689562 
0.420673 0.074503 0.157163 0.744001 
0.414385 0.074155 0.154192 0.675917 
0.407898 0.069811 0.157745 0.662804 
0.402029 0.070602 0.172642 0.698852 
0.410679 0.068819 0.201365 0.704150 
0.410719 0.082010 0.122424 0.701694 
0.391642 0.071375 0.153604 0.658280 
0.403271 0.074203 0.129053 0.682674 
0.401931 0.070357 0.133392 0.681416 
0.414088 0.077004 0.120336 0.693517 
0.406841 0.073379 0.163046 0.681063 
0.434704 0.092889 0.088218 0.795799 
0.419334 0.101945 0.050819 0.791398 
0.400970 0.101408 0.097556 0.769696 
0.395168 0.090503 0.113204 0.798642 
0.410518 0.102375 0.063626 0.798419 
0.424852 0.099492 0.111820 0.789326 
0.415469 0.093512 0.097053 0.755264 
0.411980 0.092410 0.127627 0.784285 
0.440177 0.101605 0.093830 0.835180 
0.421054 0.101606 0.057445 0.784628 
0.408502 0.083489 0.129631 0.738360 
0.398633 0.088472 0.119646 0.761591 
0.407110 0.091133 0.089149 0.779769 
0.449875 0.088533 0.200673 0.769134 
0.462176 0.096204 0.174927 0.781288 
0.453615 0.095674 0.167868 0.798793 
0.438602 0.088270 0.185363 0.736016 
0.459750 0.097471 0.220519 0.788643 
0.442015 0.088846 0.199063 0.760987 
0.443757 0.090159 0.193027 0.767815 
0.441799 0.085762 0.175782 0.754057 
0.454402 0.092863 0.203211 0.755126 
0.445672 0.086465 0.210437 0.768461 
0.439381 0.096025 0.194069 0.744943 
0.463194 0.090009 0.220778 0.798048 
0.449108 0.090692 0.190632 0.792555 
0.471680 0.065571 0.165410 0.721283 
0.477940 0.071052 0.245606 0.759849 
0.487627 0.073147 0.135733 0.755493 
0.480559 0.070148 0.193646 0.769262 
0.490406 0.072595 0.161038 0.751061 
0.483125 0.070303 0.202237 0.758048 
0.483245 0.066263 0.166965 0.736463 
0.505697 0.073021 0.212097 0.791099 
0.467329 0.067872 0.196837 0.751680 
0.474723 0.073090 0.150136 0.738333 
0.476374 0.066598 0.239523 0.761846 
0.479557 0.072769 0.134004 0.755271 
0.491078 0.073359 0.204671 0.799823 
0.474978 0.070272 0.164392 0.748322 
0.424805 0.068807 0.177737 0.706741 
0.441152 0.078651 0.147911 0.741061 
0.431887 0.077908 0.144289 0.731357 
0.434625 0.073122 0.154005 0.715100 
0.431757 0.075355 0.143935 0.721194 
0.434854 0.075327 0.131054 0.752154 
0.424774 0.072251 0.148068 0.674974 
0.416536 0.069801 0.153804 0.723471 
0.424566 0.070456 0.159710 0.734206 
0.428899 0.069971 0.145481 0.676708 
0.422121 0.074474 0.137812 0.731594 
0.445791 0.086301 0.102901 0.753222 
0.430453 0.075351 0.138124 0.722787 
