0.341445 0.097508 0.115423 0.644560 
0.342477 0.074311 0.180134 0.604059 
0.338887 0.077823 0.181290 0.575097 
0.343554 0.091475 0.135862 0.597001 
0.348431 0.087705 0.171585 0.633453 
0.350527 0.091653 0.140327 0.597382 
0.341148 0.079834 0.181526 0.578606 
0.343556 0.088885 0.157353 0.581271 
0.345680 0.081708 0.168538 0.603891 
0.350828 0.087636 0.190779 0.600269 
0.330714 0.078115 0.168366 0.584208 
0.335344 0.073338 0.194527 0.549270 
0.349966 0.095058 0.171104 0.644375 
0.371095 0.101519 0.158799 0.675444 
0.348463 0.091309 0.174420 0.608222 
0.348708 0.087241 0.183225 0.637804 
0.352333 0.091398 0.179572 0.607069 
0.360730 0.097655 0.138916 0.624002 
0.357039 0.091757 0.170290 0.640119 
0.366581 0.107133 0.129348 0.638225 
0.363005 0.107012 0.114175 0.645178 
0.355241 0.087255 0.172507 0.624077 
0.357296 0.093944 0.173971 0.650170 
0.361090 0.102184 0.126114 0.636935 
0.360438 0.089724 0.177333 0.630707 
0.350372 0.087026 0.177777 0.607897 
0.317739 0.083550 0.151637 0.575648 
0.333733 0.097381 0.154455 0.655076 
0.326440 0.101775 0.135132 0.619004 
0.337740 0.102567 0.138895 0.636562 
0.339177 0.104708 0.129442 0.635231 
0.338128 0.106385 0.113318 0.617598 
0.330653 0.104522 0.125221 0.644556 
0.317287 0.082990 0.154931 0.593904 
0.334186 0.104608 0.099379 0.610289 
0.330921 0.109939 0.107589 0.601696 
0.320722 0.088564 0.146023 0.566649 
0.320478 0.082713 0.136340 0.594499 
0.320285 0.080973 0.142557 0.570665 
0.316519 0.082097 0.148347 0.561045 
0.316760 0.079259 0.153950 0.562832 
0.311837 0.078514 0.165852 0.598698 
0.319825 0.075871 0.161298 0.542728 
0.320062 0.083899 0.164356 0.592524 
0.313518 0.078897 0.133073 0.583755 
0.312076 0.078249 0.156884 0.563100 
0.306410 0.072775 0.169648 0.536184 
0.316758 0.077001 0.153537 0.560265 
0.315220 0.079933 0.148300 0.550179 
0.315041 0.109079 0.121287 0.591826 
