0.508827 0.095593 0.255076 0.713313 
0.493725 0.097924 0.226113 0.719212 
0.509990 0.098417 0.241326 0.721501 
0.516788 0.100584 0.251733 0.748198 
0.515230 0.098078 0.258729 0.725948 
0.521706 0.102815 0.254066 0.759729 
0.493498 0.096711 0.256754 0.705365 
0.504816 0.100912 0.231753 0.731102 
0.494155 0.089239 0.248719 0.685805 
0.517819 0.107484 0.232666 0.756139 
0.498075 0.095975 0.261102 0.710380 
0.502722 0.100200 0.261208 0.726119 
0.518778 0.099141 0.261852 0.714422 
0.550912 0.081845 0.298500 0.723637 
0.544672 0.089678 0.245533 0.764233 
0.532921 0.083617 0.273955 0.708001 
0.536809 0.085596 0.267157 0.712684 
0.536514 0.086074 0.257206 0.741873 
0.540757 0.083097 0.271334 0.717072 
0.538826 0.080983 0.293108 0.680290 
0.548824 0.083204 0.298691 0.739934 
0.548392 0.095514 0.246616 0.756558 
0.535356 0.086687 0.252791 0.704535 
0.543515 0.083193 0.302019 0.745565 
0.544343 0.084173 0.287367 0.731692 
0.522554 0.078591 0.289811 0.697655 
0.500425 0.083762 0.262977 0.684753 
0.512005 0.087117 0.291901 0.736765 
0.506512 0.090434 0.252421 0.712282 
0.551548 0.104367 0.228650 0.756793 
0.547362 0.096746 0.272534 0.761377 
0.547515 0.099205 0.269399 0.765991 
0.523681 0.089814 0.276543 0.712250 
0.508103 0.094857 0.261048 0.708026 
0.543146 0.099321 0.249179 0.759238 
0.521685 0.098488 0.266606 0.734668 
0.512401 0.089605 0.244833 0.725733 
0.482222 0.088390 0.273819 0.704435 
0.489143 0.091721 0.265847 0.709873 
0.496218 0.090206 0.287677 0.727827 
0.485867 0.092979 0.261590 0.744591 
0.477166 0.085415 0.279272 0.694764 
0.516150 0.100536 0.269507 0.790550 
0.484195 0.089932 0.287997 0.717813 
0.501047 0.094029 0.290528 0.730721 
0.487321 0.091920 0.261738 0.713889 
0.486850 0.088509 0.266845 0.725758 
0.502485 0.093306 0.284253 0.731445 
0.492968 0.091557 0.280547 0.731735 
0.505428 0.110260 0.218496 0.773860 
0.497980 0.115339 0.192267 0.751562 
0.499916 0.114354 0.248484 0.748323 
0.474719 0.106980 0.223511 0.731964 
0.490819 0.102379 0.225748 0.722269 
0.490495 0.108651 0.222969 0.745911 
0.489051 0.113028 0.192896 0.765902 
0.500592 0.113297 0.228930 0.768869 
0.503222 0.109604 0.247045 0.755971 
0.485910 0.110003 0.228361 0.727160 
0.495543 0.110820 0.241215 0.733109 
0.486736 0.090663 0.253937 0.737135 
0.511631 0.085801 0.263129 0.737214 
0.479001 0.083089 0.270713 0.692291 
0.487709 0.087042 0.279137 0.715052 
0.516083 0.088047 0.280818 0.739044 
0.488118 0.086781 0.282826 0.699794 
0.480914 0.082757 0.260670 0.686729 
0.484502 0.082154 0.282282 0.691485 
0.523405 0.086023 0.287249 0.736853 
0.505813 0.089446 0.294958 0.734095 
0.482926 0.085739 0.230993 0.698434 
0.482670 0.081822 0.238323 0.696568 
0.473625 0.081322 0.247357 0.672483 
0.479291 0.082432 0.235973 0.692717 
0.488638 0.082400 0.219537 0.675680 
0.500512 0.087536 0.255626 0.722079 
0.467231 0.081455 0.222044 0.688368 
0.480241 0.086319 0.239354 0.699847 
0.469036 0.081271 0.241771 0.676962 
0.468444 0.080054 0.228645 0.699601 
0.478094 0.081502 0.237024 0.687866 
0.467766 0.082317 0.226557 0.667258 
0.485862 0.086249 0.240923 0.721287 
0.485397 0.084999 0.245467 0.688902 
0.467921 0.076894 0.237938 0.668190 
0.476962 0.081390 0.262728 0.681149 
0.520924 0.095827 0.292374 0.761197 
0.500094 0.086213 0.274811 0.736358 
0.516720 0.091858 0.294382 0.741733 
0.521027 0.093864 0.282914 0.767500 
0.522383 0.087731 0.302160 0.757903 
0.539956 0.093138 0.290412 0.794982 
0.508898 0.089618 0.265756 0.720646 
0.535028 0.099098 0.265066 0.762017 
0.533605 0.097080 0.272721 0.781550 
0.518008 0.099701 0.240300 0.767120 
0.517964 0.091586 0.290181 0.748544 
0.541143 0.103363 0.283002 0.807674 
0.548680 0.109128 0.272538 0.800964 
0.510916 0.089325 0.259727 0.714459 
0.483787 0.088123 0.239641 0.706999 
0.477613 0.086397 0.243764 0.706521 
0.485620 0.094447 0.245171 0.745432 
0.485003 0.091380 0.253571 0.702902 
0.504581 0.101749 0.220917 0.761625 
0.491099 0.094814 0.206462 0.712634 
0.494860 0.090848 0.236974 0.729822 
0.498437 0.093058 0.257249 0.753348 
0.502367 0.100417 0.203299 0.728277 
0.493347 0.092247 0.240169 0.711281 
0.467407 0.083957 0.243097 0.685442 
0.468146 0.084848 0.256956 0.687294 
0.478108 0.088694 0.250342 0.703957 
0.473210 0.087802 0.220017 0.682786 
0.434158 0.052003 0.280258 0.553031 
0.447525 0.054902 0.283556 0.566577 
0.464799 0.064178 0.259837 0.587528 
0.462047 0.071025 0.276403 0.656373 
0.453058 0.054257 0.270984 0.564065 
0.457699 0.064169 0.268158 0.621292 
0.462606 0.070153 0.243832 0.600706 
0.470527 0.067236 0.248618 0.612688 
0.451656 0.061493 0.256235 0.579683 
0.468620 0.078123 0.246665 0.650353 
0.457668 0.064581 0.263444 0.593009 
0.468856 0.066715 0.277049 0.636752 
0.464651 0.068399 0.268020 0.610527 
0.450932 0.073240 0.207913 0.606749 
0.459578 0.081022 0.232302 0.680737 
0.457503 0.077973 0.225852 0.658598 
0.449242 0.069940 0.243876 0.624380 
0.455435 0.075511 0.247908 0.609391 
0.465328 0.079494 0.274210 0.643880 
0.463753 0.078652 0.263606 0.635013 
0.457962 0.082254 0.244322 0.631770 
0.452190 0.078493 0.236757 0.654408 
0.448326 0.072428 0.230347 0.616335 
0.453170 0.069618 0.257779 0.631310 
0.430724 0.061238 0.255597 0.564671 
0.422058 0.069055 0.259647 0.612270 
0.432022 0.072413 0.239851 0.625399 
0.432726 0.073436 0.257075 0.648543 
0.444336 0.080692 0.236555 0.653935 
0.456676 0.087017 0.184135 0.679103 
0.478694 0.087587 0.243590 0.698691 
0.438925 0.073028 0.219183 0.636831 
0.458288 0.081186 0.181561 0.673572 
0.494675 0.095509 0.242926 0.716273 
0.459040 0.083899 0.201669 0.669124 
0.435008 0.070340 0.265129 0.632825 
0.457844 0.084487 0.252870 0.669712 
0.422806 0.067618 0.236125 0.611408 
0.495375 0.084511 0.291684 0.688064 
0.487827 0.089908 0.278285 0.701283 
0.498753 0.091915 0.240571 0.709264 
0.483862 0.095533 0.234159 0.736107 
0.504575 0.092715 0.256338 0.725817 
0.492612 0.087506 0.234734 0.697068 
0.493953 0.096023 0.276872 0.734350 
0.486948 0.089996 0.228976 0.688170 
0.495405 0.090667 0.270593 0.696988 
0.482840 0.089817 0.266629 0.726597 
0.486952 0.093493 0.254419 0.720093 
0.492440 0.088996 0.273781 0.717920 
0.483583 0.088476 0.275325 0.689515 
0.536163 0.122524 0.223774 0.790740 
0.519341 0.110426 0.258054 0.747538 
0.546069 0.120046 0.227377 0.795311 
0.543840 0.125039 0.259460 0.807372 
0.564384 0.127011 0.230881 0.820607 
0.557767 0.127419 0.195147 0.818163 
0.542330 0.121851 0.228577 0.798049 
0.557317 0.128330 0.193770 0.811400 
0.527510 0.115307 0.262505 0.782428 
0.547240 0.124100 0.245399 0.802656 
0.549414 0.123524 0.225770 0.816081 
0.535986 0.114888 0.262947 0.809831 
0.553307 0.122002 0.256798 0.814883 
0.522786 0.107875 0.263015 0.744685 
0.463644 0.082760 0.260315 0.690216 
0.462928 0.079130 0.269974 0.639749 
0.492147 0.104408 0.249422 0.752595 
0.483134 0.098041 0.264464 0.760597 
0.482607 0.095961 0.262135 0.713741 
0.483775 0.096149 0.233170 0.731805 
0.471533 0.090480 0.253526 0.684545 
0.474339 0.091068 0.255679 0.728433 
0.457197 0.078715 0.261988 0.668701 
0.491180 0.099233 0.256810 0.754291 
0.457789 0.078003 0.259812 0.663099 
0.456873 0.078977 0.240811 0.672029 
0.472370 0.079849 0.273939 0.668062 
