0.472917 0.091298 0.188944 0.706630 
0.466178 0.093731 0.146166 0.701949 
0.476284 0.088527 0.169714 0.696294 
0.474697 0.090347 0.197822 0.707347 
0.481813 0.094652 0.160782 0.702546 
0.484257 0.088717 0.159481 0.716965 
0.463618 0.093344 0.135642 0.700931 
0.471700 0.091358 0.164001 0.689128 
0.486859 0.097986 0.150001 0.718011 
0.484133 0.087784 0.162279 0.711788 
0.464002 0.088580 0.173634 0.703159 
0.472475 0.089342 0.151952 0.683618 
0.477197 0.097203 0.161978 0.714086 
0.491654 0.102549 0.136965 0.731140 
0.483359 0.099517 0.142382 0.725671 
0.486376 0.103586 0.143967 0.748079 
0.484424 0.102624 0.150186 0.719775 
0.483899 0.097996 0.142631 0.717111 
0.485798 0.103928 0.115970 0.746150 
0.489032 0.098089 0.146960 0.729530 
0.491072 0.104093 0.107239 0.748329 
0.491586 0.103200 0.113595 0.741709 
0.483341 0.104508 0.148598 0.740596 
0.488059 0.110813 0.097224 0.765275 
0.485101 0.104602 0.151539 0.744400 
0.475628 0.100617 0.145109 0.720557 
0.465661 0.095176 0.132463 0.680669 
0.490745 0.105679 0.120884 0.724195 
0.479097 0.102522 0.139416 0.716655 
0.505708 0.104378 0.136085 0.733179 
0.492176 0.102174 0.148629 0.725062 
0.492686 0.108832 0.147916 0.722757 
0.488833 0.106295 0.118160 0.720385 
0.470964 0.098745 0.130062 0.695003 
0.487520 0.094006 0.172501 0.686965 
0.476977 0.101553 0.117077 0.702898 
0.493315 0.094107 0.144323 0.688092 
0.475014 0.093451 0.123211 0.699095 
0.479652 0.103161 0.078497 0.721386 
0.463533 0.095110 0.078435 0.722330 
0.484754 0.102917 0.120936 0.747017 
0.474666 0.102603 0.132794 0.737694 
0.476174 0.101079 0.094671 0.724409 
0.471082 0.100662 0.150722 0.717682 
0.469562 0.101081 0.117973 0.722524 
0.472671 0.098889 0.088800 0.706689 
0.453167 0.089054 0.128949 0.689371 
0.473304 0.099679 0.130179 0.745952 
0.457178 0.089436 0.146032 0.698663 
0.480377 0.107423 0.131564 0.784674 
0.451755 0.108304 0.140338 0.774373 
0.484477 0.112178 0.117986 0.787376 
0.455425 0.099981 0.113432 0.729892 
0.476702 0.111107 0.114268 0.775278 
0.493348 0.108952 0.122853 0.783456 
0.455038 0.098005 0.158627 0.756840 
0.480922 0.110528 0.115062 0.775479 
0.478743 0.114876 0.128563 0.768001 
0.467177 0.119015 0.119765 0.766657 
0.482624 0.114727 0.109122 0.779325 
0.466277 0.096858 0.149004 0.698477 
0.478100 0.106233 0.157367 0.719247 
0.466413 0.102434 0.174091 0.719272 
0.469464 0.096587 0.170335 0.703173 
0.479364 0.106011 0.143530 0.719135 
0.466156 0.097172 0.164092 0.703510 
0.467897 0.097050 0.162446 0.693599 
0.473413 0.101019 0.188112 0.719673 
0.497540 0.108772 0.139907 0.734537 
0.470962 0.100105 0.143688 0.713569 
0.459675 0.088713 0.131160 0.660364 
0.469926 0.095493 0.142727 0.722848 
0.447021 0.086193 0.163074 0.667131 
0.467040 0.094507 0.166154 0.711400 
0.460094 0.088725 0.164914 0.692466 
0.461996 0.088997 0.134252 0.697918 
0.451452 0.087574 0.167387 0.655559 
0.457309 0.086851 0.144163 0.677426 
0.465576 0.088950 0.143124 0.703632 
0.445500 0.089449 0.134145 0.671276 
0.462082 0.094696 0.141556 0.691930 
0.450490 0.088130 0.136307 0.668494 
0.463957 0.092289 0.168088 0.708645 
0.464704 0.096353 0.108061 0.701573 
0.449926 0.089713 0.161160 0.689806 
0.466977 0.098435 0.112766 0.714486 
0.459044 0.100383 0.148519 0.725017 
0.466183 0.112527 0.130387 0.744632 
0.459786 0.114023 0.134256 0.732026 
0.466681 0.107900 0.118428 0.731800 
0.473655 0.109122 0.148562 0.762650 
0.484300 0.109013 0.159836 0.741919 
0.475393 0.102196 0.163644 0.737017 
0.485918 0.107284 0.177654 0.759522 
0.467867 0.110515 0.151279 0.730669 
0.460138 0.109114 0.161960 0.757057 
0.470563 0.107054 0.140218 0.739084 
0.472558 0.105322 0.141309 0.740622 
0.479582 0.110961 0.137724 0.761837 
0.466166 0.109849 0.154867 0.744886 
0.477554 0.103122 0.126541 0.776970 
0.476257 0.111480 0.125071 0.778000 
0.454142 0.090873 0.179626 0.729654 
0.469193 0.100384 0.152747 0.750942 
0.463657 0.103284 0.141675 0.774890 
0.466431 0.103104 0.136238 0.774031 
0.466831 0.094873 0.158338 0.763122 
0.474456 0.110621 0.112382 0.812605 
0.467286 0.097520 0.154494 0.743822 
0.470018 0.106428 0.145064 0.774492 
0.460990 0.099036 0.154674 0.748643 
0.469759 0.105784 0.145574 0.781096 
0.471243 0.100506 0.157040 0.777049 
0.450206 0.107728 0.112544 0.788424 
0.478946 0.116805 0.142782 0.794280 
0.491018 0.114570 0.136651 0.782734 
0.491443 0.113325 0.171680 0.789844 
0.487662 0.110531 0.144596 0.785583 
0.482982 0.108130 0.147503 0.765280 
0.489204 0.108779 0.132492 0.778286 
0.483526 0.105732 0.114055 0.776249 
0.478527 0.111333 0.126391 0.794155 
0.473456 0.113434 0.086874 0.766794 
0.479821 0.108455 0.121917 0.781385 
0.493700 0.114409 0.088853 0.811701 
0.497831 0.114153 0.116419 0.786113 
0.493162 0.117895 0.137271 0.791043 
0.447701 0.101534 0.084994 0.735424 
0.459785 0.113372 0.110748 0.770733 
0.457392 0.104473 0.112056 0.764432 
0.458800 0.097693 0.156653 0.744764 
0.448445 0.097570 0.131644 0.729853 
0.462861 0.105469 0.134309 0.746991 
0.462334 0.098023 0.124337 0.744198 
0.443060 0.099702 0.088827 0.722769 
0.464308 0.102879 0.157257 0.764281 
0.457976 0.100244 0.151559 0.748758 
0.454067 0.098790 0.115406 0.736587 
0.452774 0.106678 0.114196 0.748484 
0.493060 0.135386 0.070271 0.800918 
0.496533 0.140569 0.057841 0.808399 
0.496189 0.138475 0.087472 0.805321 
0.482267 0.131721 0.111296 0.803754 
0.497487 0.126203 0.103455 0.819900 
0.511876 0.137584 0.114992 0.810715 
0.490216 0.132493 0.098739 0.792877 
0.502202 0.130403 0.098554 0.794879 
0.524083 0.132687 0.085359 0.824293 
0.500940 0.141044 0.074672 0.807550 
0.496016 0.127723 0.083454 0.805616 
0.483445 0.132824 0.106516 0.801389 
0.502796 0.133814 0.072048 0.793533 
0.486726 0.118689 0.113258 0.792026 
0.493304 0.120763 0.195116 0.792022 
0.479960 0.119155 0.133780 0.798670 
0.475910 0.110426 0.170477 0.761179 
0.490473 0.114735 0.174255 0.775145 
0.483756 0.119295 0.170069 0.782337 
0.479998 0.113658 0.182195 0.781494 
0.496390 0.115352 0.145471 0.774244 
0.484297 0.124438 0.101493 0.794828 
0.482203 0.117613 0.143612 0.795824 
0.487177 0.117885 0.143936 0.806655 
0.510926 0.121380 0.165262 0.821974 
0.487979 0.112277 0.176097 0.760596 
0.491730 0.113232 0.156598 0.783315 
0.493974 0.115734 0.151353 0.800107 
0.501908 0.112706 0.119026 0.795561 
0.502134 0.111231 0.127626 0.767685 
0.507913 0.113552 0.134556 0.792456 
0.512004 0.106631 0.186601 0.779570 
0.498990 0.114767 0.164200 0.802793 
0.516086 0.116584 0.127989 0.793846 
0.488400 0.113164 0.144987 0.773563 
0.493291 0.109202 0.134860 0.769944 
0.499780 0.115936 0.132201 0.782764 
0.501572 0.107700 0.194884 0.783319 
0.502987 0.114855 0.161126 0.790356 
0.496328 0.115224 0.130064 0.779210 
0.430414 0.090312 0.184340 0.730485 
0.444318 0.102928 0.110170 0.785266 
0.430358 0.100418 0.121609 0.738677 
0.432040 0.098395 0.158289 0.731587 
0.429796 0.096662 0.143407 0.753391 
0.429787 0.101156 0.114292 0.776585 
0.426202 0.094986 0.158054 0.689569 
0.422602 0.095119 0.113216 0.743564 
0.433795 0.090303 0.109352 0.751011 
0.434457 0.095997 0.162993 0.729034 
0.426716 0.095350 0.134478 0.741589 
0.431411 0.095908 0.117608 0.776581 
0.432407 0.100003 0.135610 0.775496 
