0.420943 0.073127 0.238719 0.602735 
0.401718 0.067053 0.251298 0.595624 
0.420069 0.077545 0.246047 0.650057 
0.425972 0.075521 0.246394 0.610902 
0.419026 0.076396 0.242636 0.604444 
0.421966 0.065818 0.251877 0.594317 
0.410285 0.071068 0.240117 0.584819 
0.415233 0.072448 0.224961 0.593922 
0.394374 0.061838 0.257750 0.552757 
0.409379 0.071035 0.237420 0.587613 
0.404677 0.068931 0.261460 0.597052 
0.391760 0.059455 0.249825 0.564297 
0.428065 0.073624 0.250617 0.629673 
0.482880 0.094548 0.255747 0.723053 
0.460931 0.094439 0.253078 0.683526 
0.450036 0.088554 0.254722 0.676308 
0.460325 0.094202 0.239362 0.695336 
0.466136 0.096583 0.239478 0.681785 
0.460695 0.087796 0.247406 0.685549 
0.466416 0.092203 0.251739 0.661277 
0.481684 0.100426 0.227676 0.703372 
0.461892 0.093721 0.259984 0.680619 
0.459493 0.091858 0.241752 0.674196 
0.482643 0.100380 0.239473 0.766997 
0.465259 0.093526 0.271454 0.713750 
0.446382 0.090426 0.245651 0.651316 
0.370131 0.062092 0.232420 0.536296 
0.397660 0.060217 0.249336 0.537655 
0.411208 0.062337 0.242669 0.566151 
0.437779 0.070254 0.238932 0.583536 
0.423604 0.065101 0.275819 0.614055 
0.418732 0.069605 0.274877 0.600003 
0.418137 0.068988 0.261177 0.602061 
0.388271 0.066279 0.244431 0.558052 
0.415073 0.065418 0.272299 0.587365 
0.408526 0.060891 0.251122 0.533268 
0.381203 0.057564 0.261324 0.539804 
0.403473 0.086847 0.205788 0.605635 
0.395427 0.083373 0.212009 0.581005 
0.434810 0.106603 0.194699 0.642189 
0.401728 0.093747 0.194793 0.603008 
0.403259 0.087575 0.202832 0.601608 
0.417136 0.100723 0.218809 0.652347 
0.403762 0.089817 0.219595 0.583369 
0.413097 0.093807 0.202824 0.634311 
0.405335 0.090534 0.198834 0.614929 
0.419028 0.093663 0.207584 0.630304 
0.416017 0.097389 0.220378 0.653542 
0.413521 0.094185 0.208707 0.594739 
0.403929 0.080117 0.205726 0.626806 
0.389424 0.076705 0.209067 0.563401 
0.408507 0.077256 0.222495 0.620979 
0.363908 0.062264 0.214688 0.531861 
0.400086 0.077552 0.217814 0.564776 
0.407123 0.078939 0.225388 0.615811 
0.394001 0.080472 0.221648 0.613303 
0.389232 0.077070 0.225799 0.622110 
0.415472 0.081985 0.214855 0.608928 
0.396826 0.079812 0.212192 0.578393 
0.407385 0.091324 0.193166 0.654329 
0.423845 0.094116 0.212218 0.614904 
0.442173 0.091522 0.244064 0.659016 
0.415266 0.092460 0.218778 0.658460 
0.431568 0.095920 0.227506 0.644499 
0.436932 0.102784 0.209263 0.702543 
0.427731 0.093832 0.216879 0.626241 
0.414211 0.088299 0.222594 0.632468 
0.430834 0.092704 0.221814 0.632384 
0.443238 0.096297 0.246844 0.663335 
0.437603 0.093956 0.232693 0.665623 
0.431206 0.074066 0.258981 0.619729 
0.410954 0.070003 0.241192 0.553216 
0.412011 0.074267 0.224141 0.588697 
0.414459 0.072863 0.243974 0.595381 
0.424939 0.079560 0.237014 0.593561 
0.443786 0.078416 0.257677 0.653318 
0.392978 0.065163 0.249543 0.555740 
0.420079 0.069728 0.258171 0.603170 
0.408234 0.066096 0.241556 0.575494 
0.406574 0.065844 0.241866 0.562403 
0.406437 0.067821 0.251419 0.596155 
0.406368 0.068500 0.234464 0.546500 
0.418509 0.066997 0.247689 0.555803 
0.432732 0.083411 0.236409 0.665891 
0.408658 0.070773 0.238770 0.572548 
0.428891 0.074526 0.250400 0.639156 
0.395672 0.084165 0.230494 0.657600 
0.386777 0.076792 0.235703 0.657696 
0.397934 0.087145 0.217292 0.698607 
0.388013 0.080247 0.243243 0.618620 
0.396812 0.076138 0.228486 0.587421 
0.406134 0.089376 0.232007 0.654594 
0.383401 0.074380 0.218832 0.572031 
0.410053 0.088989 0.228221 0.665871 
0.407401 0.084652 0.234864 0.611678 
0.407044 0.086246 0.223214 0.674894 
0.392175 0.081499 0.241609 0.614205 
0.410852 0.096246 0.215362 0.679951 
0.413429 0.091252 0.222178 0.629705 
0.402219 0.085575 0.240158 0.622168 
0.405642 0.085191 0.211580 0.594033 
0.403321 0.079457 0.224978 0.575547 
0.398355 0.082627 0.221719 0.580909 
0.394723 0.080786 0.227880 0.583150 
0.417927 0.102496 0.204108 0.616556 
0.427421 0.094601 0.223947 0.635712 
0.428528 0.107695 0.204008 0.638403 
0.397423 0.078966 0.229045 0.571322 
0.390450 0.080310 0.225540 0.566629 
0.412091 0.083418 0.230157 0.596533 
0.383007 0.074378 0.220095 0.553371 
0.401706 0.078813 0.232957 0.597290 
0.388381 0.080870 0.222015 0.579150 
0.411173 0.091831 0.190901 0.626805 
0.416781 0.069167 0.224216 0.590418 
0.416413 0.073102 0.228623 0.582665 
0.418439 0.067068 0.245844 0.552241 
0.411444 0.064035 0.238140 0.538902 
0.420392 0.072715 0.231004 0.576715 
0.448853 0.090260 0.234742 0.675113 
0.411123 0.066056 0.231713 0.545700 
0.430755 0.082490 0.219214 0.594760 
0.371228 0.054331 0.215984 0.474330 
0.421145 0.069688 0.240940 0.552522 
0.423951 0.077078 0.231668 0.606250 
0.425041 0.077442 0.223876 0.615818 
0.434574 0.082432 0.220080 0.596623 
0.355937 0.060078 0.233247 0.512247 
0.352381 0.055535 0.220522 0.518556 
0.365424 0.064162 0.214838 0.546880 
0.355973 0.059968 0.233225 0.536737 
0.365415 0.064043 0.231827 0.555993 
0.371972 0.063268 0.227296 0.526868 
0.364304 0.059741 0.227587 0.543305 
0.376617 0.070916 0.220760 0.590374 
0.369275 0.057990 0.241711 0.543076 
0.367424 0.056969 0.250472 0.576181 
0.352330 0.058904 0.224352 0.533968 
0.340201 0.052066 0.226135 0.523586 
0.367028 0.062030 0.243839 0.508224 
0.382476 0.067662 0.237399 0.527669 
0.374321 0.068169 0.237488 0.537826 
0.387031 0.073965 0.233836 0.581568 
0.392372 0.082352 0.227278 0.633114 
0.434708 0.090332 0.230598 0.659010 
0.379318 0.072967 0.224689 0.589732 
0.387496 0.072733 0.229438 0.607504 
0.439185 0.085345 0.234633 0.655232 
0.401946 0.074305 0.241444 0.605958 
0.371012 0.065809 0.238530 0.532964 
0.389738 0.072792 0.230282 0.566138 
0.373496 0.071898 0.226559 0.581887 
0.383345 0.065331 0.222390 0.542115 
0.365553 0.055564 0.231666 0.507775 
0.359040 0.054562 0.224783 0.500170 
0.353804 0.054736 0.221435 0.515670 
0.372696 0.060336 0.229949 0.527592 
0.350553 0.057978 0.223745 0.526370 
0.346233 0.050382 0.212144 0.465426 
0.345273 0.058469 0.214109 0.544239 
0.352461 0.056298 0.203181 0.479281 
0.357723 0.057810 0.221576 0.501724 
0.371845 0.056785 0.232215 0.509722 
0.367093 0.054969 0.230090 0.539995 
0.361991 0.051862 0.240458 0.490345 
0.410129 0.075613 0.226034 0.584377 
0.386657 0.066422 0.244347 0.566639 
0.425038 0.080348 0.255813 0.625535 
0.404743 0.070358 0.254395 0.563841 
0.417992 0.066018 0.248513 0.564305 
0.432805 0.085358 0.232948 0.628401 
0.417045 0.077707 0.239534 0.590895 
0.426298 0.075987 0.266781 0.660828 
0.402923 0.062684 0.240855 0.555277 
0.411215 0.070782 0.249380 0.560523 
0.425322 0.078744 0.252860 0.634153 
0.413777 0.071581 0.224106 0.566414 
0.426203 0.073290 0.245820 0.597181 
0.401038 0.072187 0.249929 0.596729 
0.336255 0.040014 0.201738 0.442945 
0.357729 0.055291 0.209141 0.524024 
0.387785 0.074251 0.212205 0.585590 
0.374105 0.069246 0.195804 0.522798 
0.376088 0.075581 0.200012 0.519731 
0.401373 0.087497 0.186315 0.563593 
0.378317 0.071764 0.189652 0.518295 
0.367927 0.067366 0.198734 0.514718 
0.337933 0.045306 0.223262 0.444873 
0.362920 0.063235 0.213178 0.496035 
0.364034 0.061159 0.194657 0.506705 
0.357466 0.066014 0.209176 0.531269 
0.369735 0.058129 0.218212 0.475942 
