0.407664 0.119641 0.162490 0.640154 
0.379251 0.110694 0.164252 0.602883 
0.397346 0.111343 0.188226 0.618345 
0.396231 0.117624 0.169764 0.630509 
0.392412 0.109644 0.173071 0.622898 
0.417413 0.109909 0.189575 0.636512 
0.394657 0.111533 0.177929 0.607660 
0.391471 0.117366 0.171223 0.614152 
0.384671 0.117526 0.155482 0.611891 
0.397905 0.118603 0.145711 0.618431 
0.379784 0.111217 0.159655 0.600529 
0.379522 0.119896 0.133367 0.597341 
0.390183 0.118895 0.186427 0.638992 
0.465409 0.101009 0.249121 0.655384 
0.440438 0.096683 0.230751 0.633130 
0.451113 0.101503 0.238494 0.652146 
0.450837 0.100873 0.217724 0.633778 
0.449638 0.100216 0.232484 0.643521 
0.451710 0.102431 0.258107 0.657798 
0.452334 0.095845 0.252658 0.624134 
0.450998 0.104149 0.234826 0.644903 
0.447856 0.108501 0.232666 0.652852 
0.446659 0.107148 0.225215 0.650636 
0.453910 0.105584 0.220750 0.666876 
0.460695 0.100003 0.276048 0.657962 
0.430398 0.100893 0.239794 0.620381 
0.414914 0.103173 0.253516 0.664069 
0.434395 0.092951 0.242886 0.650048 
0.418895 0.101557 0.229398 0.667360 
0.448919 0.096344 0.240996 0.700877 
0.444826 0.103610 0.261991 0.682953 
0.459477 0.086710 0.295925 0.692032 
0.444185 0.086199 0.234422 0.646424 
0.416957 0.097347 0.254673 0.649821 
0.453649 0.076268 0.285187 0.636912 
0.440040 0.087703 0.259631 0.657475 
0.409323 0.105641 0.215586 0.645037 
0.401942 0.101170 0.201736 0.598487 
0.398606 0.097774 0.216574 0.624190 
0.417999 0.100926 0.238386 0.627163 
0.403455 0.097308 0.228904 0.620893 
0.401320 0.101230 0.215712 0.611304 
0.441959 0.075740 0.288234 0.625313 
0.405398 0.093493 0.228009 0.588169 
0.421482 0.095694 0.235148 0.603262 
0.405948 0.103910 0.215557 0.615688 
0.400282 0.094685 0.230662 0.598891 
0.404598 0.094480 0.211030 0.599089 
0.399425 0.092837 0.193248 0.587151 
0.386400 0.119383 0.152307 0.688292 
0.354606 0.113409 0.147394 0.667643 
0.378455 0.126948 0.149991 0.693281 
0.348006 0.126908 0.111532 0.637271 
0.370108 0.120901 0.162172 0.662195 
0.410564 0.105883 0.169331 0.703880 
0.370292 0.125265 0.142977 0.655804 
0.370277 0.117157 0.165859 0.677559 
0.379371 0.121175 0.154919 0.667085 
0.373128 0.118682 0.092824 0.632297 
0.386906 0.111454 0.161422 0.648325 
0.413591 0.104146 0.196651 0.639335 
0.436670 0.102410 0.211087 0.656429 
0.416835 0.106685 0.175479 0.631791 
0.424456 0.100026 0.209858 0.641430 
0.445173 0.102889 0.199428 0.685368 
0.416609 0.106213 0.191930 0.652883 
0.414504 0.107306 0.205291 0.674617 
0.419567 0.103774 0.178457 0.650476 
0.458907 0.101392 0.244055 0.725493 
0.427285 0.104061 0.232837 0.700843 
0.432719 0.089419 0.247817 0.634164 
0.426866 0.086625 0.255079 0.623945 
0.445919 0.089086 0.243894 0.644858 
0.424286 0.093676 0.255002 0.635990 
0.427774 0.096483 0.252819 0.668836 
0.461210 0.080700 0.299424 0.634200 
0.402959 0.092820 0.236491 0.630370 
0.428941 0.082043 0.248416 0.610558 
0.422006 0.089920 0.237396 0.616584 
0.429709 0.095954 0.262466 0.673769 
0.410927 0.086071 0.245228 0.615544 
0.410873 0.082203 0.231661 0.584125 
0.425866 0.091319 0.251399 0.617885 
0.446229 0.092717 0.259755 0.672464 
0.416846 0.089504 0.249279 0.628868 
0.419374 0.086968 0.254888 0.610547 
0.437188 0.107738 0.231488 0.696058 
0.442484 0.110035 0.230587 0.711782 
0.445013 0.110826 0.228753 0.700412 
0.442592 0.115468 0.216467 0.730584 
0.453710 0.118638 0.242046 0.750729 
0.455201 0.114215 0.245645 0.711793 
0.439286 0.117851 0.211451 0.729040 
0.450631 0.106850 0.236593 0.716963 
0.428981 0.089792 0.258805 0.628953 
0.428103 0.090069 0.256069 0.657494 
0.442073 0.115990 0.214039 0.733685 
0.446307 0.124066 0.223747 0.734065 
0.447017 0.098647 0.271063 0.680471 
0.442078 0.098382 0.265008 0.706890 
0.376261 0.123289 0.123716 0.677815 
0.372478 0.112358 0.160457 0.654656 
0.377467 0.116677 0.173361 0.638686 
0.378102 0.115411 0.173901 0.697280 
0.382215 0.105142 0.207629 0.692769 
0.371261 0.117760 0.142152 0.650748 
0.385610 0.114739 0.187598 0.643395 
0.389703 0.107197 0.206127 0.708604 
0.399994 0.102171 0.217029 0.663915 
0.380412 0.111859 0.191908 0.652729 
0.364552 0.126539 0.143622 0.629364 
0.380994 0.113860 0.137106 0.650959 
0.370047 0.125385 0.156170 0.641866 
0.396895 0.109348 0.134113 0.652004 
0.409139 0.106868 0.213963 0.663422 
0.413518 0.107601 0.218033 0.686852 
0.403182 0.108143 0.212015 0.650102 
0.404865 0.113486 0.217337 0.702045 
0.416527 0.108632 0.231113 0.685940 
0.398884 0.109584 0.191077 0.648102 
0.413218 0.104793 0.239025 0.646728 
0.421688 0.115321 0.222156 0.689258 
0.388787 0.102839 0.199803 0.640556 
0.420142 0.108685 0.229500 0.678534 
0.409469 0.111338 0.186591 0.686125 
0.403940 0.105158 0.196909 0.640615 
0.406338 0.102944 0.223973 0.682964 
0.384316 0.094056 0.182705 0.601948 
0.397564 0.091484 0.182537 0.625578 
0.389286 0.095691 0.198982 0.612163 
0.404394 0.097950 0.222038 0.645031 
0.386998 0.096950 0.186983 0.626539 
0.390068 0.091120 0.213983 0.600440 
0.388798 0.095669 0.188900 0.614342 
0.380905 0.097382 0.164271 0.604354 
0.415325 0.100017 0.210524 0.673210 
0.403661 0.089809 0.232505 0.613061 
0.384044 0.095912 0.176813 0.583607 
0.396438 0.090202 0.180187 0.587756 
0.367478 0.127495 0.102423 0.660279 
0.392396 0.120938 0.143091 0.671364 
0.393266 0.125709 0.116974 0.685517 
0.391010 0.114249 0.132774 0.663044 
0.385253 0.112006 0.122965 0.676045 
0.429377 0.123699 0.134059 0.696979 
0.391338 0.119880 0.132546 0.687591 
0.394909 0.117780 0.116785 0.690042 
0.427066 0.127775 0.142890 0.724621 
0.409291 0.124822 0.123375 0.702248 
0.379601 0.117028 0.145975 0.642866 
0.405002 0.127889 0.113716 0.710206 
0.372814 0.115544 0.122573 0.655306 
0.434396 0.092737 0.245966 0.665079 
0.415497 0.103003 0.222031 0.653099 
0.415780 0.089539 0.244225 0.600843 
0.404472 0.092507 0.224671 0.622692 
0.422511 0.095737 0.243681 0.646566 
0.396258 0.091086 0.240603 0.613951 
0.418872 0.090490 0.233571 0.620397 
0.400240 0.094580 0.245097 0.642090 
0.407895 0.095105 0.246712 0.660927 
0.413009 0.086527 0.238692 0.625725 
0.410905 0.093665 0.226561 0.676120 
0.426822 0.091922 0.244893 0.656562 
0.412356 0.097629 0.220270 0.658705 
0.456400 0.093441 0.277409 0.698321 
0.422429 0.083705 0.272074 0.631400 
0.434255 0.078921 0.284517 0.643233 
0.467278 0.073858 0.305714 0.673875 
0.474041 0.077447 0.309400 0.680939 
0.448061 0.089447 0.282959 0.642952 
0.445354 0.069171 0.306935 0.619091 
0.464143 0.081972 0.284142 0.699306 
0.451892 0.083655 0.290776 0.670978 
0.455875 0.073365 0.312665 0.637205 
0.448280 0.089587 0.271802 0.705356 
0.450164 0.085635 0.232584 0.651181 
0.469167 0.096267 0.274333 0.714122 
0.411408 0.082250 0.262707 0.604318 
0.394836 0.088551 0.237158 0.631260 
0.396760 0.089641 0.228395 0.624450 
0.434340 0.104107 0.245881 0.689998 
0.399870 0.096853 0.223522 0.650804 
0.415357 0.102845 0.238691 0.713537 
0.415349 0.098940 0.234552 0.709897 
0.401775 0.088624 0.228914 0.683661 
0.401859 0.085192 0.248916 0.627606 
0.407198 0.102454 0.216784 0.668149 
0.419406 0.093972 0.241323 0.642967 
0.396800 0.091764 0.242353 0.632398 
0.388355 0.089530 0.217560 0.596042 
0.401129 0.092987 0.237554 0.651556 
