0.547673 0.081523 0.240047 0.744523 
0.531093 0.081433 0.224308 0.743390 
0.546765 0.085209 0.227887 0.751577 
0.575003 0.088072 0.239411 0.763595 
0.554143 0.078291 0.274985 0.736621 
0.572062 0.088868 0.220124 0.790753 
0.552521 0.085644 0.210253 0.741822 
0.549389 0.086443 0.238722 0.788409 
0.526784 0.079012 0.253998 0.729454 
0.566980 0.088866 0.203906 0.773160 
0.552575 0.083227 0.220225 0.745515 
0.552648 0.086853 0.186257 0.755975 
0.563001 0.084180 0.227318 0.764738 
0.593165 0.089430 0.322388 0.780156 
0.583302 0.082818 0.254992 0.745622 
0.560418 0.079852 0.323956 0.769001 
0.566367 0.085760 0.255625 0.784606 
0.577961 0.085922 0.236273 0.783438 
0.576687 0.085854 0.310758 0.784328 
0.558762 0.080702 0.278451 0.738595 
0.576544 0.085050 0.256314 0.784260 
0.578549 0.093210 0.335678 0.801439 
0.565957 0.088219 0.317394 0.781135 
0.564006 0.083939 0.291718 0.750216 
0.567308 0.087183 0.280835 0.778605 
0.558763 0.092703 0.281690 0.787907 
0.546862 0.078228 0.260173 0.753304 
0.559833 0.079226 0.297077 0.761331 
0.544932 0.075822 0.248848 0.751970 
0.589552 0.083949 0.268647 0.800173 
0.590193 0.081989 0.273744 0.803786 
0.579853 0.081997 0.299176 0.787639 
0.567991 0.078263 0.248111 0.741356 
0.539145 0.077924 0.292961 0.726330 
0.583409 0.082288 0.216034 0.789499 
0.550418 0.077613 0.267438 0.747721 
0.559857 0.077004 0.271073 0.759141 
0.522174 0.086104 0.219517 0.750513 
0.522120 0.086019 0.237104 0.760724 
0.523861 0.086093 0.236390 0.742493 
0.521208 0.089319 0.207533 0.748790 
0.514645 0.086594 0.234487 0.775197 
0.559783 0.095085 0.233306 0.798519 
0.518474 0.081867 0.245261 0.764438 
0.540732 0.087647 0.225710 0.756999 
0.524421 0.085531 0.249851 0.794055 
0.540285 0.086817 0.202478 0.767222 
0.531476 0.087130 0.225533 0.778904 
0.524595 0.083888 0.251492 0.753304 
0.569838 0.086641 0.180608 0.791974 
0.552330 0.087895 0.192581 0.815602 
0.568404 0.088317 0.271736 0.823519 
0.550582 0.087112 0.225760 0.773196 
0.545605 0.082718 0.209764 0.770422 
0.558505 0.083223 0.212452 0.784570 
0.571614 0.095680 0.164390 0.826361 
0.565849 0.087690 0.169026 0.790208 
0.573421 0.083900 0.242093 0.803426 
0.552671 0.085038 0.227909 0.781408 
0.566040 0.083807 0.244929 0.770587 
0.556562 0.089477 0.234793 0.798888 
0.558200 0.088951 0.172574 0.800787 
0.517877 0.086722 0.224768 0.763860 
0.535241 0.087956 0.246613 0.796805 
0.578206 0.094621 0.223259 0.852018 
0.540108 0.088888 0.238052 0.813242 
0.536794 0.083636 0.257755 0.752996 
0.540537 0.086927 0.195718 0.794798 
0.579946 0.084189 0.238554 0.804862 
0.562651 0.089992 0.250964 0.833606 
0.520018 0.085094 0.240213 0.768889 
0.509240 0.080079 0.247918 0.735453 
0.517577 0.082964 0.241192 0.776509 
0.514594 0.083843 0.269504 0.729549 
0.514292 0.085085 0.246140 0.765044 
0.552656 0.090536 0.229656 0.820679 
0.499522 0.084710 0.234040 0.737663 
0.512516 0.080357 0.260199 0.758997 
0.508059 0.080682 0.267047 0.758410 
0.508069 0.080940 0.215510 0.768449 
0.505950 0.078232 0.256601 0.745734 
0.508093 0.082386 0.242890 0.769001 
0.527027 0.088707 0.211850 0.758381 
0.518414 0.086604 0.191513 0.743349 
0.504568 0.078474 0.252585 0.725696 
0.522007 0.086071 0.212295 0.792717 
0.564653 0.090691 0.272628 0.835864 
0.557445 0.087269 0.253989 0.834673 
0.568488 0.082638 0.226327 0.791999 
0.577666 0.085347 0.235282 0.790001 
0.571553 0.089446 0.262542 0.813047 
0.584609 0.090439 0.265803 0.832120 
0.562449 0.085829 0.255137 0.819113 
0.567004 0.088385 0.269311 0.801108 
0.573698 0.091922 0.231577 0.861620 
0.567706 0.091794 0.219905 0.818912 
0.570471 0.088826 0.280758 0.811282 
0.575419 0.092898 0.254606 0.834148 
0.588957 0.092077 0.233861 0.811564 
0.557731 0.088982 0.250133 0.827352 
0.501298 0.094966 0.200107 0.809045 
0.498769 0.087915 0.228925 0.818574 
0.514540 0.088514 0.204139 0.852571 
0.504222 0.091584 0.196849 0.817492 
0.515357 0.093873 0.228397 0.783034 
0.503113 0.094561 0.193919 0.792145 
0.503011 0.092415 0.217757 0.840553 
0.521095 0.088684 0.199795 0.797257 
0.512053 0.087398 0.215009 0.806044 
0.500966 0.089680 0.197236 0.766094 
0.491097 0.086879 0.217938 0.792063 
0.501792 0.084010 0.175404 0.789072 
0.501347 0.087533 0.181423 0.793692 
0.481373 0.087045 0.218985 0.767992 
0.496721 0.088173 0.184647 0.728448 
0.509683 0.084610 0.226670 0.738046 
0.518210 0.087534 0.202245 0.759077 
0.521976 0.085485 0.212911 0.774018 
0.511815 0.081589 0.231244 0.738068 
0.523072 0.088149 0.225044 0.784300 
0.532482 0.090812 0.197036 0.780412 
0.526582 0.091345 0.147773 0.811442 
0.504558 0.080837 0.243736 0.726952 
0.528837 0.085763 0.157593 0.759249 
0.507462 0.081284 0.196564 0.723012 
0.527322 0.084097 0.232468 0.762787 
0.519229 0.090492 0.209373 0.765278 
0.472419 0.066352 0.238128 0.645658 
0.465203 0.064998 0.264721 0.655605 
0.450193 0.066029 0.247432 0.617988 
0.456430 0.061614 0.286261 0.615243 
0.475974 0.070082 0.265225 0.646304 
0.470461 0.070665 0.229451 0.680130 
0.461175 0.060620 0.278420 0.622251 
0.493372 0.070533 0.255795 0.670478 
0.460044 0.066372 0.264700 0.625099 
0.442188 0.076087 0.196588 0.661138 
0.450961 0.059019 0.255422 0.601908 
0.438744 0.058078 0.252550 0.603592 
0.477632 0.082733 0.264228 0.706317 
0.481784 0.078651 0.275311 0.700765 
0.493724 0.083289 0.227230 0.713520 
0.514414 0.089135 0.234935 0.742612 
0.494575 0.077852 0.230849 0.713312 
0.529162 0.078930 0.232411 0.752135 
0.503906 0.080103 0.212933 0.705797 
0.515463 0.085400 0.164132 0.731511 
0.550856 0.085100 0.232891 0.744904 
0.526997 0.089829 0.184586 0.740955 
0.480024 0.072529 0.265126 0.680193 
0.509021 0.082435 0.258196 0.718472 
0.478348 0.068582 0.251529 0.660443 
0.562442 0.083201 0.284248 0.788885 
0.592431 0.095236 0.241563 0.826094 
0.575671 0.089121 0.246611 0.825489 
0.588506 0.097273 0.220543 0.852773 
0.604420 0.094627 0.243030 0.847203 
0.551825 0.084604 0.249689 0.802265 
0.563903 0.084328 0.261129 0.800738 
0.575407 0.089792 0.271469 0.791155 
0.562274 0.097083 0.245554 0.839926 
0.550732 0.082837 0.271964 0.754276 
0.551417 0.086739 0.252377 0.783297 
0.597989 0.090418 0.268720 0.831742 
0.581951 0.088512 0.269164 0.846211 
0.582254 0.089220 0.322611 0.833324 
0.580081 0.087920 0.349551 0.793649 
0.621473 0.089815 0.238230 0.830108 
0.602139 0.087077 0.310795 0.816185 
0.615407 0.095251 0.285195 0.852263 
0.617494 0.097690 0.298644 0.834262 
0.606708 0.091108 0.260384 0.846923 
0.621578 0.100446 0.177766 0.847751 
0.578161 0.084868 0.285300 0.793349 
0.602005 0.091734 0.253006 0.803858 
0.597333 0.089729 0.323731 0.837891 
0.601718 0.088191 0.298787 0.802989 
0.615218 0.091798 0.246919 0.850798 
0.574829 0.088931 0.319829 0.792934 
0.544017 0.088292 0.189845 0.765554 
0.505069 0.080070 0.229621 0.774134 
0.550773 0.088256 0.210444 0.782380 
0.532554 0.092023 0.213160 0.777234 
0.543756 0.091929 0.242326 0.827430 
0.530234 0.083265 0.207875 0.750631 
0.522207 0.081643 0.261481 0.742802 
0.534740 0.089195 0.199221 0.781312 
0.509856 0.079318 0.236902 0.751010 
0.556481 0.095418 0.186566 0.790202 
0.504706 0.079667 0.264209 0.735668 
0.497910 0.078683 0.266175 0.721137 
0.513934 0.080107 0.250632 0.727170 
