0.514758 0.195446 0.069169 0.885649 
0.495707 0.180818 0.082823 0.838815 
0.500113 0.179676 0.075655 0.866678 
0.516248 0.192224 0.081992 0.876644 
0.512225 0.190181 0.082721 0.875951 
0.523151 0.195023 0.093444 0.861775 
0.495246 0.180076 0.080893 0.851030 
0.501626 0.184287 0.078358 0.834601 
0.505819 0.186336 0.084323 0.856161 
0.505169 0.185467 0.084038 0.862978 
0.499822 0.186109 0.083370 0.866494 
0.497498 0.183933 0.084150 0.844281 
0.514171 0.189760 0.090504 0.856222 
0.538946 0.189645 0.087620 0.901120 
0.520613 0.181501 0.084644 0.861150 
0.534553 0.190152 0.094657 0.883421 
0.518569 0.179700 0.072542 0.870999 
0.535233 0.188495 0.079930 0.877402 
0.537118 0.189048 0.077801 0.884192 
0.534368 0.190016 0.082595 0.878028 
0.524798 0.178441 0.079844 0.847500 
0.531437 0.185201 0.078981 0.864614 
0.517905 0.177667 0.081203 0.879623 
0.527845 0.183201 0.084212 0.861681 
0.523683 0.181115 0.071713 0.847813 
0.522311 0.181626 0.084732 0.877126 
0.509530 0.188654 0.069635 0.877016 
0.521101 0.191269 0.090147 0.867277 
0.511004 0.186044 0.095716 0.866744 
0.544719 0.199655 0.079952 0.921181 
0.546722 0.206554 0.065216 0.910793 
0.550525 0.206030 0.079008 0.916850 
0.522925 0.188910 0.074887 0.871689 
0.507635 0.192019 0.076465 0.906183 
0.545322 0.211266 0.054269 0.903897 
0.529424 0.201246 0.075209 0.900477 
0.521258 0.194514 0.071628 0.880578 
0.509608 0.189788 0.064184 0.858649 
0.501066 0.182729 0.069805 0.846443 
0.511851 0.189465 0.076293 0.855846 
0.508599 0.187443 0.091088 0.865380 
0.506614 0.186843 0.069164 0.852561 
0.511780 0.184151 0.063353 0.847268 
0.505972 0.187283 0.070323 0.852232 
0.512575 0.186831 0.072875 0.859145 
0.509697 0.188985 0.083522 0.872594 
0.501690 0.181418 0.088005 0.844959 
0.511368 0.188289 0.083704 0.866796 
0.507319 0.184771 0.076021 0.842030 
0.438509 0.157905 0.059307 0.791102 
0.416462 0.144200 0.087982 0.765731 
0.438110 0.154679 0.061692 0.797404 
0.435246 0.168595 0.066452 0.852506 
0.422814 0.146912 0.055990 0.767395 
0.441169 0.160641 0.050182 0.795620 
0.407128 0.134503 0.058471 0.735518 
0.427194 0.150625 0.061390 0.799364 
0.440386 0.158462 0.060253 0.777604 
0.431390 0.156793 0.067608 0.784637 
0.425389 0.150773 0.061898 0.760792 
0.508167 0.180859 0.098961 0.895987 
0.515654 0.178680 0.105998 0.883174 
0.499600 0.174044 0.092643 0.873305 
0.515023 0.187970 0.083148 0.921348 
0.510050 0.176522 0.098308 0.879996 
0.510117 0.183136 0.085882 0.889804 
0.504598 0.178675 0.087091 0.882120 
0.508804 0.180918 0.103788 0.885227 
0.517594 0.170255 0.095500 0.860887 
0.505118 0.177010 0.075932 0.880212 
0.513038 0.184939 0.087357 0.902055 
0.507969 0.182856 0.083591 0.899272 
0.515768 0.188714 0.091623 0.902743 
0.519535 0.190892 0.099498 0.898676 
0.519604 0.187751 0.093120 0.890812 
0.533627 0.200320 0.099611 0.901347 
0.509700 0.188698 0.089941 0.906936 
0.516676 0.191091 0.089427 0.903673 
0.513751 0.185608 0.093256 0.898250 
0.509381 0.184092 0.081403 0.864021 
0.510863 0.186754 0.069388 0.914805 
0.506934 0.185942 0.082452 0.899719 
0.527381 0.198917 0.063183 0.887795 
0.511161 0.183955 0.086569 0.895680 
0.510102 0.183832 0.099648 0.880275 
0.515025 0.190852 0.076733 0.903834 
0.519248 0.206172 0.078750 0.897800 
0.515898 0.198295 0.075892 0.891094 
0.519288 0.202937 0.065582 0.886885 
0.516515 0.197679 0.073533 0.894293 
0.540412 0.218163 0.070422 0.916972 
0.537727 0.209423 0.074115 0.917586 
0.522837 0.205666 0.081457 0.893961 
0.528868 0.206688 0.069514 0.908820 
0.524841 0.204954 0.065374 0.890126 
0.508816 0.193288 0.077705 0.890404 
0.521467 0.201773 0.075643 0.881268 
0.527493 0.205572 0.079426 0.913148 
0.533417 0.205488 0.073278 0.902279 
0.512674 0.199657 0.082749 0.885706 
0.471179 0.176564 0.043544 0.830648 
0.488521 0.191681 0.041796 0.863848 
0.483660 0.191689 0.047864 0.855224 
0.469703 0.176564 0.035684 0.819189 
0.481624 0.189606 0.034596 0.844714 
0.478401 0.184961 0.025598 0.861835 
0.481595 0.182628 0.051140 0.860051 
0.472809 0.173900 0.047473 0.778847 
0.469071 0.175305 0.054593 0.801964 
0.485349 0.187813 0.050462 0.847314 
0.466288 0.174530 0.038116 0.806419 
0.472304 0.177499 0.035606 0.809897 
0.463915 0.170072 0.049625 0.787365 
0.459733 0.168564 0.055607 0.788653 
0.497394 0.182135 0.080531 0.847091 
0.506164 0.187870 0.081620 0.864503 
0.492012 0.179488 0.073161 0.840270 
0.497210 0.185978 0.063403 0.875819 
0.495248 0.183651 0.076117 0.858406 
0.488428 0.170435 0.069448 0.832769 
0.489315 0.177889 0.068458 0.835296 
0.496882 0.183890 0.073399 0.856478 
0.494457 0.187255 0.061928 0.867104 
0.491774 0.177642 0.061147 0.855164 
0.500709 0.184724 0.086758 0.864348 
0.500397 0.181600 0.071771 0.861222 
0.496375 0.180776 0.071342 0.852181 
0.477662 0.179988 0.078529 0.826196 
0.472804 0.173018 0.069918 0.836136 
0.479555 0.175453 0.079646 0.823127 
0.485528 0.179990 0.078660 0.814897 
0.475190 0.172552 0.082251 0.823915 
0.479268 0.173359 0.072645 0.813495 
0.479483 0.181185 0.078741 0.855227 
0.470735 0.171875 0.067697 0.812333 
0.484153 0.178787 0.082960 0.840719 
0.481530 0.182701 0.059774 0.839747 
0.475257 0.173611 0.083497 0.834386 
0.469862 0.174788 0.070826 0.811438 
0.461661 0.179335 0.058158 0.854716 
0.470169 0.179882 0.074576 0.841181 
0.464480 0.178519 0.061933 0.825444 
0.457729 0.171049 0.065735 0.821975 
0.469140 0.181821 0.064433 0.856002 
0.493133 0.193135 0.057876 0.860024 
0.469134 0.179332 0.077076 0.848922 
0.467033 0.179521 0.066770 0.858408 
0.502854 0.192977 0.075244 0.895609 
0.475254 0.174705 0.083772 0.842581 
0.468760 0.184740 0.073742 0.867738 
0.465932 0.178034 0.074146 0.811180 
0.457960 0.174316 0.082809 0.832940 
0.519820 0.192225 0.062135 0.883649 
0.489211 0.172841 0.063528 0.838445 
0.504342 0.188323 0.083775 0.863021 
0.492152 0.177359 0.072614 0.801345 
0.521761 0.192538 0.064873 0.861768 
0.496547 0.177867 0.080552 0.837634 
0.498353 0.176459 0.067476 0.819641 
0.489342 0.173805 0.085389 0.861212 
0.505165 0.186432 0.052931 0.876625 
0.487244 0.170914 0.089578 0.848383 
0.497895 0.180277 0.073519 0.859060 
0.497779 0.170987 0.105141 0.835510 
0.504180 0.182957 0.082011 0.876452 
0.506826 0.172276 0.075106 0.831672 
0.507737 0.173266 0.095072 0.844047 
0.532441 0.187699 0.093841 0.878674 
0.524578 0.185132 0.089198 0.873696 
0.539574 0.191506 0.103997 0.882459 
0.536936 0.191372 0.071360 0.882177 
0.510751 0.170270 0.099327 0.844493 
0.531394 0.178560 0.098139 0.872170 
0.513722 0.176952 0.092692 0.864998 
0.528038 0.184151 0.089465 0.872557 
0.509451 0.171733 0.083146 0.849534 
0.518590 0.182376 0.082306 0.862532 
0.524275 0.175504 0.102810 0.855565 
0.510563 0.181940 0.094818 0.873068 
0.454986 0.170310 0.079471 0.846838 
0.461092 0.170557 0.075738 0.842751 
0.471028 0.183244 0.075795 0.859616 
0.466359 0.177588 0.048642 0.845939 
0.469702 0.180690 0.059696 0.864423 
0.458319 0.175325 0.060540 0.881561 
0.452950 0.171415 0.077716 0.866981 
0.467667 0.185123 0.064943 0.885162 
0.444875 0.163155 0.072430 0.811865 
0.471327 0.180009 0.049231 0.867519 
0.464631 0.178074 0.066877 0.836732 
0.456494 0.166859 0.068204 0.844127 
0.469797 0.181885 0.057090 0.857357 
