0.436141 0.134805 0.000000 0.769893 
0.442696 0.138490 0.000000 0.781046 
0.452658 0.144113 0.000000 0.812793 
0.448343 0.143179 0.000000 0.813159 
0.437526 0.138172 0.000000 0.806931 
0.447579 0.138292 0.000000 0.823256 
0.431086 0.140648 0.000000 0.791230 
0.430415 0.138182 0.000000 0.795511 
0.441638 0.142598 0.000000 0.809064 
0.441840 0.137943 0.000000 0.836704 
0.439763 0.140473 0.000000 0.820512 
0.439839 0.141531 0.000000 0.819707 
0.446488 0.136310 0.000000 0.817410 
0.478864 0.139166 0.000000 0.870503 
0.460443 0.133821 0.000000 0.833348 
0.471011 0.140906 0.000000 0.868885 
0.474987 0.142405 0.000000 0.871912 
0.463494 0.140906 0.000000 0.872507 
0.478566 0.144922 0.000000 0.867195 
0.466289 0.141505 0.000000 0.857947 
0.488713 0.148280 0.000000 0.890035 
0.481136 0.144076 0.000000 0.856477 
0.470568 0.138946 0.000000 0.838222 
0.476153 0.137516 0.000000 0.844788 
0.474726 0.134886 0.000000 0.841281 
0.472073 0.142831 0.000000 0.862483 
0.456836 0.152425 0.000000 0.853962 
0.466766 0.149798 0.000000 0.840638 
0.466193 0.160043 0.000000 0.867460 
0.481476 0.155930 0.000000 0.846338 
0.490185 0.166980 0.000000 0.873325 
0.479092 0.158658 0.000000 0.860142 
0.474420 0.158580 0.000000 0.881607 
0.467327 0.154548 0.000000 0.862626 
0.479014 0.158295 0.000000 0.874160 
0.465671 0.156173 0.000000 0.852581 
0.457899 0.149647 0.000000 0.845448 
0.446494 0.140215 0.000000 0.830829 
0.444193 0.129316 0.000000 0.788743 
0.452373 0.136884 0.000000 0.808497 
0.442414 0.137007 0.000000 0.821964 
0.445869 0.131058 0.000000 0.801069 
0.446855 0.135440 0.000000 0.820329 
0.447876 0.138282 0.000000 0.829241 
0.444506 0.134963 0.000000 0.809294 
0.446889 0.133249 0.000000 0.808999 
0.442969 0.133906 0.000000 0.812955 
0.444244 0.133199 0.000000 0.806246 
0.444076 0.138303 0.000000 0.823725 
0.432424 0.148433 0.000000 0.868510 
0.406457 0.135313 0.000000 0.786490 
0.428164 0.151802 0.000000 0.858189 
0.414180 0.147701 0.000000 0.816442 
0.418875 0.145634 0.000000 0.816199 
0.425038 0.146403 0.000000 0.825787 
0.419604 0.144949 0.000000 0.838156 
0.412151 0.141281 0.000000 0.832346 
0.431174 0.148283 0.000000 0.840401 
0.410432 0.137696 0.000000 0.820088 
0.419935 0.141683 0.000000 0.835119 
0.482172 0.164805 0.000000 0.902256 
0.486090 0.162819 0.000000 0.883382 
0.472743 0.159350 0.000000 0.881831 
0.479012 0.162740 0.000000 0.905287 
0.484509 0.157112 0.000000 0.888291 
0.477033 0.162474 0.000000 0.859404 
0.475541 0.156782 0.000000 0.875173 
0.480742 0.174040 0.000000 0.879813 
0.494814 0.163843 0.000000 0.908367 
0.482926 0.166803 0.000000 0.903325 
0.431882 0.142802 0.000000 0.865353 
0.431487 0.144846 0.000000 0.815666 
0.423629 0.137845 0.000000 0.837017 
0.424801 0.140903 0.000000 0.846367 
0.439367 0.148678 0.000000 0.878292 
0.435762 0.134779 0.000000 0.820179 
0.421233 0.141991 0.000000 0.844984 
0.428563 0.143589 0.000000 0.821197 
0.435667 0.140752 0.000000 0.846168 
0.427012 0.143757 0.000000 0.842664 
0.431660 0.141448 0.000000 0.848527 
0.419672 0.138149 0.000000 0.828272 
0.419214 0.133479 0.000000 0.829058 
0.423649 0.142316 0.000000 0.848787 
0.422312 0.143751 0.000000 0.825803 
0.425226 0.142733 0.000000 0.863625 
0.452158 0.152348 0.000000 0.871024 
0.441552 0.146620 0.000000 0.871979 
0.445955 0.149723 0.000000 0.855357 
0.453185 0.149120 0.000000 0.883084 
0.454951 0.150514 0.000000 0.890992 
0.465798 0.161083 0.000000 0.905674 
0.447813 0.150727 0.000000 0.863333 
0.464512 0.153726 0.000000 0.882657 
0.455987 0.150169 0.000000 0.882679 
0.455526 0.147024 0.000000 0.867723 
0.451290 0.147929 0.000000 0.861483 
0.462288 0.156037 0.000000 0.880068 
0.479280 0.158770 0.000000 0.918269 
0.444045 0.135739 0.000000 0.836293 
0.434937 0.157650 0.000000 0.864638 
0.427108 0.153746 0.000000 0.816111 
0.417910 0.148345 0.000000 0.848654 
0.419709 0.152336 0.000000 0.877029 
0.422451 0.152412 0.000000 0.836372 
0.437677 0.155640 0.000000 0.841151 
0.424648 0.153508 0.000000 0.841521 
0.418184 0.145047 0.000000 0.829255 
0.428434 0.151862 0.000000 0.844781 
0.420220 0.150882 0.000000 0.836457 
0.412225 0.150574 0.000000 0.872222 
0.421953 0.153058 0.000000 0.841150 
0.421866 0.148982 0.000000 0.849388 
0.421082 0.146492 0.000000 0.844650 
0.435709 0.133735 0.000000 0.801734 
0.358558 0.153846 0.000000 0.801911 
0.436448 0.143825 0.000000 0.831091 
0.447647 0.143352 0.000000 0.850206 
0.435598 0.137287 0.000000 0.819414 
0.444452 0.147942 0.000000 0.886864 
0.397462 0.157471 0.000000 0.835031 
0.443739 0.139820 0.000000 0.834605 
0.451707 0.151988 0.000000 0.864911 
0.433426 0.148456 0.000000 0.846929 
0.438605 0.138406 0.000000 0.828383 
0.406313 0.156863 0.000000 0.878937 
0.436766 0.154663 0.000000 0.858087 
0.423010 0.140653 0.000000 0.838781 
0.429365 0.141655 0.000000 0.840060 
0.428044 0.147737 0.000000 0.851816 
0.436828 0.148354 0.000000 0.871435 
0.423339 0.144360 0.000000 0.835859 
0.432970 0.149573 0.000000 0.843949 
0.430661 0.151727 0.000000 0.860940 
0.428622 0.146928 0.000000 0.842379 
0.432041 0.154341 0.000000 0.866780 
0.427879 0.144632 0.000000 0.819729 
0.429034 0.148278 0.000000 0.848514 
0.424876 0.146229 0.000000 0.840451 
0.401251 0.135747 0.000000 0.812897 
0.412504 0.141015 0.000000 0.839436 
0.407361 0.135559 0.000000 0.822338 
0.407235 0.142399 0.000000 0.792406 
0.418256 0.150479 0.000000 0.842640 
0.436514 0.149318 0.000000 0.868228 
0.416223 0.142146 0.000000 0.864821 
0.415360 0.141883 0.000000 0.817430 
0.448176 0.153216 0.000000 0.872517 
0.420096 0.146215 0.000000 0.822265 
0.416623 0.143423 0.000000 0.857949 
0.414233 0.143380 0.000000 0.827225 
0.412545 0.148895 0.000000 0.861162 
0.458640 0.132669 0.000000 0.819797 
0.453189 0.117997 0.000000 0.810703 
0.444594 0.121670 0.000000 0.798594 
0.439793 0.128124 0.000000 0.827756 
0.470337 0.132848 0.000000 0.839249 
0.439824 0.126451 0.000000 0.794000 
0.443888 0.122253 0.000000 0.807489 
0.443585 0.125377 0.000000 0.815384 
0.450176 0.130073 0.000000 0.821671 
0.443941 0.127089 0.000000 0.826995 
0.449005 0.122993 0.000000 0.818555 
0.473472 0.128991 0.000000 0.832925 
0.453820 0.135000 0.000000 0.852287 
0.469042 0.132832 0.000000 0.819101 
0.459955 0.139530 0.000000 0.824790 
0.473197 0.123675 0.000000 0.819643 
0.462974 0.124767 0.000000 0.802897 
0.469679 0.133145 0.000000 0.834200 
0.477321 0.129619 0.000000 0.817971 
0.472965 0.127445 0.000000 0.816170 
0.483573 0.129630 0.000000 0.859439 
0.465626 0.137775 0.000000 0.840583 
0.459584 0.119416 0.000000 0.781423 
0.465785 0.138286 0.000000 0.830211 
0.461300 0.125485 0.000000 0.805300 
0.479862 0.130895 0.000000 0.823409 
0.468856 0.127435 0.000000 0.829747 
0.422454 0.150201 0.000000 0.884769 
0.436979 0.151204 0.000000 0.880537 
0.433948 0.157529 0.000000 0.920238 
0.433239 0.149243 0.000000 0.883193 
0.438203 0.150608 0.000000 0.911863 
0.435432 0.154871 0.000000 0.917053 
0.431252 0.158617 0.000000 0.941007 
0.427289 0.149355 0.000000 0.927082 
0.427796 0.153218 0.000000 0.891261 
0.440115 0.154564 0.000000 0.921623 
0.435145 0.156756 0.000000 0.906995 
0.428649 0.152444 0.000000 0.885969 
0.434557 0.156670 0.000000 0.911804 
