0.355387 0.096971 0.123080 0.702306 
0.341982 0.095108 0.125138 0.687450 
0.344134 0.095741 0.136945 0.689611 
0.357633 0.096806 0.149999 0.702490 
0.360866 0.095731 0.121675 0.699207 
0.361107 0.100221 0.137068 0.711926 
0.348990 0.093941 0.129274 0.702136 
0.338370 0.096519 0.110841 0.688598 
0.345934 0.094340 0.136353 0.703461 
0.344338 0.096242 0.121898 0.705090 
0.335738 0.097155 0.110545 0.708138 
0.351576 0.095845 0.092535 0.680657 
0.359089 0.098263 0.097656 0.711768 
0.397062 0.111696 0.122657 0.763113 
0.387257 0.108965 0.136718 0.721943 
0.389554 0.101562 0.171362 0.744065 
0.379820 0.102480 0.149985 0.715206 
0.387016 0.106668 0.137489 0.717551 
0.393651 0.106469 0.155612 0.733775 
0.385511 0.110535 0.089639 0.747567 
0.393253 0.109438 0.149716 0.738165 
0.391875 0.110018 0.146418 0.723258 
0.383064 0.104220 0.141629 0.716451 
0.396915 0.101595 0.166268 0.774390 
0.381254 0.101744 0.147155 0.724403 
0.381141 0.104383 0.139275 0.718754 
0.347694 0.094160 0.130787 0.634763 
0.372135 0.093252 0.146906 0.661815 
0.358905 0.091381 0.150512 0.649565 
0.393092 0.095666 0.154050 0.698208 
0.385576 0.101589 0.144391 0.676507 
0.385889 0.096002 0.118772 0.692235 
0.376251 0.094600 0.160071 0.674948 
0.362134 0.093767 0.151902 0.668287 
0.382141 0.097646 0.134527 0.661355 
0.358793 0.094159 0.119020 0.652393 
0.373683 0.090404 0.158441 0.644594 
0.339903 0.098482 0.131511 0.668661 
0.343584 0.096368 0.148503 0.725555 
0.344270 0.098726 0.140778 0.694416 
0.343980 0.094135 0.163641 0.718776 
0.352692 0.098269 0.154537 0.749712 
0.362472 0.096583 0.155159 0.726193 
0.345481 0.096304 0.157449 0.693584 
0.349572 0.096396 0.156582 0.692258 
0.350079 0.100442 0.146399 0.704872 
0.338268 0.100346 0.135140 0.671049 
0.348394 0.096661 0.143624 0.711767 
0.333445 0.100985 0.111303 0.705535 
0.367624 0.099891 0.104610 0.758469 
0.360824 0.099163 0.127934 0.762451 
0.364840 0.098795 0.122098 0.729663 
0.353989 0.099771 0.104761 0.731080 
0.361504 0.094510 0.124580 0.736834 
0.359823 0.097337 0.105605 0.712290 
0.348607 0.096391 0.116671 0.745462 
0.351587 0.094245 0.119894 0.730734 
0.361327 0.095262 0.101421 0.738239 
0.353498 0.092466 0.101202 0.763807 
0.364763 0.103489 0.100830 0.771694 
0.358293 0.102168 0.126108 0.684390 
0.371174 0.097245 0.156254 0.714620 
0.358093 0.096088 0.150191 0.698022 
0.364267 0.100365 0.148488 0.687228 
0.364632 0.098973 0.185712 0.711417 
0.359985 0.098993 0.174194 0.688683 
0.353835 0.098830 0.165038 0.686457 
0.361563 0.097335 0.166249 0.721172 
0.382264 0.099011 0.177746 0.718415 
0.361438 0.096400 0.191011 0.710016 
0.329043 0.093855 0.114783 0.664947 
0.333495 0.096070 0.118822 0.700577 
0.321083 0.098742 0.114686 0.646329 
0.345193 0.095337 0.141228 0.700059 
0.333821 0.100084 0.125091 0.677146 
0.346064 0.098513 0.101293 0.693796 
0.319948 0.094096 0.122900 0.658154 
0.323081 0.094568 0.134945 0.662840 
0.335068 0.096299 0.134040 0.679361 
0.317491 0.097667 0.097305 0.658670 
0.335832 0.091189 0.149248 0.700008 
0.322209 0.094958 0.118551 0.645117 
0.344466 0.100311 0.126537 0.681791 
0.328618 0.089916 0.146097 0.675564 
0.322936 0.093683 0.131109 0.651314 
0.329678 0.097033 0.105996 0.705234 
0.344761 0.094557 0.114563 0.686077 
0.343276 0.094890 0.127802 0.741715 
0.345145 0.096163 0.115333 0.714654 
0.351136 0.094733 0.125999 0.717635 
0.352217 0.095199 0.110807 0.757592 
0.355051 0.098703 0.121411 0.706583 
0.355524 0.096738 0.118714 0.719172 
0.356051 0.094512 0.134858 0.725940 
0.342243 0.094381 0.115354 0.686370 
0.345059 0.094548 0.133019 0.706065 
0.356758 0.097504 0.109161 0.713818 
0.354280 0.096580 0.138780 0.742478 
0.357176 0.097355 0.114021 0.736168 
0.337980 0.090600 0.125075 0.715308 
0.360526 0.098981 0.153339 0.750551 
0.367850 0.101627 0.139623 0.732410 
0.348202 0.106982 0.125905 0.743457 
0.345335 0.103281 0.141222 0.724299 
0.348849 0.095260 0.152396 0.710258 
0.360128 0.103475 0.147853 0.738503 
0.357989 0.106595 0.134691 0.751233 
0.363462 0.098898 0.153690 0.777288 
0.362258 0.102576 0.123328 0.742223 
0.355801 0.099274 0.127538 0.726377 
0.346069 0.100973 0.147660 0.749642 
0.357170 0.099161 0.165578 0.742161 
0.359594 0.099542 0.140914 0.737409 
0.352972 0.097933 0.141729 0.773571 
0.349052 0.092426 0.139740 0.793106 
0.361702 0.091729 0.172781 0.776291 
0.358639 0.092860 0.161712 0.800736 
0.363201 0.096710 0.166271 0.779717 
0.363420 0.089604 0.152056 0.770706 
0.359702 0.096576 0.170890 0.787609 
0.346866 0.097091 0.154388 0.787276 
0.353313 0.098212 0.154228 0.811366 
0.350814 0.087665 0.161141 0.775617 
0.343405 0.094722 0.153057 0.772708 
0.380760 0.092558 0.167084 0.816193 
0.367515 0.096674 0.153810 0.783081 
0.359353 0.088344 0.171472 0.781275 
0.337506 0.100254 0.153064 0.739746 
0.352821 0.100965 0.169596 0.748143 
0.344864 0.103711 0.134881 0.749536 
0.340575 0.099810 0.157738 0.744805 
0.333427 0.099113 0.154577 0.733805 
0.341635 0.096828 0.167849 0.736291 
0.340010 0.099036 0.152888 0.736791 
0.336102 0.099033 0.143071 0.716159 
0.339102 0.097960 0.149446 0.752712 
0.338258 0.101844 0.155796 0.726905 
0.343918 0.102350 0.160449 0.739940 
0.328818 0.101717 0.143728 0.740585 
0.322586 0.095806 0.154538 0.779800 
0.323555 0.097351 0.148960 0.764108 
0.320750 0.095488 0.149317 0.766681 
0.335762 0.098803 0.141367 0.770159 
0.328603 0.098099 0.149164 0.787446 
0.352681 0.099246 0.145296 0.766605 
0.335625 0.094792 0.149298 0.748242 
0.332880 0.098363 0.149259 0.778470 
0.363240 0.106320 0.141608 0.823309 
0.342026 0.095612 0.171797 0.770202 
0.323923 0.095642 0.157415 0.754414 
0.332523 0.093664 0.153109 0.758914 
0.321879 0.094614 0.151288 0.768018 
0.366624 0.107353 0.141673 0.775951 
0.348892 0.099136 0.137460 0.765525 
0.347494 0.101820 0.101009 0.751514 
0.333712 0.096982 0.120320 0.726894 
0.361803 0.107441 0.143574 0.752809 
0.338082 0.095950 0.137056 0.739702 
0.361879 0.104985 0.122480 0.760268 
0.348549 0.099467 0.122572 0.733032 
0.347963 0.093996 0.136861 0.744645 
0.354195 0.092125 0.157622 0.732571 
0.355886 0.101681 0.151796 0.763510 
0.368433 0.100152 0.148598 0.748376 
0.349548 0.105638 0.124786 0.736420 
0.344968 0.105148 0.120357 0.747994 
0.357089 0.097885 0.145597 0.758978 
0.365395 0.106216 0.131881 0.792038 
0.365229 0.108167 0.118855 0.728834 
0.373215 0.104831 0.143581 0.791068 
0.363633 0.113583 0.128134 0.769392 
0.358760 0.104672 0.141629 0.759793 
0.375369 0.102628 0.121028 0.758621 
0.349560 0.101709 0.129210 0.753429 
0.360280 0.107280 0.125611 0.778524 
0.360269 0.099924 0.134906 0.756054 
0.350706 0.104509 0.118211 0.786820 
0.377931 0.104650 0.147667 0.785266 
0.349295 0.101826 0.112082 0.779437 
0.313998 0.093184 0.129317 0.673582 
0.316429 0.086520 0.142299 0.731718 
0.306855 0.085118 0.135521 0.741113 
0.314360 0.092464 0.139417 0.745993 
0.323569 0.094096 0.142005 0.750176 
0.309657 0.089736 0.129947 0.758947 
0.292408 0.087412 0.126475 0.695623 
0.297923 0.094711 0.115530 0.737309 
0.302472 0.087810 0.121095 0.710113 
0.317774 0.100341 0.121688 0.717778 
0.302288 0.089590 0.127750 0.685954 
0.312701 0.092081 0.148609 0.784354 
0.304676 0.087900 0.140184 0.752394 
