0.706186 0.088020 0.352228 0.858545 
0.706368 0.093058 0.339518 0.854577 
0.710769 0.090981 0.344067 0.877641 
0.723404 0.091284 0.359001 0.878400 
0.733152 0.104164 0.338109 0.896741 
0.722615 0.090914 0.352290 0.868447 
0.700582 0.086728 0.344389 0.837146 
0.690117 0.086044 0.336426 0.842673 
0.688633 0.081607 0.339584 0.837153 
0.710177 0.091139 0.333317 0.871199 
0.699668 0.090133 0.349640 0.860851 
0.713488 0.096014 0.350595 0.876046 
0.709835 0.088607 0.354468 0.870747 
0.744602 0.093416 0.343933 0.875674 
0.741506 0.095438 0.359095 0.866639 
0.731247 0.091920 0.354971 0.857074 
0.727884 0.089420 0.330418 0.854545 
0.713429 0.089488 0.319153 0.871192 
0.738849 0.091403 0.342105 0.855054 
0.739971 0.095071 0.346574 0.872229 
0.751529 0.095776 0.342472 0.884671 
0.728714 0.089345 0.360586 0.861996 
0.722248 0.089829 0.336010 0.858998 
0.747798 0.093908 0.381867 0.873461 
0.723932 0.094166 0.348586 0.861679 
0.717094 0.089974 0.358761 0.873585 
0.679624 0.080735 0.343559 0.788099 
0.719006 0.092486 0.372156 0.855224 
0.689551 0.076439 0.346887 0.787037 
0.731171 0.081009 0.405201 0.835069 
0.722107 0.083772 0.385837 0.848686 
0.729578 0.080657 0.410742 0.863031 
0.717838 0.083656 0.377720 0.822385 
0.707954 0.088433 0.362303 0.832159 
0.746719 0.102282 0.391460 0.948741 
0.716084 0.086453 0.351568 0.839525 
0.705880 0.082431 0.338904 0.808212 
0.701543 0.095257 0.318153 0.836880 
0.688967 0.088982 0.326712 0.829936 
0.709971 0.093376 0.335665 0.831567 
0.688951 0.084203 0.367655 0.821019 
0.685981 0.086493 0.336026 0.809074 
0.717802 0.092360 0.354595 0.840870 
0.699292 0.098951 0.319246 0.854123 
0.707378 0.090036 0.344841 0.825382 
0.697969 0.090190 0.340709 0.827437 
0.689178 0.087618 0.325339 0.830121 
0.701386 0.089399 0.348519 0.829160 
0.677999 0.085814 0.331005 0.817719 
0.698374 0.096968 0.323196 0.851844 
0.676572 0.096445 0.348656 0.812473 
0.677391 0.096624 0.323072 0.828962 
0.656263 0.089516 0.342106 0.777353 
0.666836 0.092128 0.326339 0.800350 
0.677127 0.093936 0.318124 0.799731 
0.659418 0.091113 0.318887 0.804856 
0.666981 0.091725 0.344226 0.799685 
0.686835 0.093597 0.341424 0.822660 
0.666086 0.091433 0.346141 0.798793 
0.686418 0.095910 0.323753 0.826372 
0.689539 0.079348 0.343580 0.813161 
0.708792 0.083600 0.334170 0.815091 
0.676502 0.078867 0.337423 0.795194 
0.698864 0.082837 0.341812 0.815028 
0.740675 0.091737 0.358857 0.855095 
0.693954 0.081840 0.335787 0.810788 
0.694001 0.082393 0.344017 0.810517 
0.699193 0.079824 0.361193 0.807742 
0.727276 0.085013 0.357469 0.841120 
0.715715 0.085577 0.369351 0.825311 
0.700457 0.094660 0.332675 0.867956 
0.679885 0.084866 0.351361 0.828929 
0.684530 0.088526 0.352357 0.842904 
0.692634 0.087065 0.361763 0.833921 
0.692819 0.087043 0.350899 0.862888 
0.704306 0.089557 0.343415 0.867488 
0.666114 0.082641 0.319550 0.814639 
0.694904 0.091450 0.306269 0.848090 
0.693562 0.088551 0.372397 0.868686 
0.667590 0.083140 0.313260 0.823823 
0.694844 0.091280 0.352378 0.822471 
0.674352 0.086597 0.339510 0.830277 
0.684739 0.083853 0.339938 0.838750 
0.698800 0.089215 0.338591 0.854866 
0.671007 0.084816 0.357831 0.839093 
0.683984 0.085481 0.359288 0.841186 
0.691519 0.091805 0.353693 0.850280 
0.685849 0.090493 0.354552 0.838134 
0.696961 0.091619 0.349927 0.852084 
0.711020 0.095243 0.344775 0.840952 
0.698190 0.085427 0.372280 0.824661 
0.714929 0.089885 0.366953 0.850828 
0.699599 0.090645 0.348191 0.820018 
0.706640 0.086897 0.362372 0.824170 
0.703946 0.092556 0.340219 0.840919 
0.713883 0.098343 0.348776 0.847757 
0.711721 0.095402 0.347633 0.842494 
0.692276 0.087204 0.368942 0.841640 
0.717294 0.088702 0.374095 0.872538 
0.690912 0.089136 0.360522 0.834239 
0.694126 0.096506 0.361852 0.839012 
0.686444 0.096979 0.361771 0.826736 
0.671644 0.094278 0.338286 0.846447 
0.709481 0.104333 0.347506 0.896240 
0.704506 0.101463 0.365076 0.859963 
0.707248 0.094893 0.353659 0.854444 
0.694914 0.101982 0.357032 0.870643 
0.701598 0.099614 0.377769 0.837722 
0.696582 0.095820 0.358005 0.843500 
0.708274 0.100180 0.369869 0.850088 
0.666170 0.095878 0.343757 0.831853 
0.686675 0.100903 0.367531 0.840996 
0.671401 0.095724 0.344801 0.854308 
0.694379 0.098104 0.357838 0.832693 
0.682779 0.093534 0.356890 0.811479 
0.721720 0.101217 0.340934 0.855630 
0.739121 0.105518 0.370068 0.891911 
0.724944 0.103012 0.375798 0.853611 
0.714587 0.101198 0.343999 0.838134 
0.730353 0.104964 0.358061 0.877464 
0.724080 0.104826 0.375081 0.875123 
0.720157 0.104412 0.344293 0.858023 
0.721145 0.103363 0.353513 0.879939 
0.734979 0.105619 0.369918 0.865312 
0.718940 0.096910 0.357588 0.854502 
0.735973 0.103511 0.362695 0.863924 
0.723125 0.104694 0.375850 0.857886 
0.684631 0.095385 0.351013 0.862207 
0.679910 0.092100 0.351079 0.843347 
0.683999 0.096714 0.347213 0.875144 
0.665085 0.092713 0.358807 0.858446 
0.688296 0.098753 0.368364 0.867581 
0.696268 0.096173 0.347479 0.897522 
0.697324 0.100514 0.346309 0.883472 
0.682757 0.100768 0.319591 0.894568 
0.696026 0.096987 0.368608 0.895341 
0.663798 0.090762 0.331120 0.823846 
0.683725 0.095502 0.331301 0.866141 
0.655290 0.090494 0.320891 0.813045 
0.667425 0.093616 0.352247 0.797318 
0.681513 0.095285 0.365090 0.800236 
0.685887 0.100723 0.373179 0.827433 
0.694225 0.098613 0.362389 0.838680 
0.700897 0.101795 0.378666 0.830274 
0.731723 0.104071 0.365972 0.863409 
0.696570 0.101262 0.361509 0.817249 
0.702694 0.097543 0.364152 0.829596 
0.740500 0.098006 0.399836 0.877373 
0.703493 0.095031 0.384914 0.837484 
0.678473 0.094882 0.376907 0.814117 
0.695229 0.096474 0.349447 0.826293 
0.678391 0.098524 0.345067 0.823022 
0.728127 0.091667 0.353954 0.859814 
0.711862 0.088397 0.339444 0.838416 
0.720787 0.091160 0.363619 0.852316 
0.700368 0.094454 0.343043 0.867818 
0.727836 0.093095 0.389930 0.871292 
0.712644 0.094653 0.358756 0.873648 
0.725770 0.095927 0.368048 0.863070 
0.710852 0.091223 0.335133 0.847691 
0.722678 0.096511 0.348043 0.856012 
0.709845 0.093744 0.315664 0.857642 
0.724124 0.098674 0.317473 0.851081 
0.723836 0.089378 0.366266 0.861644 
0.722925 0.096603 0.324467 0.872216 
0.699934 0.086054 0.374815 0.819525 
0.701883 0.081677 0.384573 0.807470 
0.741871 0.089385 0.352813 0.865254 
0.727927 0.086552 0.392522 0.841479 
0.741371 0.087798 0.391037 0.854061 
0.736725 0.088037 0.328054 0.844881 
0.736012 0.088914 0.372414 0.868491 
0.746564 0.087771 0.385249 0.863193 
0.727495 0.092069 0.334036 0.850593 
0.723732 0.084376 0.383350 0.849923 
0.739396 0.093012 0.369473 0.868247 
0.712553 0.085299 0.362522 0.806415 
0.743823 0.087509 0.394118 0.870650 
0.723350 0.095179 0.358305 0.867641 
0.671787 0.099336 0.305809 0.836495 
0.672300 0.107224 0.338392 0.862449 
0.692752 0.112882 0.343511 0.862944 
0.686296 0.112985 0.330469 0.857762 
0.685418 0.104635 0.339896 0.857811 
0.704874 0.115443 0.343340 0.873597 
0.677329 0.106393 0.325862 0.855778 
0.687088 0.107597 0.318587 0.851455 
0.658970 0.105511 0.335244 0.841077 
0.688973 0.115277 0.341477 0.892098 
0.661459 0.099389 0.325334 0.843032 
0.667560 0.104788 0.340476 0.877584 
0.684444 0.103675 0.342209 0.847839 
