0.700971 0.113110 0.392525 0.867375 
0.664125 0.103873 0.367453 0.827753 
0.680199 0.107232 0.386579 0.841457 
0.693624 0.104365 0.412865 0.852153 
0.703414 0.121588 0.385132 0.873553 
0.690391 0.101948 0.392338 0.838972 
0.691783 0.114007 0.385426 0.855064 
0.684584 0.111265 0.385729 0.843882 
0.685624 0.112280 0.379980 0.867335 
0.681829 0.107358 0.386657 0.846519 
0.669429 0.106912 0.390366 0.834957 
0.673090 0.107061 0.387097 0.857431 
0.706249 0.113470 0.365405 0.875924 
0.726615 0.106991 0.396883 0.876515 
0.711755 0.105155 0.381405 0.856510 
0.710372 0.105236 0.390667 0.847750 
0.707654 0.107070 0.361311 0.852363 
0.725181 0.109414 0.356102 0.873454 
0.722447 0.109306 0.371791 0.858367 
0.727801 0.112983 0.394090 0.879991 
0.734759 0.111444 0.374979 0.885996 
0.728577 0.110009 0.363648 0.876549 
0.704491 0.102899 0.382215 0.845632 
0.723979 0.108284 0.376407 0.872199 
0.720472 0.110220 0.368098 0.879279 
0.708944 0.103031 0.402713 0.865594 
0.688353 0.110395 0.360561 0.886863 
0.710059 0.110939 0.400803 0.879016 
0.716858 0.120588 0.390195 0.921019 
0.742798 0.110168 0.409682 0.901921 
0.743471 0.117996 0.393946 0.950669 
0.726597 0.104911 0.418069 0.890629 
0.721198 0.114213 0.384012 0.894888 
0.724675 0.123602 0.390462 0.935387 
0.735015 0.112453 0.426160 0.915424 
0.740791 0.125305 0.398966 0.937652 
0.710495 0.116874 0.383777 0.889940 
0.698407 0.108549 0.397732 0.870812 
0.702795 0.118967 0.392296 0.892406 
0.694361 0.103614 0.381304 0.848639 
0.696094 0.107486 0.411682 0.859147 
0.688268 0.109924 0.386915 0.864310 
0.689604 0.104980 0.384451 0.856954 
0.696166 0.119538 0.385758 0.873303 
0.692339 0.109229 0.369505 0.865831 
0.683253 0.106109 0.397039 0.848530 
0.700346 0.112495 0.377580 0.868253 
0.674013 0.101593 0.402089 0.859373 
0.687365 0.108941 0.380562 0.859195 
0.659211 0.115602 0.351748 0.872337 
0.640287 0.117915 0.323005 0.855730 
0.643070 0.106820 0.340880 0.821019 
0.659947 0.122916 0.345056 0.842903 
0.649827 0.117746 0.333700 0.828626 
0.668053 0.119426 0.325449 0.856510 
0.649473 0.115796 0.342439 0.851346 
0.638255 0.105820 0.335813 0.814878 
0.659575 0.115658 0.331383 0.845191 
0.642560 0.114285 0.343983 0.831632 
0.635809 0.110476 0.344808 0.834914 
0.691314 0.111636 0.386990 0.863135 
0.685956 0.096588 0.402919 0.825928 
0.702176 0.108482 0.396027 0.862128 
0.691595 0.106332 0.394852 0.855913 
0.678935 0.091321 0.419996 0.817641 
0.688262 0.102463 0.422951 0.838599 
0.684489 0.100780 0.387423 0.827927 
0.693631 0.103841 0.393423 0.857356 
0.731574 0.118057 0.396882 0.905619 
0.689074 0.096187 0.391020 0.840111 
0.678230 0.112522 0.379910 0.892920 
0.683242 0.114196 0.359418 0.868895 
0.662092 0.110774 0.359859 0.859041 
0.690287 0.120128 0.367154 0.905982 
0.702758 0.117504 0.382551 0.891319 
0.685491 0.115014 0.384604 0.893363 
0.665264 0.115815 0.349843 0.866085 
0.664631 0.106219 0.393851 0.853193 
0.679474 0.114831 0.359319 0.918428 
0.681524 0.113884 0.374365 0.871065 
0.668652 0.115439 0.364581 0.875914 
0.657868 0.106749 0.369860 0.861190 
0.666256 0.104448 0.377880 0.880681 
0.674579 0.111405 0.383469 0.859273 
0.692844 0.121996 0.372212 0.895574 
0.663814 0.111602 0.376208 0.829316 
0.723491 0.128361 0.382682 0.948859 
0.683059 0.102840 0.367338 0.844051 
0.694894 0.115117 0.364167 0.897809 
0.704147 0.117989 0.378606 0.912087 
0.692659 0.100614 0.400732 0.866383 
0.723988 0.113968 0.383873 0.927238 
0.688771 0.111132 0.375141 0.862400 
0.678672 0.093735 0.406358 0.882071 
0.690830 0.108249 0.383661 0.857941 
0.686823 0.104216 0.386970 0.856137 
0.705778 0.118762 0.381945 0.890606 
0.702736 0.109595 0.384530 0.913379 
0.689322 0.095997 0.427873 0.865032 
0.656981 0.090310 0.413028 0.839550 
0.687809 0.113285 0.393864 0.857305 
0.674784 0.106528 0.362852 0.835505 
0.680909 0.131407 0.360310 0.933155 
0.660530 0.100788 0.391184 0.931711 
0.671615 0.108926 0.375927 0.843818 
0.670782 0.104019 0.396488 0.848347 
0.674234 0.105316 0.400833 0.849609 
0.654998 0.096747 0.387220 0.836771 
0.664971 0.104581 0.399433 0.854251 
0.668941 0.103220 0.393359 0.845816 
0.669837 0.117086 0.376213 0.885202 
0.660643 0.108891 0.369056 0.849201 
0.693044 0.123998 0.377950 0.903169 
0.645944 0.102888 0.385350 0.807378 
0.672478 0.105819 0.341895 0.825007 
0.688645 0.111264 0.347010 0.880530 
0.640611 0.087971 0.396042 0.785068 
0.682181 0.102747 0.356677 0.838905 
0.674482 0.110184 0.356280 0.838805 
0.669987 0.105802 0.372208 0.847816 
0.641219 0.091406 0.386846 0.792182 
0.648092 0.094450 0.365588 0.795684 
0.670920 0.108525 0.357881 0.823432 
0.664117 0.097610 0.380144 0.820674 
0.683491 0.107692 0.360806 0.855765 
0.661816 0.096809 0.386291 0.853176 
0.674412 0.102836 0.385094 0.841687 
0.667995 0.114870 0.350815 0.839171 
0.685112 0.127542 0.361545 0.894359 
0.697903 0.120497 0.385733 0.877617 
0.694505 0.131803 0.333802 0.920449 
0.656858 0.107830 0.364585 0.839881 
0.680150 0.113278 0.389360 0.855996 
0.676227 0.115026 0.306589 0.864087 
0.693982 0.137021 0.349283 0.954666 
0.678757 0.108699 0.387497 0.862620 
0.675727 0.116153 0.353861 0.836592 
0.691448 0.119683 0.385237 0.875173 
0.653874 0.107686 0.344753 0.821949 
0.665551 0.116135 0.358472 0.844881 
0.664141 0.102839 0.372403 0.868187 
0.668309 0.102152 0.403718 0.843087 
0.671880 0.112945 0.377147 0.869541 
0.661619 0.102302 0.390616 0.847655 
0.717532 0.118207 0.403054 0.903973 
0.688307 0.114870 0.404118 0.863293 
0.676707 0.110844 0.376998 0.841032 
0.711104 0.098339 0.462539 0.877278 
0.677101 0.103920 0.384779 0.850232 
0.682517 0.117793 0.391696 0.862852 
0.677219 0.110540 0.392275 0.848167 
0.691628 0.121221 0.399005 0.894219 
0.721833 0.113248 0.377869 0.880355 
0.692733 0.096550 0.388344 0.835294 
0.702951 0.107646 0.390449 0.865376 
0.676032 0.095337 0.368417 0.862096 
0.734860 0.109598 0.387925 0.893686 
0.705163 0.110843 0.379070 0.883871 
0.699848 0.110756 0.355349 0.867499 
0.695365 0.100830 0.387361 0.857480 
0.714775 0.111822 0.381888 0.891400 
0.700121 0.113328 0.351922 0.877561 
0.707321 0.108880 0.382055 0.865326 
0.719700 0.106911 0.372658 0.882662 
0.714465 0.110730 0.374746 0.900886 
0.697401 0.105961 0.396490 0.864141 
0.705267 0.108928 0.389412 0.866237 
0.704043 0.103435 0.391353 0.853294 
0.708759 0.102825 0.379375 0.860069 
0.715241 0.105581 0.401700 0.874502 
0.693272 0.097941 0.412022 0.866760 
0.690901 0.097697 0.373300 0.844711 
0.725872 0.107649 0.398107 0.897721 
0.711376 0.109842 0.398806 0.879731 
0.726384 0.109354 0.393206 0.882469 
0.702713 0.103986 0.387077 0.864638 
0.693260 0.102037 0.379234 0.846785 
0.718486 0.101123 0.409576 0.863820 
0.688104 0.101811 0.379297 0.838253 
0.643411 0.122271 0.342136 0.844899 
0.649071 0.120202 0.363212 0.842609 
0.645565 0.117325 0.362707 0.831891 
0.641069 0.115147 0.357264 0.815500 
0.639463 0.110665 0.357175 0.809450 
0.629432 0.105847 0.352472 0.800406 
0.628372 0.111806 0.349621 0.824972 
0.634926 0.115956 0.314457 0.849919 
0.632497 0.115732 0.361872 0.853580 
0.650392 0.118115 0.360610 0.842647 
0.645963 0.125046 0.356507 0.834277 
0.643035 0.116464 0.367938 0.843193 
0.640024 0.108578 0.356315 0.817781 
