0.566761 0.109269 0.327559 0.756748 
0.529098 0.112699 0.322362 0.725337 
0.545924 0.118242 0.328792 0.753018 
0.572298 0.113849 0.327138 0.781003 
0.561453 0.101314 0.357461 0.755272 
0.579873 0.109687 0.335777 0.762236 
0.522946 0.110146 0.314943 0.728994 
0.541265 0.106188 0.313863 0.733188 
0.560940 0.119356 0.321362 0.772617 
0.558876 0.114093 0.324938 0.767629 
0.539021 0.126823 0.325917 0.771317 
0.551828 0.115031 0.324005 0.806865 
0.563227 0.111673 0.327868 0.775862 
0.590739 0.112358 0.318739 0.792079 
0.578447 0.116517 0.293710 0.774510 
0.583250 0.114667 0.311729 0.799119 
0.569511 0.111665 0.316220 0.781670 
0.580816 0.100273 0.302441 0.758965 
0.581958 0.114788 0.312702 0.793592 
0.582400 0.115053 0.308001 0.798889 
0.578034 0.111258 0.306966 0.781287 
0.584480 0.113085 0.303169 0.778412 
0.572159 0.114710 0.316514 0.775801 
0.579924 0.109822 0.329138 0.777478 
0.564137 0.107980 0.306031 0.748390 
0.578965 0.108322 0.312121 0.765878 
0.556245 0.107031 0.284832 0.764041 
0.591299 0.114661 0.312361 0.796475 
0.568796 0.111028 0.303190 0.777317 
0.625695 0.118869 0.310986 0.817387 
0.604565 0.108678 0.300564 0.800057 
0.602530 0.110093 0.308637 0.790589 
0.597116 0.118871 0.310427 0.806122 
0.571198 0.122778 0.281857 0.793958 
0.631201 0.126659 0.313693 0.851929 
0.572441 0.115099 0.307718 0.789115 
0.591135 0.109656 0.309993 0.791601 
0.549144 0.121345 0.283835 0.801548 
0.546616 0.109765 0.304634 0.788693 
0.545468 0.118409 0.285553 0.788899 
0.556355 0.116691 0.301824 0.789603 
0.549650 0.111066 0.309595 0.796587 
0.543066 0.106557 0.308539 0.793095 
0.548664 0.116357 0.295028 0.814579 
0.541391 0.112785 0.295323 0.770705 
0.552344 0.115098 0.297737 0.805016 
0.541859 0.107841 0.289999 0.745851 
0.561728 0.116987 0.303507 0.815183 
0.545354 0.116197 0.299982 0.777338 
0.507060 0.122809 0.220747 0.767841 
0.486318 0.115878 0.219569 0.736055 
0.508966 0.120532 0.225603 0.776368 
0.486426 0.119513 0.221104 0.758155 
0.498445 0.118716 0.233795 0.738499 
0.499744 0.115767 0.224920 0.738754 
0.468811 0.114160 0.224397 0.707295 
0.484369 0.115818 0.218732 0.717414 
0.498144 0.121653 0.214860 0.769182 
0.494308 0.122605 0.228094 0.760492 
0.497691 0.122925 0.227114 0.758591 
0.573029 0.101658 0.354623 0.743727 
0.593287 0.100487 0.355588 0.784805 
0.573022 0.101937 0.365188 0.757537 
0.580029 0.108238 0.341845 0.794734 
0.577684 0.113275 0.334639 0.788548 
0.569206 0.103917 0.345072 0.761044 
0.565721 0.099219 0.374693 0.767954 
0.571932 0.111183 0.349693 0.792929 
0.605815 0.100063 0.377504 0.783548 
0.570449 0.119651 0.338601 0.802596 
0.578288 0.123522 0.303652 0.808640 
0.587072 0.113978 0.297606 0.797047 
0.565201 0.107388 0.294883 0.783771 
0.597251 0.113568 0.306187 0.828449 
0.583357 0.120400 0.285592 0.839250 
0.609502 0.112360 0.270455 0.805162 
0.567775 0.116014 0.297764 0.802627 
0.576084 0.117803 0.298310 0.799688 
0.576890 0.121497 0.291458 0.819776 
0.553151 0.108372 0.276264 0.770107 
0.575902 0.118916 0.306332 0.819222 
0.581093 0.110517 0.305066 0.792137 
0.588649 0.121094 0.261654 0.810528 
0.570954 0.106000 0.301442 0.795947 
0.563679 0.106755 0.293358 0.768546 
0.580956 0.110297 0.308652 0.790909 
0.541821 0.111043 0.267838 0.768379 
0.538099 0.111845 0.282966 0.786964 
0.536775 0.111547 0.276609 0.766512 
0.541158 0.114253 0.288110 0.766483 
0.566041 0.118550 0.294741 0.800365 
0.570943 0.117406 0.310809 0.825818 
0.564675 0.121209 0.292880 0.794007 
0.579817 0.127185 0.282014 0.836322 
0.542339 0.120718 0.279624 0.766802 
0.536215 0.115319 0.292610 0.770133 
0.556649 0.114059 0.302356 0.786898 
0.555769 0.111885 0.315468 0.790155 
0.576500 0.116432 0.310121 0.804822 
0.543428 0.114466 0.284518 0.781432 
0.547578 0.113063 0.274384 0.750033 
0.547049 0.119060 0.289050 0.771293 
0.506085 0.106885 0.256504 0.684616 
0.532365 0.120469 0.259707 0.778210 
0.521465 0.112235 0.259507 0.722805 
0.546646 0.118325 0.269786 0.749860 
0.519153 0.108852 0.259694 0.727375 
0.544272 0.120904 0.284310 0.832503 
0.531624 0.130723 0.265266 0.769193 
0.532964 0.113638 0.264668 0.744429 
0.519395 0.111944 0.270747 0.738213 
0.542694 0.108808 0.285586 0.755493 
0.541736 0.106241 0.285750 0.742782 
0.529236 0.120510 0.249517 0.767493 
0.530119 0.114622 0.291398 0.766064 
0.534457 0.111585 0.310589 0.780588 
0.527104 0.124220 0.294155 0.782019 
0.528454 0.117800 0.306654 0.740033 
0.524880 0.116561 0.293289 0.749892 
0.543244 0.113841 0.305010 0.762512 
0.514422 0.125045 0.291565 0.778401 
0.524082 0.113465 0.293184 0.752237 
0.508958 0.109868 0.276598 0.734339 
0.518792 0.124212 0.292907 0.772851 
0.543371 0.111625 0.305746 0.773205 
0.551297 0.118619 0.302785 0.794068 
0.537829 0.121259 0.305140 0.791846 
0.523824 0.116300 0.279414 0.773580 
0.538865 0.110681 0.264371 0.776690 
0.534338 0.109778 0.293385 0.777889 
0.545318 0.111707 0.306121 0.801762 
0.510343 0.108998 0.293945 0.760745 
0.528682 0.112226 0.297579 0.772198 
0.531856 0.117880 0.269719 0.767051 
0.507179 0.110123 0.282576 0.740067 
0.537302 0.119150 0.276410 0.818452 
0.525354 0.115927 0.282395 0.782225 
0.533303 0.110278 0.277473 0.778075 
0.524154 0.106925 0.277160 0.766672 
0.514547 0.112037 0.302229 0.805802 
0.518981 0.113784 0.303229 0.796544 
0.511669 0.112435 0.294861 0.791913 
0.514591 0.107033 0.291669 0.775379 
0.511290 0.113107 0.306295 0.808900 
0.546121 0.116854 0.291750 0.825324 
0.514315 0.105198 0.294800 0.815482 
0.528086 0.111490 0.291191 0.789840 
0.556712 0.121582 0.306831 0.835149 
0.540294 0.113329 0.310568 0.796041 
0.519432 0.113554 0.299931 0.823123 
0.510377 0.110065 0.276813 0.783400 
0.516414 0.111111 0.284999 0.810366 
0.548060 0.108807 0.278108 0.761244 
0.536832 0.118570 0.294850 0.763032 
0.526660 0.107961 0.309302 0.746925 
0.521134 0.116249 0.286752 0.748874 
0.546568 0.103937 0.300996 0.755826 
0.516803 0.110056 0.301852 0.746870 
0.542996 0.111769 0.306918 0.779185 
0.530964 0.113977 0.295845 0.747854 
0.544021 0.123303 0.283277 0.765656 
0.531625 0.112248 0.298877 0.771288 
0.542609 0.120509 0.300724 0.779188 
0.546629 0.117905 0.318504 0.778443 
0.538559 0.112507 0.302935 0.758131 
0.552002 0.122232 0.303787 0.843944 
0.547095 0.110344 0.317507 0.793689 
0.574576 0.127923 0.304583 0.866102 
0.563431 0.120664 0.309783 0.832743 
0.582488 0.128012 0.305227 0.861302 
0.579962 0.134736 0.304476 0.846046 
0.563352 0.127302 0.302531 0.850224 
0.579467 0.123135 0.307301 0.844096 
0.542596 0.118813 0.317112 0.796446 
0.561856 0.123179 0.318243 0.836930 
0.550950 0.120276 0.300452 0.810971 
0.557528 0.125959 0.295496 0.815636 
0.580716 0.122819 0.324960 0.864803 
0.550767 0.122636 0.298062 0.853364 
0.512704 0.115318 0.264673 0.761790 
0.519062 0.115099 0.286886 0.796365 
0.507828 0.116993 0.274167 0.747967 
0.506441 0.118423 0.237495 0.762560 
0.517592 0.115677 0.265117 0.765977 
0.500789 0.121935 0.270735 0.800102 
0.488820 0.116598 0.241889 0.737721 
0.499151 0.118289 0.257891 0.755946 
0.507758 0.125330 0.250736 0.804856 
0.520274 0.114691 0.257988 0.766045 
0.505861 0.114592 0.249725 0.758691 
0.517504 0.115066 0.287763 0.771565 
0.501830 0.116388 0.268886 0.779691 
