0.697564 0.105148 0.402465 0.872883 
0.674383 0.106395 0.375999 0.853843 
0.711890 0.125257 0.385570 0.898708 
0.710402 0.114818 0.387611 0.894354 
0.687368 0.103393 0.410568 0.894464 
0.689728 0.097528 0.427683 0.876164 
0.691036 0.110284 0.390458 0.873797 
0.698311 0.115412 0.386829 0.891476 
0.690758 0.109368 0.400031 0.857464 
0.693437 0.112780 0.386122 0.876625 
0.695677 0.123051 0.386220 0.891290 
0.665838 0.103776 0.371769 0.880951 
0.719286 0.116037 0.392117 0.903339 
0.731741 0.109649 0.437865 0.887119 
0.721391 0.111356 0.425853 0.873838 
0.716616 0.109009 0.420542 0.864821 
0.712997 0.105448 0.422877 0.869567 
0.733545 0.114377 0.417066 0.910412 
0.725082 0.104595 0.426368 0.865080 
0.708422 0.098087 0.415804 0.867042 
0.742565 0.111387 0.430534 0.901060 
0.731999 0.109003 0.417995 0.873504 
0.721818 0.110205 0.431108 0.884479 
0.739887 0.117353 0.394116 0.896112 
0.746508 0.123100 0.393755 0.940430 
0.726442 0.112523 0.407240 0.884514 
0.713796 0.128188 0.401632 0.933329 
0.716037 0.120676 0.412092 0.941927 
0.723117 0.122152 0.407861 0.968180 
0.766607 0.127122 0.432669 0.959718 
0.764257 0.127169 0.428037 0.979277 
0.762884 0.134422 0.421880 0.979167 
0.725143 0.110343 0.420081 0.877524 
0.734368 0.125491 0.431791 0.946689 
0.726840 0.103579 0.445684 0.875885 
0.750268 0.126433 0.413963 0.962867 
0.722996 0.112284 0.399399 0.892848 
0.699579 0.110282 0.417743 0.871913 
0.691002 0.103330 0.400267 0.875517 
0.714596 0.116971 0.418604 0.892432 
0.709406 0.112543 0.407600 0.873338 
0.688256 0.102101 0.417296 0.865626 
0.721715 0.117200 0.394337 0.895436 
0.689431 0.105334 0.404265 0.888803 
0.716512 0.118818 0.411392 0.899956 
0.701105 0.105232 0.437477 0.862288 
0.718314 0.120853 0.391710 0.897327 
0.703756 0.116525 0.389308 0.878977 
0.708477 0.119628 0.393801 0.901800 
0.676482 0.114330 0.361484 0.855444 
0.645627 0.106502 0.357841 0.817534 
0.670784 0.112632 0.392194 0.855684 
0.649940 0.112628 0.377584 0.836319 
0.655904 0.104927 0.367555 0.819906 
0.665992 0.108991 0.381232 0.845911 
0.667945 0.120222 0.343334 0.887520 
0.647291 0.102117 0.371805 0.843145 
0.660547 0.105645 0.379219 0.826428 
0.633596 0.098116 0.365880 0.795673 
0.654153 0.106528 0.382134 0.818733 
0.707872 0.115887 0.408908 0.884275 
0.701481 0.107465 0.422881 0.874340 
0.692742 0.108643 0.402003 0.892587 
0.693813 0.106547 0.426391 0.872802 
0.700969 0.106347 0.426725 0.856514 
0.688385 0.107478 0.421541 0.856512 
0.695098 0.107489 0.407231 0.860747 
0.681202 0.103863 0.421012 0.864487 
0.708606 0.103521 0.418479 0.866753 
0.687156 0.111880 0.408753 0.858892 
0.684515 0.109066 0.403717 0.893076 
0.669121 0.103112 0.402242 0.863442 
0.665699 0.106505 0.389329 0.848249 
0.678219 0.106720 0.410342 0.891181 
0.695423 0.121068 0.411628 0.936895 
0.694293 0.105737 0.392185 0.906632 
0.656269 0.105994 0.394146 0.853686 
0.671046 0.109268 0.391843 0.866972 
0.684290 0.107985 0.409693 0.896976 
0.657400 0.111402 0.381909 0.889259 
0.659759 0.102732 0.416264 0.878211 
0.661478 0.106766 0.396841 0.845681 
0.669879 0.102562 0.406285 0.862228 
0.679493 0.115330 0.386953 0.874686 
0.689809 0.117965 0.392502 0.900800 
0.672046 0.114320 0.352941 0.882032 
0.702760 0.123710 0.371029 0.900775 
0.693285 0.121829 0.360880 0.906689 
0.672286 0.102094 0.380884 0.856497 
0.689574 0.105237 0.410832 0.850165 
0.698421 0.111930 0.404137 0.895919 
0.712519 0.115907 0.393394 0.901647 
0.677869 0.104337 0.408274 0.848585 
0.686340 0.103101 0.415482 0.852071 
0.693045 0.110075 0.395352 0.880482 
0.687976 0.109676 0.391957 0.879201 
0.674479 0.100714 0.388103 0.824618 
0.713096 0.125709 0.382635 0.900547 
0.698796 0.111785 0.405197 0.879520 
0.690267 0.113264 0.361968 0.875121 
0.670387 0.108579 0.410401 0.880381 
0.662221 0.100681 0.403715 0.851751 
0.657413 0.102220 0.377300 0.856688 
0.664290 0.114407 0.401651 0.896469 
0.688877 0.122679 0.408825 0.896845 
0.684811 0.117287 0.414996 0.884531 
0.714880 0.126131 0.394940 0.957527 
0.675973 0.103767 0.423030 0.867804 
0.676118 0.102357 0.416352 0.860742 
0.670413 0.102572 0.435009 0.870756 
0.651569 0.104277 0.392355 0.832300 
0.660399 0.103197 0.399009 0.851383 
0.679791 0.114733 0.408886 0.870824 
0.667161 0.111910 0.408547 0.845636 
0.664363 0.102484 0.367259 0.827752 
0.699060 0.116992 0.389137 0.880507 
0.705852 0.127154 0.380153 0.911476 
0.693846 0.123519 0.376933 0.900551 
0.670791 0.106313 0.390767 0.842914 
0.698225 0.119467 0.377854 0.909193 
0.668837 0.107531 0.351841 0.865014 
0.664124 0.104394 0.381438 0.840983 
0.693063 0.120565 0.357521 0.887870 
0.688162 0.119539 0.387847 0.927462 
0.699204 0.111971 0.412699 0.870598 
0.675115 0.109965 0.388172 0.875777 
0.667413 0.105887 0.383781 0.855814 
0.684510 0.113770 0.402336 0.859536 
0.666099 0.100344 0.388886 0.858737 
0.712118 0.123712 0.394282 0.897356 
0.707960 0.125384 0.367364 0.932863 
0.698994 0.126058 0.396749 0.885396 
0.719157 0.132539 0.404679 0.905619 
0.689647 0.116660 0.410891 0.895667 
0.708487 0.124645 0.417280 0.931828 
0.714391 0.126940 0.415717 0.893935 
0.691963 0.116490 0.380123 0.854482 
0.709492 0.123749 0.406889 0.892839 
0.674472 0.110339 0.396390 0.844155 
0.640486 0.091724 0.399423 0.791223 
0.671699 0.108302 0.406228 0.841637 
0.664807 0.109573 0.384813 0.834134 
0.657159 0.107588 0.418899 0.825478 
0.679728 0.108506 0.414341 0.872665 
0.699424 0.109683 0.424377 0.875364 
0.660573 0.102887 0.408306 0.824734 
0.681253 0.112837 0.407206 0.850737 
0.719085 0.108352 0.436089 0.875519 
0.686207 0.112461 0.392805 0.867011 
0.657331 0.103131 0.395593 0.843387 
0.660786 0.107345 0.381011 0.818114 
0.669257 0.110666 0.370241 0.828388 
0.727774 0.117047 0.427410 0.896196 
0.696971 0.104988 0.411047 0.861085 
0.705185 0.112055 0.425347 0.869809 
0.696098 0.118478 0.383703 0.883532 
0.737665 0.117657 0.416821 0.895233 
0.702368 0.118227 0.427154 0.876033 
0.698617 0.110670 0.409185 0.897988 
0.697498 0.112580 0.425234 0.884122 
0.709439 0.108054 0.420660 0.889607 
0.703944 0.109215 0.414642 0.886702 
0.703466 0.107517 0.425696 0.869252 
0.714566 0.112666 0.434942 0.883325 
0.715387 0.115765 0.424130 0.900174 
0.702577 0.100325 0.418969 0.851569 
0.697691 0.098342 0.420752 0.847778 
0.694017 0.091410 0.432727 0.843902 
0.710024 0.098193 0.430712 0.865309 
0.713007 0.094542 0.432375 0.862393 
0.699590 0.091664 0.453766 0.885801 
0.694656 0.101084 0.410665 0.868412 
0.716376 0.088389 0.441290 0.846980 
0.730387 0.105807 0.406421 0.903599 
0.720801 0.093582 0.453296 0.872125 
0.718484 0.103569 0.435198 0.896018 
0.682592 0.094043 0.420706 0.845897 
0.727030 0.102791 0.413425 0.885498 
0.674942 0.092571 0.398189 0.830981 
0.633161 0.109265 0.374430 0.840733 
0.663079 0.121671 0.379677 0.876593 
0.664263 0.118293 0.390361 0.877887 
0.653687 0.113068 0.386139 0.876924 
0.654778 0.122689 0.388663 0.854145 
0.654252 0.119477 0.381965 0.884037 
0.651172 0.123654 0.380550 0.864882 
0.660743 0.123728 0.384111 0.873266 
0.623734 0.107910 0.385311 0.827806 
0.662799 0.127520 0.395567 0.912157 
0.647876 0.111027 0.398298 0.853320 
0.662275 0.127664 0.386185 0.881619 
0.664023 0.126213 0.382633 0.896437 
