0.506945 0.122695 0.199398 0.769893 
0.530065 0.114581 0.273786 0.776800 
0.542280 0.117761 0.253662 0.803612 
0.529615 0.126067 0.256089 0.802547 
0.509605 0.121891 0.253707 0.806931 
0.526816 0.115358 0.260667 0.823256 
0.505276 0.123563 0.230611 0.791230 
0.508707 0.117889 0.258491 0.795511 
0.522026 0.119495 0.254523 0.809064 
0.523891 0.115568 0.262695 0.836704 
0.523266 0.119582 0.259395 0.820512 
0.516160 0.130397 0.221712 0.819707 
0.523317 0.116455 0.252510 0.817410 
0.562866 0.107309 0.362621 0.870503 
0.538628 0.110188 0.337548 0.826797 
0.555273 0.107702 0.347215 0.862730 
0.557304 0.116503 0.338331 0.871912 
0.537650 0.116541 0.342426 0.872507 
0.569261 0.110280 0.328783 0.867195 
0.545655 0.114398 0.342537 0.857947 
0.582828 0.109734 0.349297 0.890035 
0.570197 0.107896 0.352188 0.856477 
0.550804 0.111283 0.351510 0.838222 
0.559280 0.106921 0.341553 0.844788 
0.558078 0.107019 0.303141 0.841281 
0.560966 0.110587 0.328536 0.862483 
0.549592 0.131735 0.257910 0.851934 
0.553783 0.128257 0.265453 0.840638 
0.561415 0.147181 0.233721 0.867460 
0.571010 0.144591 0.268653 0.846338 
0.590884 0.149924 0.232738 0.865559 
0.574491 0.141611 0.260190 0.860142 
0.570168 0.143222 0.243840 0.881607 
0.569564 0.126427 0.279682 0.862626 
0.577076 0.143630 0.235008 0.863293 
0.557159 0.137687 0.220092 0.850164 
0.546683 0.132384 0.269804 0.845448 
0.530813 0.131237 0.266942 0.830829 
0.515821 0.124532 0.284900 0.788743 
0.536429 0.119734 0.303741 0.805973 
0.524918 0.125149 0.281765 0.821964 
0.520928 0.122448 0.267420 0.801069 
0.521756 0.131788 0.248996 0.820329 
0.535628 0.130273 0.286522 0.829241 
0.523188 0.121911 0.294544 0.799914 
0.527434 0.120164 0.270058 0.808999 
0.525521 0.113471 0.270641 0.812955 
0.521221 0.120332 0.295949 0.806246 
0.529693 0.123565 0.266191 0.823725 
0.521108 0.133871 0.242885 0.868510 
0.480977 0.129568 0.249635 0.786490 
0.517274 0.137398 0.279566 0.858189 
0.511347 0.126828 0.242353 0.811264 
0.509308 0.130614 0.261679 0.816199 
0.514072 0.128579 0.262018 0.825787 
0.501356 0.134870 0.253011 0.838156 
0.485578 0.133255 0.238190 0.832346 
0.522902 0.134541 0.272567 0.840401 
0.494385 0.130926 0.226873 0.820088 
0.501379 0.133346 0.260485 0.835119 
0.590146 0.150586 0.219288 0.902256 
0.592183 0.150854 0.230760 0.883382 
0.578419 0.142373 0.213227 0.881831 
0.586481 0.141426 0.235289 0.905287 
0.584303 0.146724 0.228167 0.888291 
0.580313 0.149841 0.206716 0.857355 
0.579473 0.143439 0.210923 0.875173 
0.601113 0.153562 0.237827 0.878346 
0.593707 0.158266 0.195968 0.908367 
0.592479 0.157189 0.190733 0.903325 
0.512382 0.127185 0.288361 0.865353 
0.515903 0.128834 0.261229 0.815666 
0.499965 0.124899 0.267970 0.837017 
0.498503 0.131198 0.277011 0.846367 
0.524172 0.138461 0.293092 0.878292 
0.506764 0.121504 0.268126 0.820179 
0.498894 0.129632 0.247628 0.840177 
0.506375 0.131449 0.296614 0.821197 
0.521759 0.122249 0.266695 0.819557 
0.512963 0.126535 0.270529 0.842664 
0.511736 0.127550 0.255810 0.848527 
0.500684 0.120345 0.250717 0.823931 
0.487244 0.124664 0.231320 0.829058 
0.500056 0.136392 0.220122 0.848787 
0.506708 0.129058 0.284863 0.825803 
0.500955 0.125883 0.246852 0.863625 
0.525498 0.156731 0.176278 0.871024 
0.513263 0.150900 0.235394 0.871979 
0.519765 0.151769 0.224791 0.855357 
0.525755 0.151035 0.219753 0.883084 
0.525242 0.153983 0.224714 0.890992 
0.543922 0.163169 0.227342 0.905674 
0.519156 0.152342 0.228490 0.863333 
0.545099 0.156179 0.220911 0.882657 
0.528160 0.151425 0.223709 0.877048 
0.542824 0.143616 0.233331 0.865817 
0.521358 0.151700 0.230915 0.861483 
0.537019 0.160680 0.224307 0.880068 
0.569832 0.154370 0.219765 0.918269 
0.513931 0.132558 0.215029 0.810338 
0.521438 0.140523 0.180042 0.864638 
0.506236 0.144938 0.205627 0.816111 
0.492555 0.133056 0.205695 0.831427 
0.489249 0.150202 0.175242 0.877029 
0.502571 0.138837 0.170477 0.836372 
0.525673 0.138997 0.212795 0.841151 
0.500102 0.143339 0.180984 0.841521 
0.485672 0.138157 0.168679 0.829255 
0.507710 0.137978 0.202172 0.844781 
0.492325 0.138638 0.208197 0.836457 
0.487425 0.143658 0.176332 0.872222 
0.497294 0.148055 0.219025 0.827623 
0.494327 0.138302 0.223177 0.837738 
0.501316 0.124598 0.204553 0.844650 
0.510559 0.118703 0.270711 0.801734 
0.498612 0.118712 0.197036 0.796166 
0.516853 0.131016 0.284760 0.831091 
0.533483 0.128954 0.289726 0.846595 
0.516753 0.124563 0.267596 0.819414 
0.533413 0.130742 0.305543 0.886864 
0.514584 0.130205 0.160671 0.832185 
0.523547 0.125012 0.278388 0.827008 
0.545907 0.121541 0.282848 0.864911 
0.530886 0.123955 0.194401 0.846929 
0.519453 0.118981 0.256878 0.804672 
0.516696 0.128485 0.179479 0.878937 
0.524694 0.130938 0.253479 0.858087 
0.511516 0.130480 0.274235 0.838781 
0.521175 0.122501 0.310605 0.837329 
0.519031 0.138670 0.268542 0.851816 
0.526718 0.126069 0.277806 0.871435 
0.513986 0.132484 0.265886 0.835859 
0.534509 0.131627 0.264711 0.838477 
0.536415 0.135151 0.249834 0.860940 
0.529921 0.131104 0.297547 0.840817 
0.537199 0.142857 0.272845 0.866780 
0.521584 0.126209 0.270704 0.819729 
0.526260 0.132809 0.276838 0.848514 
0.518999 0.130717 0.270757 0.823115 
0.471710 0.128758 0.243349 0.807697 
0.492411 0.128396 0.269712 0.834235 
0.485313 0.128544 0.264195 0.822338 
0.483972 0.136116 0.226340 0.792406 
0.509819 0.140026 0.288219 0.834620 
0.523329 0.137169 0.283181 0.850697 
0.502961 0.130639 0.287177 0.848345 
0.494571 0.127798 0.249503 0.810572 
0.545431 0.136883 0.277352 0.866020 
0.501451 0.139086 0.222460 0.822265 
0.499332 0.131811 0.263712 0.857949 
0.497506 0.131951 0.252654 0.827225 
0.517339 0.133810 0.260795 0.861162 
0.542911 0.117665 0.255074 0.819797 
0.516638 0.114202 0.224207 0.801495 
0.511857 0.109827 0.270427 0.798594 
0.512915 0.117332 0.259803 0.827756 
0.555812 0.111695 0.327494 0.839249 
0.503148 0.123356 0.223649 0.794000 
0.510577 0.112903 0.255207 0.807489 
0.510852 0.118887 0.236536 0.815384 
0.520143 0.127895 0.231569 0.821671 
0.518495 0.117399 0.263038 0.826995 
0.515708 0.109848 0.257097 0.818555 
0.560184 0.109859 0.291424 0.832925 
0.530022 0.128613 0.216375 0.852287 
0.562569 0.104880 0.276995 0.812555 
0.552465 0.106391 0.305987 0.824790 
0.540173 0.115530 0.284429 0.819643 
0.529991 0.111846 0.275306 0.802897 
0.550585 0.113619 0.331398 0.816452 
0.543813 0.119149 0.255952 0.813677 
0.538427 0.121651 0.261298 0.816170 
0.551835 0.124490 0.276721 0.859439 
0.561514 0.111797 0.278448 0.832155 
0.527700 0.106407 0.282381 0.781423 
0.550596 0.110134 0.271165 0.830211 
0.533411 0.107654 0.280745 0.800785 
0.569927 0.105140 0.325612 0.823409 
0.553424 0.107307 0.293472 0.829747 
0.522009 0.145233 0.218464 0.884769 
0.539136 0.138807 0.224618 0.880537 
0.542320 0.156700 0.217089 0.920238 
0.526593 0.142603 0.234943 0.883193 
0.533661 0.142965 0.222226 0.911863 
0.543113 0.154905 0.198360 0.917053 
0.542129 0.151803 0.229876 0.941007 
0.521197 0.142746 0.251709 0.927082 
0.525816 0.138165 0.291664 0.891261 
0.552605 0.147796 0.208088 0.921623 
0.542585 0.153005 0.236438 0.906995 
0.525656 0.142922 0.238415 0.885969 
0.534244 0.153098 0.222992 0.911804 
