0.621970 0.108403 0.364514 0.820167 
0.593613 0.113731 0.365713 0.804020 
0.608109 0.106123 0.379245 0.805438 
0.621285 0.112673 0.365976 0.831218 
0.626044 0.114800 0.366184 0.898638 
0.627799 0.115621 0.354954 0.828838 
0.598879 0.107904 0.367155 0.804890 
0.586972 0.107941 0.341409 0.757484 
0.575661 0.108466 0.345189 0.769677 
0.605364 0.111121 0.350280 0.829732 
0.597005 0.100369 0.355523 0.784209 
0.573612 0.122218 0.328585 0.814163 
0.614544 0.095489 0.378035 0.788723 
0.635919 0.101054 0.354281 0.807195 
0.627899 0.112084 0.311201 0.798952 
0.618260 0.103642 0.320092 0.779093 
0.621372 0.107570 0.354399 0.791394 
0.615226 0.099530 0.369398 0.777357 
0.640196 0.110181 0.335233 0.813831 
0.620693 0.106470 0.349738 0.797827 
0.622461 0.113607 0.333569 0.805467 
0.621180 0.104704 0.348265 0.785333 
0.620015 0.102951 0.342685 0.770386 
0.622802 0.105056 0.317417 0.809411 
0.617100 0.099045 0.328384 0.789399 
0.604854 0.100307 0.311320 0.768170 
0.569128 0.108826 0.308618 0.775052 
0.601384 0.118591 0.358997 0.813842 
0.583057 0.113324 0.349351 0.795075 
0.630262 0.113525 0.365786 0.822864 
0.627136 0.110439 0.373916 0.834531 
0.625615 0.111287 0.348183 0.796132 
0.605450 0.113950 0.361182 0.808673 
0.578531 0.118291 0.332233 0.792628 
0.619727 0.120577 0.329953 0.853464 
0.603352 0.112065 0.328341 0.800794 
0.590464 0.116372 0.325776 0.786499 
0.578541 0.111684 0.329975 0.784661 
0.562645 0.106896 0.331284 0.747791 
0.589833 0.116606 0.323037 0.786817 
0.565789 0.107222 0.331088 0.746859 
0.567470 0.113421 0.320054 0.764349 
0.596651 0.111824 0.340312 0.815570 
0.568061 0.108427 0.327176 0.786374 
0.595207 0.106066 0.332655 0.776599 
0.572089 0.112004 0.314644 0.761198 
0.575693 0.106129 0.326331 0.749741 
0.585901 0.114216 0.336887 0.769145 
0.569798 0.095711 0.324834 0.731269 
0.523668 0.124306 0.230608 0.767488 
0.491655 0.115111 0.258638 0.746828 
0.499888 0.115904 0.268140 0.754755 
0.483072 0.124952 0.243890 0.724450 
0.492332 0.111628 0.279359 0.748400 
0.509549 0.120720 0.253388 0.777785 
0.488164 0.112317 0.262115 0.724799 
0.490542 0.117042 0.248667 0.747553 
0.513221 0.120924 0.233968 0.759527 
0.483564 0.116340 0.237682 0.750130 
0.502115 0.115922 0.240660 0.745673 
0.592365 0.105174 0.357054 0.785755 
0.610678 0.102237 0.363833 0.783619 
0.578133 0.100507 0.339899 0.753055 
0.598245 0.111429 0.333926 0.797137 
0.621511 0.111182 0.369605 0.853070 
0.585717 0.106481 0.334416 0.778516 
0.581198 0.112060 0.343666 0.778932 
0.589105 0.114583 0.323432 0.802258 
0.628117 0.099694 0.383805 0.804253 
0.629513 0.109984 0.370293 0.835285 
0.593149 0.104513 0.349300 0.814657 
0.580704 0.106698 0.346835 0.788106 
0.592745 0.105464 0.352528 0.796789 
0.587842 0.103430 0.347338 0.814063 
0.586724 0.105496 0.339030 0.776864 
0.615652 0.107100 0.364158 0.796704 
0.569487 0.102620 0.331262 0.776763 
0.596633 0.107707 0.347474 0.838121 
0.573639 0.106737 0.331001 0.789654 
0.582856 0.102824 0.340048 0.771092 
0.578907 0.110228 0.342470 0.828264 
0.574162 0.104333 0.335582 0.783347 
0.597525 0.109336 0.332455 0.783192 
0.593989 0.111269 0.339496 0.806587 
0.566249 0.100783 0.319440 0.772192 
0.587205 0.113528 0.337833 0.791313 
0.584013 0.106979 0.322807 0.795495 
0.600429 0.113504 0.299060 0.806856 
0.596713 0.111504 0.321816 0.814020 
0.605999 0.118985 0.296315 0.823306 
0.611191 0.115749 0.316804 0.837345 
0.612805 0.115280 0.314762 0.828030 
0.602484 0.117816 0.324746 0.829969 
0.613878 0.113839 0.336099 0.826249 
0.597514 0.115733 0.294826 0.817790 
0.601151 0.122007 0.308703 0.842341 
0.604087 0.122627 0.303766 0.834963 
0.600711 0.110381 0.296301 0.813865 
0.615521 0.117837 0.338420 0.822712 
0.601454 0.116116 0.287874 0.824637 
0.533206 0.106825 0.276927 0.739034 
0.541797 0.108685 0.271307 0.734313 
0.554979 0.101021 0.274181 0.732483 
0.535319 0.113839 0.253465 0.804112 
0.546777 0.119617 0.282000 0.780708 
0.562800 0.119002 0.278516 0.792475 
0.551602 0.112868 0.291365 0.732918 
0.557124 0.107413 0.311857 0.794971 
0.552976 0.108948 0.255676 0.748386 
0.540606 0.115023 0.272973 0.768896 
0.510048 0.108947 0.247192 0.703404 
0.525713 0.102878 0.256523 0.752845 
0.523091 0.106068 0.264539 0.730098 
0.554354 0.106482 0.253439 0.745027 
0.568529 0.106784 0.311655 0.783859 
0.581571 0.112684 0.282797 0.799895 
0.580624 0.109300 0.334579 0.791778 
0.577079 0.114307 0.304833 0.827441 
0.568267 0.106444 0.293282 0.794745 
0.579707 0.113652 0.286169 0.812875 
0.585799 0.108957 0.301326 0.818345 
0.582694 0.114338 0.312766 0.822211 
0.559262 0.121017 0.280157 0.773098 
0.583095 0.122227 0.290982 0.823681 
0.580230 0.119623 0.301199 0.806423 
0.581597 0.115859 0.294443 0.812781 
0.570512 0.105717 0.314863 0.808459 
0.551626 0.106694 0.320777 0.791020 
0.549147 0.102387 0.326532 0.751529 
0.556450 0.104219 0.325481 0.766192 
0.552868 0.103602 0.340521 0.777745 
0.555115 0.107109 0.331955 0.788678 
0.555030 0.103305 0.336822 0.782459 
0.547700 0.112387 0.321906 0.809503 
0.548707 0.101145 0.326524 0.742809 
0.554523 0.103408 0.338169 0.781112 
0.539755 0.104132 0.333352 0.743038 
0.551062 0.107224 0.320872 0.753483 
0.544765 0.101024 0.312623 0.749101 
0.526243 0.108679 0.299553 0.766431 
0.535247 0.111570 0.294386 0.781567 
0.535087 0.113735 0.289614 0.807629 
0.547208 0.111954 0.321674 0.795663 
0.545036 0.113172 0.321353 0.813419 
0.585927 0.115949 0.337253 0.825006 
0.546876 0.115882 0.319378 0.809125 
0.554939 0.110287 0.321281 0.807896 
0.596689 0.123110 0.335086 0.843605 
0.560861 0.111188 0.317834 0.813131 
0.532182 0.113196 0.303664 0.773870 
0.554430 0.117641 0.310800 0.799077 
0.525330 0.111396 0.298790 0.765415 
0.599526 0.115618 0.350634 0.779487 
0.564186 0.111128 0.298307 0.738625 
0.577813 0.106104 0.311391 0.768882 
0.561399 0.106347 0.275314 0.743864 
0.595773 0.101628 0.354019 0.767115 
0.557722 0.102374 0.331139 0.738788 
0.581055 0.117719 0.327448 0.795440 
0.565828 0.110117 0.314012 0.769565 
0.578475 0.122017 0.327151 0.788569 
0.562123 0.111519 0.306181 0.760957 
0.587156 0.113029 0.339189 0.792264 
0.577006 0.110889 0.304166 0.759722 
0.568695 0.107801 0.325675 0.750294 
0.553902 0.108633 0.279132 0.791494 
0.542226 0.112019 0.330352 0.793092 
0.571415 0.123225 0.329816 0.813194 
0.575280 0.115803 0.307898 0.822167 
0.588314 0.115640 0.353433 0.829113 
0.590015 0.122210 0.303275 0.843048 
0.567372 0.118768 0.299865 0.813634 
0.585261 0.117416 0.344411 0.826316 
0.558156 0.115423 0.293031 0.817895 
0.564102 0.118812 0.320149 0.812460 
0.573569 0.115623 0.299365 0.845224 
0.558192 0.121455 0.280351 0.822661 
0.596595 0.117781 0.309140 0.815656 
0.550160 0.112281 0.308764 0.809681 
0.529159 0.109321 0.274468 0.790057 
0.525555 0.096133 0.281193 0.800873 
0.536727 0.109802 0.268419 0.837543 
0.530100 0.095032 0.298783 0.822027 
0.542077 0.107571 0.277567 0.812841 
0.531789 0.109601 0.291513 0.810762 
0.513382 0.108855 0.262744 0.758195 
0.532698 0.109654 0.267528 0.802820 
0.514364 0.103824 0.271289 0.788963 
0.524423 0.104454 0.281936 0.790713 
0.531937 0.104640 0.270334 0.761459 
0.526559 0.098567 0.276402 0.777752 
0.539067 0.108477 0.294877 0.801505 
