0.558629 0.078117 0.358741 0.676657 
0.551683 0.082758 0.343850 0.680175 
0.554319 0.080031 0.367902 0.673444 
0.572942 0.078827 0.425215 0.690556 
0.575627 0.098937 0.385859 0.732239 
0.575040 0.073989 0.384045 0.688386 
0.535847 0.088133 0.366652 0.661033 
0.533998 0.095132 0.356741 0.676716 
0.543989 0.085971 0.389132 0.666453 
0.540281 0.085139 0.377613 0.691469 
0.545017 0.081773 0.404737 0.665110 
0.554591 0.086235 0.373862 0.691111 
0.578609 0.081587 0.389649 0.719946 
0.634880 0.115463 0.429507 0.806492 
0.622248 0.107342 0.394605 0.799872 
0.632692 0.097342 0.443889 0.784138 
0.642722 0.093836 0.391903 0.798194 
0.617757 0.103025 0.415148 0.775450 
0.633458 0.100734 0.410195 0.797451 
0.635455 0.128764 0.389461 0.803371 
0.638602 0.112643 0.432697 0.798809 
0.665797 0.097837 0.465878 0.809705 
0.650969 0.105972 0.420327 0.794604 
0.650110 0.112939 0.394869 0.822038 
0.628860 0.105263 0.379016 0.791734 
0.653818 0.107977 0.406542 0.800122 
0.637285 0.085357 0.455036 0.753648 
0.668264 0.092485 0.508316 0.839341 
0.650532 0.103947 0.430178 0.802495 
0.671770 0.122271 0.483843 0.864331 
0.713604 0.096653 0.503381 0.859153 
0.674588 0.103120 0.448979 0.815210 
0.676935 0.096602 0.451147 0.825646 
0.637477 0.130606 0.410571 0.822337 
0.696470 0.105676 0.488750 0.865580 
0.687456 0.105166 0.456696 0.855168 
0.635793 0.102096 0.409585 0.765989 
0.662589 0.088078 0.455519 0.814290 
0.661185 0.104471 0.412695 0.817605 
0.666834 0.108780 0.415597 0.847060 
0.642597 0.092309 0.413717 0.814576 
0.635969 0.100399 0.399096 0.794303 
0.637918 0.102990 0.402082 0.799854 
0.668629 0.102790 0.388752 0.806308 
0.658643 0.099045 0.406435 0.817005 
0.661014 0.096393 0.430990 0.831382 
0.661700 0.100357 0.422468 0.816745 
0.646769 0.112710 0.422710 0.817969 
0.663585 0.095354 0.423205 0.817335 
0.560347 0.100807 0.408655 0.733813 
0.536986 0.110602 0.347633 0.705848 
0.562782 0.080404 0.361148 0.708278 
0.546049 0.085344 0.368350 0.693126 
0.534254 0.100835 0.360862 0.698581 
0.544213 0.081576 0.346958 0.675447 
0.546319 0.085706 0.348392 0.706245 
0.529060 0.093398 0.356036 0.680391 
0.542686 0.105924 0.332837 0.723179 
0.519888 0.096767 0.307764 0.689717 
0.530030 0.097180 0.329521 0.683955 
0.675957 0.103042 0.421339 0.851805 
0.676584 0.083568 0.502358 0.830351 
0.696419 0.087575 0.475457 0.855676 
0.686004 0.097187 0.461312 0.837166 
0.669372 0.090699 0.442663 0.835195 
0.689907 0.087485 0.488079 0.833559 
0.698676 0.089864 0.475608 0.858244 
0.695965 0.091498 0.518146 0.854903 
0.688947 0.084774 0.493461 0.844654 
0.680583 0.089897 0.435935 0.846073 
0.614264 0.071670 0.437556 0.727768 
0.619823 0.068528 0.441686 0.754285 
0.631393 0.076725 0.438111 0.756298 
0.620957 0.073257 0.427184 0.741397 
0.638767 0.075551 0.431216 0.761425 
0.622406 0.092251 0.429974 0.769724 
0.615354 0.084196 0.410819 0.752558 
0.626430 0.079348 0.434180 0.756694 
0.643863 0.068978 0.484666 0.769026 
0.615707 0.090327 0.398960 0.796322 
0.622836 0.082999 0.423977 0.767393 
0.621240 0.066921 0.455994 0.739824 
0.570170 0.097320 0.373815 0.722876 
0.603042 0.064738 0.412514 0.700614 
0.627043 0.065716 0.437631 0.771363 
0.593859 0.068618 0.439345 0.717753 
0.628966 0.094704 0.418647 0.787316 
0.562106 0.087487 0.410765 0.698823 
0.596205 0.094398 0.400530 0.759585 
0.630533 0.110838 0.399261 0.798006 
0.619290 0.102536 0.416551 0.776243 
0.633858 0.086496 0.455049 0.776922 
0.598799 0.087883 0.434717 0.757403 
0.632443 0.076418 0.463687 0.757587 
0.619652 0.099443 0.418023 0.777127 
0.642173 0.079202 0.465692 0.767818 
0.624630 0.084630 0.403437 0.759226 
0.624223 0.079756 0.430189 0.764195 
0.619977 0.072197 0.442107 0.740141 
0.574173 0.079440 0.404223 0.676420 
0.695494 0.101556 0.437220 0.861791 
0.673400 0.082405 0.456301 0.819840 
0.618721 0.102481 0.386808 0.792391 
0.659319 0.103371 0.422398 0.822079 
0.650168 0.106772 0.416507 0.809030 
0.685142 0.101058 0.457889 0.847799 
0.669970 0.099485 0.449979 0.854427 
0.636063 0.111559 0.393360 0.808219 
0.666402 0.085991 0.419292 0.808595 
0.676323 0.103900 0.418983 0.831318 
0.644925 0.088141 0.419378 0.794075 
0.664523 0.089857 0.443937 0.814038 
0.680184 0.082249 0.440150 0.845328 
0.645493 0.086929 0.426770 0.793825 
0.662093 0.106699 0.442422 0.854296 
0.650986 0.093206 0.466370 0.814968 
0.635354 0.108653 0.440557 0.822647 
0.627066 0.111477 0.413819 0.821406 
0.658278 0.102004 0.465345 0.840128 
0.633646 0.128848 0.409429 0.852543 
0.655794 0.123274 0.363023 0.875202 
0.633796 0.118783 0.403358 0.826753 
0.634959 0.101236 0.439846 0.795960 
0.651975 0.098754 0.393710 0.824998 
0.645571 0.102548 0.423924 0.826261 
0.626778 0.121520 0.407858 0.877008 
0.655700 0.115452 0.391358 0.864853 
0.627192 0.070060 0.461240 0.768517 
0.613833 0.075065 0.458084 0.769417 
0.657207 0.076822 0.482899 0.800501 
0.646390 0.067887 0.471467 0.765027 
0.613903 0.066196 0.437594 0.731981 
0.650836 0.066742 0.463930 0.754106 
0.650227 0.053788 0.511214 0.753255 
0.612068 0.088365 0.450451 0.770658 
0.658954 0.082178 0.450698 0.811837 
0.656020 0.056466 0.510357 0.764571 
0.660488 0.081969 0.464557 0.826415 
0.631915 0.069175 0.452456 0.757827 
0.638173 0.086232 0.417140 0.782990 
0.646996 0.068230 0.495520 0.780049 
0.668899 0.083227 0.441527 0.802177 
0.633026 0.078341 0.424049 0.749899 
0.620617 0.086775 0.456982 0.775817 
0.709025 0.066250 0.498701 0.822551 
0.686980 0.089748 0.476270 0.819313 
0.672532 0.085196 0.487458 0.794153 
0.710974 0.062235 0.506313 0.801284 
0.675577 0.073981 0.467560 0.785355 
0.675369 0.085983 0.427499 0.806958 
0.671632 0.083343 0.425094 0.797805 
0.693111 0.076222 0.486239 0.821815 
0.631076 0.096398 0.417944 0.789956 
0.638629 0.092212 0.398426 0.772523 
0.588277 0.102531 0.355638 0.720462 
0.614921 0.095568 0.385595 0.757415 
0.632498 0.095627 0.395369 0.771883 
0.624788 0.111858 0.359390 0.770118 
0.629796 0.091266 0.406096 0.749817 
0.628864 0.103836 0.404324 0.791362 
0.633850 0.099234 0.415830 0.776453 
0.584664 0.085548 0.390922 0.711457 
0.603639 0.104006 0.352450 0.746301 
0.636157 0.075993 0.427021 0.762688 
0.639435 0.084316 0.421323 0.771821 
0.647352 0.095097 0.414078 0.810777 
0.632873 0.088062 0.407609 0.784180 
0.654507 0.093068 0.439737 0.814021 
0.628844 0.087875 0.429985 0.761286 
0.651100 0.092249 0.436795 0.822026 
0.636431 0.088959 0.437901 0.775148 
0.650950 0.095773 0.407291 0.823108 
0.643892 0.098055 0.443673 0.827749 
0.640612 0.074612 0.443170 0.780580 
0.647971 0.097006 0.374254 0.827093 
0.622929 0.076675 0.464814 0.767479 
0.608383 0.088139 0.395790 0.745628 
0.656984 0.085895 0.451830 0.799315 
0.640287 0.084422 0.440444 0.784375 
0.562284 0.089842 0.387645 0.736459 
0.598481 0.091995 0.437078 0.756350 
0.562266 0.099250 0.366860 0.755398 
0.605794 0.098043 0.374784 0.765737 
0.566533 0.117621 0.361813 0.772861 
0.592051 0.091762 0.372252 0.755960 
0.568763 0.093813 0.407012 0.744220 
0.576888 0.082768 0.352677 0.708876 
0.607975 0.102218 0.388189 0.787065 
0.585546 0.120450 0.325459 0.786445 
0.602473 0.075481 0.440260 0.762839 
0.611739 0.090991 0.356701 0.782927 
0.597209 0.100597 0.438818 0.769752 
