0.451838 0.080966 0.270732 0.626980 
0.466198 0.063421 0.263182 0.610368 
0.447242 0.063278 0.269473 0.616791 
0.464084 0.080990 0.286192 0.617490 
0.436543 0.071572 0.284295 0.591340 
0.478913 0.072369 0.281522 0.633201 
0.427207 0.057317 0.278393 0.597055 
0.414109 0.070718 0.273654 0.599754 
0.440372 0.069048 0.280656 0.605927 
0.446063 0.081618 0.282318 0.637823 
0.434615 0.070073 0.283368 0.620562 
0.437634 0.079550 0.265591 0.634254 
0.468821 0.083327 0.290063 0.633965 
0.516280 0.079944 0.305966 0.699177 
0.478719 0.078252 0.287770 0.621566 
0.537058 0.110512 0.257819 0.697155 
0.512070 0.080332 0.283202 0.645617 
0.509790 0.083700 0.274865 0.657059 
0.538101 0.095059 0.302611 0.707183 
0.492977 0.089519 0.266527 0.674266 
0.525863 0.097600 0.287208 0.684700 
0.527475 0.097165 0.284527 0.707105 
0.519617 0.094666 0.291328 0.690753 
0.524215 0.093587 0.320484 0.706391 
0.510086 0.094540 0.274195 0.704858 
0.512484 0.087734 0.276163 0.688187 
0.465930 0.067936 0.282452 0.619184 
0.475480 0.089497 0.264846 0.637117 
0.481615 0.074357 0.289189 0.673660 
0.492419 0.066522 0.321540 0.601950 
0.537095 0.097866 0.320221 0.667798 
0.480921 0.078580 0.302116 0.636548 
0.486530 0.079314 0.299239 0.631367 
0.461462 0.075305 0.287165 0.621795 
0.504403 0.088797 0.297037 0.648050 
0.464759 0.071020 0.294901 0.629323 
0.450824 0.065599 0.268363 0.616500 
0.482220 0.088110 0.257028 0.643404 
0.501093 0.082829 0.263424 0.643843 
0.471733 0.068795 0.260071 0.652752 
0.467856 0.067562 0.249798 0.655137 
0.488927 0.084227 0.216668 0.625499 
0.473930 0.070853 0.272792 0.624197 
0.492414 0.074208 0.268791 0.661131 
0.481713 0.080064 0.256894 0.657908 
0.487968 0.073198 0.258954 0.642494 
0.468993 0.076585 0.240747 0.639835 
0.477401 0.077932 0.251780 0.643277 
0.475951 0.080956 0.252591 0.627494 
0.469120 0.087537 0.257153 0.624190 
0.448001 0.081482 0.248962 0.575149 
0.471697 0.086206 0.266341 0.615976 
0.436882 0.067728 0.259156 0.574373 
0.426852 0.063809 0.252607 0.576322 
0.426377 0.059783 0.261683 0.565652 
0.447609 0.079222 0.249720 0.599773 
0.442857 0.075641 0.256080 0.590409 
0.433551 0.064372 0.265141 0.586342 
0.440975 0.076480 0.230487 0.576264 
0.434159 0.067093 0.271624 0.566453 
0.544514 0.115328 0.237129 0.725619 
0.586973 0.124468 0.249892 0.756394 
0.580202 0.125056 0.253473 0.761259 
0.550912 0.118940 0.250736 0.709345 
0.537603 0.104932 0.265930 0.724464 
0.557599 0.113308 0.253280 0.753593 
0.573461 0.138394 0.244937 0.763830 
0.568040 0.130262 0.248948 0.750456 
0.582188 0.119909 0.248323 0.763678 
0.557982 0.125144 0.235198 0.746766 
0.443872 0.071769 0.238078 0.593050 
0.461273 0.066381 0.269281 0.573336 
0.447937 0.076655 0.251169 0.580395 
0.449631 0.068520 0.243203 0.562593 
0.457015 0.080842 0.238578 0.589152 
0.437666 0.067261 0.263790 0.560559 
0.447188 0.064465 0.247894 0.565236 
0.463205 0.079300 0.260107 0.578490 
0.489934 0.092716 0.224517 0.661504 
0.442227 0.066591 0.248647 0.577467 
0.462378 0.074284 0.244554 0.586275 
0.451311 0.082577 0.240711 0.642424 
0.400913 0.048908 0.264556 0.480325 
0.447532 0.069523 0.259911 0.551281 
0.451743 0.080546 0.224462 0.574212 
0.436974 0.071295 0.263188 0.537780 
0.458286 0.065906 0.256560 0.594355 
0.424006 0.061928 0.271567 0.551259 
0.443108 0.061988 0.270725 0.586323 
0.443768 0.052452 0.290874 0.574098 
0.434713 0.053821 0.298931 0.578183 
0.498636 0.082621 0.285444 0.661963 
0.452291 0.060099 0.275565 0.558995 
0.495928 0.074852 0.277945 0.614371 
0.461924 0.072415 0.277921 0.601785 
0.471528 0.076790 0.273625 0.616160 
0.464435 0.064110 0.260596 0.605838 
0.464309 0.074745 0.264771 0.607332 
0.496971 0.087932 0.264142 0.628029 
0.451433 0.061053 0.257038 0.592109 
0.556224 0.104459 0.280169 0.736316 
0.515219 0.103912 0.259889 0.702328 
0.462637 0.071732 0.272032 0.626871 
0.494588 0.078758 0.277105 0.674741 
0.497712 0.095345 0.250696 0.658578 
0.492407 0.077668 0.272227 0.670724 
0.508795 0.084965 0.264407 0.634534 
0.466714 0.063591 0.271587 0.629805 
0.518587 0.094695 0.274257 0.666261 
0.494021 0.088251 0.275016 0.691416 
0.502774 0.090795 0.268936 0.669136 
0.519032 0.092291 0.237426 0.678032 
0.517808 0.095573 0.243905 0.697495 
0.505811 0.076141 0.275442 0.610371 
0.448799 0.069927 0.257013 0.570482 
0.436517 0.069179 0.273218 0.543802 
0.435495 0.060473 0.284760 0.515132 
0.422683 0.063144 0.278161 0.556241 
0.476860 0.092471 0.285475 0.598637 
0.409567 0.050767 0.272176 0.499552 
0.445267 0.074030 0.257224 0.568573 
0.423473 0.064839 0.286107 0.539953 
0.411612 0.061013 0.254290 0.519745 
0.464246 0.077512 0.263634 0.595780 
0.441188 0.073875 0.312441 0.605946 
0.429140 0.077962 0.284088 0.596689 
0.443272 0.066773 0.282734 0.553831 
0.483662 0.100038 0.251965 0.661797 
0.480392 0.092759 0.260234 0.616798 
0.492899 0.105074 0.247779 0.657725 
0.473159 0.095417 0.224086 0.659045 
0.450338 0.082157 0.257410 0.623913 
0.496049 0.106751 0.254100 0.657814 
0.502228 0.107851 0.237468 0.669051 
0.457793 0.088723 0.249313 0.628695 
0.507426 0.109330 0.238203 0.702197 
0.485844 0.107668 0.245620 0.676650 
0.481460 0.106342 0.243750 0.653475 
0.483419 0.104028 0.229270 0.630972 
0.453774 0.087738 0.271057 0.615586 
0.483332 0.092346 0.283277 0.676663 
0.479737 0.105895 0.247968 0.667582 
0.438967 0.073846 0.270104 0.591404 
0.452438 0.085036 0.276108 0.602404 
0.508233 0.115575 0.296749 0.706147 
0.467802 0.083601 0.281776 0.631729 
0.445305 0.081599 0.267382 0.616389 
0.529518 0.096675 0.268013 0.709687 
0.471890 0.089329 0.283557 0.681724 
0.457364 0.085061 0.262917 0.646950 
0.459593 0.092053 0.272279 0.643587 
0.486193 0.110980 0.270399 0.668882 
0.516726 0.092848 0.278116 0.692037 
0.489199 0.077320 0.274041 0.613775 
0.446246 0.069676 0.290912 0.595924 
0.469045 0.083732 0.276651 0.599573 
0.500501 0.086170 0.281412 0.664895 
0.460623 0.079542 0.296919 0.633889 
0.467346 0.072821 0.287337 0.610439 
0.481871 0.071893 0.290199 0.613611 
0.495170 0.078885 0.294770 0.649736 
0.473928 0.082261 0.275765 0.623140 
0.460373 0.073533 0.268997 0.599041 
0.512816 0.092640 0.254534 0.665229 
0.506875 0.099005 0.279455 0.663591 
0.524498 0.113395 0.267960 0.681493 
0.530349 0.109470 0.254034 0.667840 
0.509558 0.091830 0.271568 0.666838 
0.514065 0.102741 0.275177 0.661036 
0.532846 0.098633 0.279752 0.698656 
0.530350 0.104914 0.257002 0.682711 
0.510990 0.092806 0.269524 0.655680 
0.540731 0.114131 0.278782 0.692833 
0.533185 0.118126 0.254459 0.708089 
0.495321 0.083404 0.280427 0.638646 
0.510382 0.096594 0.258442 0.670494 
0.493018 0.092746 0.261410 0.651146 
0.530165 0.102691 0.282499 0.746910 
0.519367 0.102295 0.259474 0.644324 
0.496918 0.083641 0.271304 0.611074 
0.480374 0.076286 0.257944 0.613675 
0.461605 0.072397 0.250468 0.645649 
0.481963 0.077344 0.240458 0.606896 
0.458766 0.060964 0.263484 0.584470 
0.482806 0.076245 0.221843 0.592594 
0.503888 0.097134 0.234015 0.634699 
0.483035 0.077987 0.247582 0.590986 
0.490764 0.088384 0.244239 0.625762 
0.477776 0.076455 0.244487 0.618158 
0.524277 0.095888 0.239149 0.639950 
0.502680 0.086986 0.277376 0.668406 
0.496201 0.091607 0.232818 0.647877 
