0.468826 0.081465 0.288800 0.596007 
0.478337 0.076960 0.274535 0.610765 
0.492548 0.079016 0.281070 0.638011 
0.472513 0.081811 0.273411 0.610677 
0.472817 0.078856 0.262864 0.666225 
0.479352 0.079074 0.300006 0.620031 
0.485013 0.081342 0.243664 0.637808 
0.492750 0.094055 0.272526 0.651582 
0.507460 0.089875 0.242082 0.663328 
0.485533 0.076209 0.320944 0.621638 
0.473387 0.077523 0.289967 0.599703 
0.492421 0.090538 0.275274 0.653683 
0.483610 0.079443 0.276395 0.618233 
0.540955 0.106420 0.279615 0.692999 
0.491593 0.089466 0.250802 0.639256 
0.524440 0.098974 0.262467 0.659046 
0.498542 0.080144 0.304158 0.659526 
0.501932 0.085577 0.238100 0.637069 
0.542791 0.104799 0.232124 0.692919 
0.478177 0.085397 0.205363 0.631364 
0.526856 0.096449 0.232804 0.668115 
0.562766 0.121120 0.231014 0.744812 
0.497138 0.085745 0.271304 0.650596 
0.514487 0.094429 0.256290 0.686535 
0.503310 0.092456 0.274169 0.666773 
0.513418 0.095315 0.248114 0.654924 
0.480266 0.086534 0.288967 0.664087 
0.476496 0.081812 0.260360 0.636746 
0.487531 0.090782 0.260577 0.647588 
0.503926 0.092680 0.286209 0.681932 
0.532974 0.101048 0.292436 0.748114 
0.513088 0.080433 0.284904 0.677378 
0.470658 0.081081 0.217447 0.672094 
0.488857 0.103371 0.202555 0.659625 
0.528708 0.096124 0.276983 0.734935 
0.471409 0.085565 0.248179 0.652718 
0.491350 0.081630 0.289247 0.635694 
0.477947 0.085076 0.272516 0.647335 
0.473205 0.081916 0.288340 0.622651 
0.491763 0.095088 0.264281 0.647903 
0.481702 0.079136 0.289997 0.632331 
0.453848 0.085266 0.265048 0.616953 
0.477125 0.090559 0.237169 0.613915 
0.486611 0.098677 0.275319 0.672674 
0.462675 0.080426 0.276072 0.611203 
0.478322 0.085904 0.287158 0.648861 
0.461728 0.079944 0.277393 0.604008 
0.453606 0.082456 0.265043 0.599408 
0.471520 0.091554 0.261156 0.611995 
0.527834 0.093809 0.300514 0.712728 
0.445362 0.064120 0.247116 0.575991 
0.513841 0.097026 0.185885 0.659822 
0.495665 0.088441 0.253998 0.678548 
0.487157 0.075862 0.287716 0.626499 
0.498873 0.081138 0.211033 0.629118 
0.468229 0.076452 0.229114 0.593675 
0.468477 0.074564 0.258117 0.600103 
0.471080 0.071331 0.274253 0.617466 
0.474232 0.080247 0.254158 0.601177 
0.475914 0.073617 0.307707 0.627286 
0.461804 0.080720 0.293663 0.622562 
0.474587 0.074898 0.263995 0.652882 
0.481597 0.084791 0.267265 0.674086 
0.455833 0.089395 0.214880 0.613045 
0.482897 0.071364 0.316065 0.660489 
0.465118 0.086038 0.267115 0.641376 
0.482179 0.078535 0.281467 0.669153 
0.504854 0.102860 0.216026 0.795261 
0.481914 0.083485 0.232680 0.657462 
0.489900 0.083743 0.318059 0.659263 
0.451472 0.054270 0.278896 0.564804 
0.455851 0.056779 0.254474 0.576586 
0.458954 0.059994 0.272154 0.594439 
0.451135 0.051312 0.252624 0.559532 
0.464995 0.059369 0.269032 0.601419 
0.470144 0.051039 0.278076 0.596972 
0.444541 0.057146 0.245224 0.564709 
0.454263 0.059206 0.285169 0.600763 
0.469027 0.067266 0.263931 0.579970 
0.455321 0.053566 0.283663 0.560548 
0.458356 0.060327 0.274755 0.581823 
0.449491 0.062680 0.240208 0.580160 
0.434901 0.053519 0.321054 0.546963 
0.444591 0.060742 0.274219 0.585896 
0.452897 0.057193 0.277582 0.579813 
0.467574 0.052697 0.293240 0.571283 
0.445570 0.072973 0.304021 0.621969 
0.451748 0.071462 0.301422 0.604658 
0.461139 0.092914 0.278306 0.672211 
0.468246 0.078719 0.274427 0.647516 
0.466260 0.074606 0.315090 0.640572 
0.483200 0.093797 0.303460 0.655003 
0.466638 0.075031 0.300253 0.615169 
0.501879 0.092787 0.282753 0.703528 
0.474510 0.083022 0.289219 0.650995 
0.488844 0.089544 0.299552 0.670642 
0.456697 0.069582 0.312075 0.643110 
0.466393 0.089588 0.302030 0.651973 
0.496393 0.078255 0.300686 0.712051 
0.477637 0.066195 0.319396 0.641922 
0.481545 0.072150 0.315342 0.649975 
0.473730 0.068930 0.284405 0.603850 
0.438529 0.063709 0.258951 0.590611 
0.418206 0.057242 0.269660 0.584315 
0.429685 0.071493 0.280697 0.598482 
0.482706 0.081336 0.300782 0.637676 
0.459789 0.070252 0.270741 0.582036 
0.444240 0.068724 0.308611 0.587245 
0.445706 0.067658 0.205229 0.582707 
0.456021 0.056963 0.338838 0.596817 
0.442746 0.064578 0.272022 0.582525 
0.452144 0.063865 0.296775 0.582868 
0.427460 0.062739 0.253812 0.542928 
0.480043 0.060693 0.306032 0.593481 
0.475238 0.080522 0.256756 0.652620 
0.501900 0.112184 0.209721 0.731142 
0.502095 0.082723 0.335990 0.649531 
0.540591 0.107890 0.301947 0.804401 
0.542086 0.127207 0.304129 0.811995 
0.494857 0.092276 0.263554 0.686952 
0.515664 0.105033 0.270533 0.733908 
0.496689 0.100164 0.288812 0.725238 
0.510000 0.096917 0.286931 0.754767 
0.510891 0.079499 0.307251 0.709879 
0.503385 0.088084 0.303187 0.643803 
0.535702 0.106964 0.323267 0.727753 
0.494583 0.074724 0.344453 0.702190 
0.467241 0.085193 0.252198 0.619568 
0.487425 0.079011 0.228563 0.662366 
0.490255 0.095039 0.253353 0.730956 
0.471092 0.085860 0.250134 0.626014 
0.471550 0.090704 0.247349 0.622435 
0.508024 0.098513 0.208764 0.687484 
0.510318 0.098808 0.239378 0.726057 
0.500682 0.101613 0.268510 0.723195 
0.514041 0.121475 0.264857 0.760544 
0.484541 0.082180 0.241963 0.643480 
0.485533 0.096681 0.266060 0.694866 
0.475329 0.090280 0.233461 0.683518 
0.468467 0.078402 0.235298 0.638834 
0.495437 0.081328 0.301334 0.661193 
0.500186 0.085688 0.205571 0.639016 
0.484553 0.087448 0.212697 0.623402 
0.514649 0.112455 0.279105 0.781472 
0.533374 0.090260 0.308061 0.728356 
0.512491 0.081817 0.258029 0.651319 
0.482405 0.079030 0.229917 0.634068 
0.567904 0.090134 0.301270 0.718265 
0.495162 0.078852 0.267100 0.694780 
0.475417 0.074146 0.273754 0.625814 
0.484232 0.073626 0.240550 0.621328 
0.494744 0.104349 0.313691 0.757671 
0.533787 0.097287 0.309328 0.701687 
0.472114 0.080387 0.299614 0.598148 
0.503618 0.090075 0.269899 0.676313 
0.489694 0.087036 0.274285 0.683631 
0.554783 0.104135 0.282775 0.753871 
0.487872 0.074514 0.321112 0.648935 
0.491773 0.082826 0.284017 0.652885 
0.487641 0.090261 0.283938 0.633992 
0.489709 0.080852 0.294741 0.638555 
0.485865 0.084450 0.290892 0.677320 
0.493936 0.077477 0.302819 0.657129 
0.523584 0.085485 0.311118 0.684997 
0.515214 0.086408 0.298987 0.707094 
0.540377 0.066770 0.367954 0.681107 
0.541442 0.072935 0.343567 0.676766 
0.521845 0.067202 0.398900 0.651936 
0.532038 0.059674 0.352022 0.643150 
0.543548 0.059509 0.415428 0.673745 
0.535150 0.050316 0.406577 0.628343 
0.531405 0.063824 0.400737 0.663542 
0.566359 0.072163 0.381285 0.704252 
0.552465 0.085658 0.375571 0.718855 
0.530744 0.063495 0.335757 0.663110 
0.553869 0.076613 0.338195 0.728823 
0.523923 0.080518 0.350388 0.676189 
0.558340 0.075363 0.341998 0.701991 
0.531375 0.072168 0.334408 0.692003 
0.488709 0.109411 0.247237 0.678548 
0.500599 0.112373 0.276405 0.701851 
0.536450 0.114333 0.256505 0.740885 
0.481795 0.081922 0.236090 0.629992 
0.493915 0.079792 0.258448 0.605131 
0.528169 0.125244 0.255428 0.744434 
0.508060 0.106227 0.261522 0.668666 
0.501587 0.103734 0.259158 0.667540 
0.467674 0.074653 0.261422 0.603597 
0.515237 0.123958 0.244258 0.722792 
0.528741 0.126017 0.262267 0.742485 
0.473464 0.086404 0.261770 0.619220 
0.509136 0.107786 0.232236 0.675609 
