0.525636 0.059195 0.411982 0.702089 
0.518907 0.060548 0.407217 0.701949 
0.526147 0.054173 0.397576 0.694331 
0.526905 0.057420 0.429479 0.706595 
0.534692 0.055098 0.411667 0.691587 
0.532949 0.056905 0.421886 0.709321 
0.509890 0.061484 0.391285 0.700931 
0.525630 0.056386 0.419162 0.689128 
0.543761 0.057725 0.421999 0.718011 
0.530319 0.055406 0.410774 0.705693 
0.513569 0.057813 0.385298 0.699881 
0.521931 0.054535 0.419921 0.683618 
0.527812 0.058070 0.418740 0.708802 
0.537842 0.074407 0.407891 0.731140 
0.528663 0.070592 0.385304 0.725671 
0.533847 0.073079 0.395565 0.743858 
0.528477 0.073973 0.398793 0.719775 
0.525355 0.068686 0.400278 0.717111 
0.531681 0.073479 0.399583 0.746150 
0.534206 0.068700 0.399042 0.725778 
0.535501 0.077686 0.393233 0.748329 
0.537520 0.072415 0.411637 0.741709 
0.531546 0.073376 0.402137 0.740596 
0.537289 0.080876 0.389910 0.770253 
0.528642 0.075518 0.392396 0.744400 
0.519858 0.070531 0.387650 0.720557 
0.514315 0.066216 0.337244 0.680669 
0.551085 0.075619 0.339772 0.724195 
0.536452 0.071215 0.368830 0.716655 
0.557029 0.070514 0.379260 0.727695 
0.544562 0.070141 0.352082 0.725062 
0.551453 0.070718 0.365504 0.722757 
0.548293 0.071130 0.346650 0.720385 
0.521780 0.068774 0.346168 0.695003 
0.538870 0.061893 0.361964 0.684780 
0.529719 0.069738 0.348348 0.702898 
0.550871 0.065414 0.375131 0.688092 
0.531398 0.062198 0.399536 0.699095 
0.545928 0.065018 0.401351 0.717955 
0.515948 0.065165 0.383664 0.722330 
0.549232 0.067764 0.412561 0.747017 
0.543491 0.065617 0.408334 0.734291 
0.528253 0.067706 0.380405 0.722863 
0.532516 0.065708 0.389452 0.717682 
0.524654 0.068116 0.392159 0.722524 
0.534194 0.062308 0.410466 0.706665 
0.500992 0.061051 0.355231 0.689371 
0.535076 0.064876 0.403117 0.745952 
0.507899 0.060147 0.396051 0.698663 
0.540860 0.074658 0.370369 0.784674 
0.514068 0.080926 0.323530 0.774373 
0.550885 0.078687 0.326636 0.787376 
0.513548 0.068000 0.326699 0.730960 
0.541909 0.079394 0.337280 0.775278 
0.563769 0.079682 0.350968 0.783456 
0.507936 0.074437 0.359728 0.756840 
0.548849 0.074313 0.348824 0.775479 
0.552098 0.078678 0.362209 0.768001 
0.542004 0.082536 0.346477 0.764838 
0.552056 0.084197 0.343782 0.775664 
0.520472 0.065553 0.378674 0.693827 
0.534627 0.075936 0.365854 0.715912 
0.523883 0.071549 0.355515 0.719272 
0.524191 0.067152 0.361778 0.703173 
0.534369 0.083197 0.328833 0.719135 
0.521990 0.072210 0.352540 0.703510 
0.521976 0.071509 0.353756 0.686292 
0.530783 0.073462 0.366671 0.719673 
0.565349 0.075580 0.353950 0.730177 
0.518506 0.073691 0.358362 0.713569 
0.504764 0.063475 0.336634 0.658174 
0.524484 0.072546 0.367670 0.722848 
0.491533 0.063128 0.344756 0.667131 
0.519383 0.068526 0.356332 0.711400 
0.506545 0.065034 0.343302 0.692466 
0.507479 0.065817 0.350891 0.696730 
0.499873 0.062991 0.355017 0.658154 
0.502349 0.063385 0.334551 0.677426 
0.512277 0.069339 0.349753 0.703632 
0.489446 0.062202 0.333458 0.671276 
0.512824 0.065375 0.342221 0.700008 
0.498700 0.062548 0.362372 0.668494 
0.510705 0.073096 0.350950 0.708645 
0.516327 0.067340 0.337464 0.701573 
0.498347 0.067954 0.337947 0.689806 
0.520461 0.073372 0.373070 0.714486 
0.506929 0.074242 0.364103 0.725017 
0.525320 0.074264 0.342058 0.744632 
0.516656 0.077999 0.337508 0.732026 
0.520595 0.073916 0.356117 0.731800 
0.531632 0.074302 0.362924 0.762650 
0.543164 0.072611 0.368048 0.741919 
0.527915 0.072598 0.358577 0.737017 
0.538097 0.078211 0.342791 0.754234 
0.527748 0.074682 0.365940 0.730669 
0.515310 0.077257 0.361855 0.757057 
0.524777 0.073895 0.345154 0.739084 
0.531647 0.070226 0.356894 0.740622 
0.539091 0.074079 0.354792 0.761837 
0.525224 0.075337 0.337219 0.744886 
0.526623 0.074430 0.357444 0.776970 
0.534279 0.080449 0.337105 0.778000 
0.497244 0.062957 0.351193 0.725536 
0.517692 0.075115 0.349558 0.750942 
0.512147 0.076724 0.352926 0.774890 
0.513694 0.077408 0.359491 0.774031 
0.510966 0.069265 0.366310 0.763122 
0.529407 0.085145 0.352033 0.810437 
0.514249 0.069029 0.333896 0.743822 
0.522899 0.080329 0.361179 0.774492 
0.513042 0.073117 0.341946 0.748643 
0.517032 0.079957 0.330932 0.779883 
0.521863 0.067666 0.355152 0.771864 
0.500301 0.084119 0.355101 0.788424 
0.538595 0.092894 0.339094 0.793106 
0.549881 0.087892 0.337558 0.782734 
0.547162 0.088442 0.359246 0.793727 
0.548502 0.082447 0.369680 0.784620 
0.537155 0.082793 0.376577 0.765280 
0.541785 0.085072 0.353299 0.777082 
0.533855 0.082595 0.343898 0.781661 
0.534699 0.081461 0.352793 0.811366 
0.531932 0.081791 0.375941 0.766228 
0.531089 0.081072 0.359244 0.781385 
0.550026 0.091899 0.350219 0.806498 
0.564148 0.073727 0.377827 0.786113 
0.549596 0.089052 0.365680 0.787527 
0.497206 0.074271 0.329371 0.735424 
0.515782 0.084576 0.320956 0.770733 
0.509765 0.078145 0.305215 0.764432 
0.506995 0.075671 0.304850 0.741781 
0.494945 0.075636 0.322370 0.733805 
0.515356 0.076586 0.319906 0.746991 
0.520119 0.073903 0.335305 0.744198 
0.489024 0.074312 0.317124 0.722769 
0.517563 0.075440 0.319564 0.764281 
0.510646 0.075158 0.305271 0.748758 
0.507273 0.071828 0.328747 0.736587 
0.507402 0.077906 0.333544 0.748484 
0.588819 0.096888 0.277069 0.800918 
0.591326 0.100154 0.310350 0.808399 
0.586343 0.097841 0.321538 0.805321 
0.566658 0.097803 0.305313 0.803754 
0.575032 0.096464 0.344817 0.819900 
0.597532 0.099090 0.335011 0.807762 
0.575268 0.099916 0.287443 0.792877 
0.584380 0.095321 0.331807 0.794879 
0.603909 0.098480 0.334390 0.821536 
0.591770 0.097985 0.317143 0.807550 
0.576970 0.092889 0.335255 0.805616 
0.572373 0.098367 0.306167 0.801389 
0.590051 0.100520 0.290795 0.793533 
0.541944 0.104461 0.343430 0.792026 
0.554791 0.101137 0.325233 0.789104 
0.531225 0.107685 0.317391 0.798670 
0.530425 0.096352 0.342910 0.761179 
0.543977 0.098585 0.326474 0.775145 
0.541087 0.108040 0.345858 0.782337 
0.537576 0.097539 0.334248 0.771432 
0.553923 0.094791 0.332539 0.774244 
0.545785 0.108692 0.335083 0.794828 
0.536630 0.100187 0.334899 0.795824 
0.540136 0.101755 0.345005 0.793597 
0.568666 0.104357 0.341392 0.821974 
0.542370 0.096609 0.331039 0.760596 
0.547585 0.077103 0.397359 0.783315 
0.555114 0.093582 0.385756 0.800107 
0.562150 0.077775 0.416386 0.794428 
0.560243 0.077554 0.392779 0.767685 
0.567636 0.080480 0.406295 0.787590 
0.566024 0.077761 0.422946 0.779570 
0.557305 0.080802 0.400583 0.802793 
0.573321 0.084606 0.418795 0.791344 
0.542088 0.084426 0.408224 0.771679 
0.550277 0.077314 0.399613 0.767820 
0.557433 0.085442 0.406250 0.782764 
0.562962 0.075352 0.395160 0.775232 
0.565264 0.088913 0.402634 0.790356 
0.561454 0.085511 0.384702 0.779210 
0.477679 0.071023 0.318064 0.730485 
0.497601 0.075524 0.327346 0.785266 
0.477666 0.080151 0.321690 0.738677 
0.482221 0.072853 0.294901 0.731587 
0.477893 0.072452 0.324077 0.753391 
0.478271 0.080282 0.321069 0.776585 
0.474875 0.072440 0.291799 0.683548 
0.465636 0.076365 0.323780 0.743564 
0.484304 0.066602 0.320093 0.751011 
0.487580 0.071624 0.313330 0.729034 
0.473732 0.078095 0.321103 0.741589 
0.484107 0.071187 0.313627 0.776581 
0.482706 0.076127 0.333442 0.775496 
