0.472228 0.068375 0.321423 0.693656 
0.444705 0.065421 0.301174 0.620812 
0.453210 0.067501 0.302038 0.625817 
0.473471 0.067182 0.332650 0.673945 
0.476497 0.063719 0.334188 0.683538 
0.476543 0.064794 0.321115 0.647126 
0.454189 0.066458 0.292185 0.653603 
0.465366 0.064450 0.332410 0.658373 
0.482354 0.066497 0.313865 0.704065 
0.470985 0.058645 0.292697 0.640764 
0.445192 0.069903 0.311410 0.652862 
0.465360 0.061593 0.306339 0.624788 
0.480746 0.067824 0.320716 0.678907 
0.482408 0.058508 0.324078 0.662464 
0.467752 0.054940 0.310052 0.629227 
0.468512 0.056956 0.319355 0.633803 
0.463597 0.055764 0.280487 0.606134 
0.481663 0.057999 0.289493 0.652466 
0.478336 0.055224 0.308797 0.651418 
0.474653 0.053847 0.276061 0.630129 
0.463059 0.051995 0.288861 0.612076 
0.474320 0.053228 0.298837 0.624403 
0.466990 0.057098 0.289229 0.598941 
0.471923 0.057133 0.316491 0.626624 
0.457009 0.052413 0.303524 0.612234 
0.465930 0.054756 0.307901 0.610160 
0.431023 0.068953 0.270988 0.627386 
0.454584 0.077404 0.297773 0.653303 
0.430837 0.064180 0.277308 0.616067 
0.472111 0.076437 0.302556 0.659911 
0.469176 0.075653 0.305598 0.705459 
0.477339 0.078842 0.283312 0.666045 
0.456043 0.074222 0.290829 0.646099 
0.427165 0.064237 0.276019 0.601978 
0.468303 0.075236 0.288082 0.673163 
0.437717 0.068568 0.274065 0.635383 
0.465627 0.072654 0.315320 0.633310 
0.461272 0.063197 0.292368 0.652845 
0.465214 0.062617 0.286580 0.643125 
0.459653 0.063594 0.295541 0.630898 
0.472163 0.068366 0.311668 0.651630 
0.462223 0.066720 0.289165 0.638763 
0.467159 0.058725 0.301656 0.632724 
0.469297 0.066331 0.278302 0.669694 
0.456452 0.060928 0.302186 0.641029 
0.469835 0.066206 0.309439 0.636041 
0.457032 0.061143 0.300608 0.636068 
0.474257 0.066776 0.258797 0.664187 
0.454738 0.064101 0.295339 0.635679 
0.400190 0.063757 0.222506 0.596752 
0.382179 0.073907 0.225320 0.591368 
0.412686 0.080526 0.238565 0.661489 
0.386021 0.064606 0.241508 0.584060 
0.397828 0.073125 0.245117 0.614924 
0.415726 0.074610 0.227141 0.605894 
0.371309 0.063656 0.234595 0.553869 
0.384840 0.064272 0.227557 0.545731 
0.412304 0.072436 0.234162 0.593160 
0.399020 0.063778 0.229013 0.551380 
0.403750 0.078012 0.228286 0.597234 
0.496998 0.069750 0.361415 0.684735 
0.500656 0.072613 0.335083 0.681196 
0.486617 0.071838 0.327291 0.684482 
0.492651 0.067836 0.336058 0.658291 
0.482159 0.069265 0.328174 0.667530 
0.490258 0.072186 0.338278 0.662911 
0.489245 0.072348 0.307845 0.660689 
0.493498 0.068602 0.320701 0.677472 
0.523871 0.074926 0.334810 0.710386 
0.476249 0.072781 0.315509 0.672937 
0.446813 0.070956 0.242814 0.641368 
0.473976 0.072578 0.266863 0.695461 
0.446865 0.065844 0.273920 0.640628 
0.465479 0.076770 0.248056 0.663590 
0.447096 0.076095 0.265859 0.666457 
0.465519 0.078393 0.276942 0.690559 
0.451616 0.071475 0.260389 0.670554 
0.436465 0.068037 0.259546 0.621992 
0.451897 0.072282 0.262267 0.635054 
0.439401 0.063893 0.274967 0.612237 
0.445960 0.069349 0.262440 0.643611 
0.454229 0.073145 0.248057 0.656758 
0.467046 0.072692 0.258045 0.652798 
0.430285 0.064620 0.277408 0.602854 
0.442242 0.066094 0.256502 0.647552 
0.470166 0.075696 0.259221 0.654483 
0.445669 0.081663 0.277913 0.665432 
0.457727 0.078736 0.246847 0.642653 
0.453673 0.077390 0.287210 0.654234 
0.443744 0.075121 0.280079 0.638315 
0.465165 0.074679 0.281032 0.667542 
0.476942 0.080360 0.305718 0.699042 
0.461681 0.075769 0.294338 0.649459 
0.463709 0.080455 0.274971 0.678156 
0.460440 0.077163 0.301841 0.659032 
0.448728 0.077681 0.295248 0.636893 
0.455995 0.076420 0.277825 0.650260 
0.465613 0.077389 0.306371 0.680168 
0.471700 0.079021 0.283615 0.678916 
0.440921 0.075022 0.250196 0.640556 
0.421395 0.053764 0.275894 0.587329 
0.427664 0.058631 0.277856 0.591676 
0.398526 0.049714 0.234084 0.546843 
0.404493 0.053715 0.293231 0.551076 
0.411390 0.057001 0.285405 0.564932 
0.411605 0.054325 0.261646 0.589822 
0.408982 0.048267 0.282122 0.587128 
0.417489 0.051653 0.269915 0.595934 
0.403008 0.046858 0.265362 0.582527 
0.416757 0.052875 0.270888 0.579322 
0.402887 0.047305 0.295242 0.554967 
0.413397 0.054052 0.260226 0.567798 
0.414794 0.054032 0.275950 0.566388 
0.389374 0.045557 0.271177 0.543328 
0.434994 0.069715 0.247349 0.623044 
0.446882 0.073722 0.254541 0.595470 
0.421808 0.060916 0.246503 0.560972 
0.431353 0.066217 0.256174 0.614019 
0.416362 0.066374 0.237511 0.604354 
0.434794 0.069412 0.250763 0.579677 
0.400459 0.055202 0.250467 0.564245 
0.421111 0.067361 0.246177 0.580661 
0.418547 0.064992 0.238050 0.585618 
0.427260 0.065832 0.265007 0.593131 
0.445340 0.073087 0.253255 0.597489 
0.447299 0.065414 0.276011 0.602339 
0.434592 0.067974 0.250210 0.604612 
0.405662 0.064762 0.248603 0.563198 
0.417706 0.072178 0.237401 0.588337 
0.414821 0.066035 0.251514 0.573827 
0.416667 0.068487 0.248474 0.572110 
0.393495 0.061408 0.241910 0.572766 
0.410872 0.066468 0.238794 0.568550 
0.417422 0.064549 0.257210 0.634093 
0.383518 0.058105 0.242120 0.541286 
0.419642 0.062945 0.252344 0.607922 
0.420472 0.064520 0.257613 0.628999 
0.417685 0.065351 0.245440 0.579139 
0.418597 0.066345 0.242606 0.587782 
0.414605 0.065781 0.282194 0.622352 
0.420032 0.068779 0.267156 0.594973 
0.408664 0.070122 0.271619 0.627875 
0.413737 0.072561 0.255689 0.632999 
0.404156 0.055507 0.287875 0.542521 
0.438872 0.075875 0.289940 0.653189 
0.412672 0.070002 0.264297 0.630934 
0.417690 0.068099 0.262652 0.620699 
0.442358 0.075855 0.282394 0.637667 
0.430936 0.071045 0.274680 0.628335 
0.411065 0.069858 0.252135 0.643842 
0.406602 0.067314 0.271414 0.579295 
0.411573 0.073169 0.276738 0.639768 
0.489229 0.076155 0.278324 0.645588 
0.465969 0.070691 0.285057 0.654445 
0.470533 0.073720 0.283936 0.674039 
0.462919 0.071152 0.291298 0.663946 
0.493055 0.079966 0.289712 0.689891 
0.454307 0.072379 0.266547 0.628636 
0.468919 0.071683 0.291245 0.663237 
0.464821 0.068537 0.294108 0.657598 
0.477171 0.076231 0.281220 0.677991 
0.461615 0.072068 0.268114 0.646802 
0.458215 0.069013 0.304001 0.633259 
0.476709 0.069269 0.286931 0.645481 
0.471311 0.075606 0.302517 0.671239 
0.486971 0.064643 0.275347 0.649453 
0.485653 0.064506 0.280565 0.640358 
0.505896 0.070791 0.304064 0.697502 
0.499315 0.063375 0.315687 0.685101 
0.497181 0.066119 0.314354 0.669602 
0.495150 0.069776 0.282490 0.714012 
0.480366 0.060482 0.282082 0.628411 
0.508232 0.074139 0.291387 0.737772 
0.469393 0.067343 0.290737 0.629365 
0.492298 0.067438 0.282651 0.670892 
0.475221 0.062626 0.333793 0.649745 
0.490324 0.065234 0.289541 0.633825 
0.493262 0.064436 0.301554 0.690860 
0.484419 0.062410 0.293897 0.646630 
0.388756 0.055273 0.231928 0.583345 
0.387724 0.055817 0.248784 0.572401 
0.371709 0.058973 0.233108 0.561402 
0.379673 0.055771 0.241753 0.583421 
0.394816 0.062929 0.250213 0.566829 
0.359805 0.060486 0.200394 0.575452 
0.359227 0.058777 0.187385 0.548105 
0.386088 0.052264 0.246615 0.580831 
0.376190 0.048314 0.229931 0.539484 
0.401578 0.057175 0.246812 0.605001 
0.382327 0.056409 0.218948 0.564639 
0.386241 0.060833 0.221526 0.555596 
0.384379 0.056703 0.220289 0.598525 
