0.515636 0.060005 0.326651 0.661210 
0.508828 0.059219 0.307995 0.653948 
0.524862 0.060095 0.283802 0.669006 
0.528075 0.064748 0.310606 0.699318 
0.517497 0.060379 0.368867 0.652484 
0.529136 0.066052 0.266587 0.704599 
0.510311 0.065102 0.303891 0.690284 
0.517043 0.065391 0.266832 0.672651 
0.504478 0.061310 0.325137 0.655060 
0.521775 0.065011 0.375734 0.655545 
0.505194 0.062851 0.283751 0.652628 
0.517822 0.062226 0.373493 0.637770 
0.520133 0.059221 0.346003 0.656846 
0.576249 0.055148 0.404496 0.717677 
0.551232 0.055769 0.387616 0.719513 
0.554453 0.048024 0.360079 0.697724 
0.551282 0.047680 0.432331 0.692428 
0.559026 0.055657 0.406498 0.698081 
0.561584 0.048889 0.401107 0.696020 
0.562756 0.052941 0.431462 0.712446 
0.570508 0.052650 0.379326 0.729722 
0.555474 0.045140 0.421675 0.684452 
0.543598 0.041358 0.395108 0.686740 
0.569343 0.048673 0.438759 0.728342 
0.546382 0.046188 0.413523 0.690025 
0.538624 0.044380 0.387866 0.669083 
0.536812 0.052576 0.398679 0.700004 
0.557122 0.065360 0.370480 0.718343 
0.552001 0.071760 0.371905 0.701405 
0.580021 0.074106 0.409265 0.736543 
0.558535 0.064561 0.381583 0.722053 
0.581058 0.075625 0.411861 0.745711 
0.564840 0.066886 0.393854 0.710425 
0.511540 0.054569 0.371940 0.638730 
0.548006 0.065420 0.394144 0.719244 
0.549430 0.063293 0.400051 0.686054 
0.534002 0.065502 0.383130 0.668127 
0.483090 0.050042 0.337118 0.690549 
0.493403 0.047801 0.348464 0.658230 
0.501140 0.047601 0.345959 0.670388 
0.487996 0.044373 0.344416 0.674395 
0.480594 0.045076 0.337884 0.649325 
0.533464 0.054071 0.353281 0.708110 
0.489255 0.044079 0.342254 0.643507 
0.520931 0.051269 0.330339 0.688480 
0.489426 0.046342 0.338465 0.642554 
0.494894 0.054119 0.342910 0.688679 
0.496259 0.046871 0.341660 0.666420 
0.499756 0.047796 0.344787 0.666592 
0.503350 0.068175 0.303189 0.709466 
0.460985 0.068807 0.307678 0.693297 
0.514621 0.065696 0.294160 0.711570 
0.496087 0.060964 0.362125 0.697709 
0.506017 0.074961 0.296944 0.721241 
0.522072 0.080036 0.336959 0.731377 
0.493623 0.069098 0.340453 0.673443 
0.500497 0.068776 0.343273 0.665823 
0.522434 0.074290 0.303875 0.711825 
0.499700 0.065629 0.261663 0.668201 
0.512003 0.070122 0.360139 0.705091 
0.505803 0.060036 0.362679 0.739895 
0.515367 0.066150 0.342219 0.772313 
0.486094 0.059807 0.361709 0.685726 
0.494101 0.062556 0.349418 0.700314 
0.531962 0.064896 0.386989 0.772172 
0.496540 0.060393 0.302138 0.675095 
0.498282 0.060225 0.331840 0.719112 
0.498505 0.060620 0.372465 0.706734 
0.541352 0.067408 0.401586 0.778098 
0.519959 0.065373 0.349522 0.761066 
0.482459 0.062597 0.316443 0.698858 
0.470672 0.063349 0.328242 0.640416 
0.474077 0.073126 0.297427 0.674949 
0.464027 0.058548 0.297458 0.637713 
0.469070 0.067242 0.322026 0.694478 
0.491224 0.073627 0.317215 0.684732 
0.450195 0.065817 0.301575 0.667510 
0.466078 0.067356 0.277722 0.669869 
0.469331 0.069053 0.277397 0.660089 
0.469424 0.072454 0.297755 0.657564 
0.460623 0.059627 0.317641 0.653635 
0.461188 0.066375 0.276152 0.664941 
0.463841 0.062236 0.308832 0.677396 
0.481525 0.071134 0.303240 0.674105 
0.468819 0.066203 0.303393 0.653483 
0.473763 0.069902 0.312390 0.698864 
0.490892 0.071987 0.351572 0.732358 
0.509381 0.076684 0.343462 0.730242 
0.507472 0.072864 0.363484 0.722207 
0.500745 0.079712 0.328650 0.715339 
0.517824 0.077242 0.357716 0.721349 
0.533503 0.076092 0.378897 0.718454 
0.509471 0.071614 0.365850 0.699852 
0.525684 0.071658 0.380066 0.703589 
0.518050 0.077282 0.383317 0.722164 
0.520403 0.089846 0.330936 0.776502 
0.506254 0.078728 0.337257 0.724633 
0.519033 0.077656 0.337525 0.716002 
0.523645 0.079209 0.347504 0.746181 
0.516322 0.078417 0.363445 0.738756 
0.478993 0.058552 0.320219 0.739006 
0.479274 0.060905 0.331007 0.721363 
0.488256 0.060029 0.318587 0.670302 
0.511483 0.062280 0.354839 0.751250 
0.507273 0.078110 0.326018 0.772032 
0.483165 0.065236 0.327588 0.732344 
0.515942 0.078999 0.341590 0.782627 
0.505675 0.068227 0.360201 0.721585 
0.489994 0.063901 0.331433 0.713667 
0.493910 0.064193 0.347719 0.713906 
0.487947 0.060733 0.325545 0.712657 
0.490098 0.068544 0.329097 0.740765 
0.481001 0.057118 0.357039 0.693453 
0.467739 0.070149 0.329134 0.761710 
0.494745 0.069187 0.287399 0.730705 
0.511575 0.066569 0.338365 0.743959 
0.512349 0.074367 0.314514 0.744913 
0.518650 0.070039 0.348631 0.735585 
0.509148 0.071460 0.324427 0.677302 
0.520690 0.074567 0.311455 0.778484 
0.516883 0.072754 0.334182 0.698090 
0.508199 0.065632 0.325235 0.742072 
0.488667 0.065511 0.334704 0.716132 
0.523355 0.085132 0.346977 0.741253 
0.485021 0.065593 0.320439 0.699135 
0.513336 0.077008 0.327156 0.717004 
0.510287 0.085866 0.315362 0.748937 
0.459275 0.060855 0.310052 0.613072 
0.459316 0.058991 0.327349 0.628167 
0.450327 0.051292 0.312059 0.618080 
0.449222 0.056024 0.300954 0.599279 
0.463162 0.056262 0.294086 0.604303 
0.452325 0.055657 0.320500 0.621945 
0.438217 0.058697 0.312759 0.623545 
0.473386 0.073642 0.318327 0.630635 
0.453070 0.056840 0.292708 0.609719 
0.448496 0.060991 0.315891 0.608558 
0.448773 0.062035 0.291765 0.632094 
0.451086 0.065244 0.308829 0.627601 
0.441959 0.044644 0.339294 0.690734 
0.456802 0.042616 0.347813 0.671807 
0.479698 0.049602 0.358687 0.695777 
0.504808 0.064230 0.357928 0.776945 
0.481434 0.060021 0.353963 0.737373 
0.500905 0.056905 0.393136 0.724704 
0.491627 0.052984 0.368140 0.738206 
0.517725 0.059948 0.385531 0.784017 
0.529735 0.070723 0.370124 0.817716 
0.526765 0.058226 0.311054 0.735775 
0.462066 0.047383 0.349892 0.674076 
0.509417 0.069623 0.345016 0.788890 
0.453671 0.049945 0.348403 0.693631 
0.517682 0.047638 0.405193 0.708514 
0.527496 0.062935 0.390075 0.755710 
0.534179 0.056393 0.379286 0.727048 
0.520035 0.057937 0.354147 0.738892 
0.532558 0.062497 0.395670 0.770703 
0.514139 0.049635 0.405957 0.726962 
0.500460 0.051333 0.388535 0.714228 
0.514661 0.051869 0.394065 0.732938 
0.533317 0.050847 0.403801 0.728694 
0.496300 0.048404 0.369493 0.708708 
0.506473 0.055256 0.386196 0.695129 
0.549417 0.063015 0.387537 0.764191 
0.520214 0.056449 0.371312 0.741570 
0.546980 0.049889 0.414236 0.746576 
0.563983 0.056875 0.387821 0.730482 
0.571813 0.054654 0.439888 0.744387 
0.563582 0.047692 0.376218 0.708630 
0.574562 0.052675 0.419875 0.757108 
0.570519 0.048210 0.395214 0.737876 
0.560896 0.052722 0.430606 0.772253 
0.593709 0.057691 0.426487 0.744597 
0.555943 0.060750 0.428149 0.761893 
0.559325 0.048419 0.428143 0.720808 
0.570133 0.057279 0.430532 0.773536 
0.558910 0.053089 0.417400 0.735273 
0.570761 0.055670 0.360034 0.717341 
0.522989 0.050348 0.409647 0.740187 
0.462182 0.074222 0.293907 0.655555 
0.444431 0.062781 0.302390 0.618240 
0.464175 0.067844 0.316292 0.657691 
0.464715 0.070016 0.337017 0.646848 
0.456026 0.067131 0.325351 0.655370 
0.462782 0.071556 0.334904 0.671790 
0.457908 0.065270 0.302491 0.638222 
0.463098 0.073596 0.346445 0.694044 
0.441284 0.064255 0.272766 0.604330 
0.468522 0.072326 0.334236 0.668946 
0.436028 0.065879 0.280460 0.622208 
0.442827 0.060605 0.301729 0.639442 
0.448706 0.066071 0.316007 0.636322 
