0.479906 0.080682 0.244658 0.706555 
0.472137 0.078888 0.289202 0.700755 
0.477405 0.075529 0.320766 0.694535 
0.478455 0.079201 0.293912 0.705359 
0.485547 0.075785 0.301870 0.691120 
0.488359 0.076599 0.245250 0.703906 
0.467194 0.077497 0.276397 0.694306 
0.462973 0.076560 0.236279 0.681883 
0.458072 0.079023 0.276164 0.668122 
0.473664 0.078941 0.264909 0.690088 
0.473656 0.074564 0.282992 0.697537 
0.448242 0.077475 0.287082 0.648564 
0.484667 0.081455 0.264211 0.693594 
0.479343 0.067650 0.302233 0.682585 
0.467317 0.066397 0.292967 0.628815 
0.470760 0.065569 0.287959 0.646134 
0.467176 0.066763 0.281916 0.637262 
0.468489 0.069056 0.298247 0.654455 
0.475659 0.067048 0.303831 0.664596 
0.462023 0.066990 0.293862 0.642434 
0.458208 0.065748 0.289411 0.639718 
0.465880 0.066147 0.294360 0.664887 
0.470035 0.063552 0.288623 0.620552 
0.472663 0.065609 0.278668 0.630088 
0.460305 0.062661 0.277288 0.627915 
0.459329 0.063658 0.298944 0.619561 
0.451503 0.081982 0.253272 0.651706 
0.470662 0.085642 0.253566 0.695669 
0.451035 0.083620 0.253516 0.673348 
0.500866 0.089181 0.268517 0.730517 
0.496861 0.094586 0.274802 0.704872 
0.498750 0.090958 0.271456 0.722655 
0.482358 0.092754 0.240916 0.729713 
0.448448 0.085166 0.254041 0.686740 
0.484809 0.092592 0.257412 0.712351 
0.473357 0.083752 0.236317 0.686699 
0.449635 0.082404 0.248592 0.640074 
0.445266 0.090338 0.253377 0.688396 
0.440181 0.087285 0.248768 0.655941 
0.452973 0.083659 0.261338 0.700458 
0.447726 0.089485 0.238577 0.685135 
0.444241 0.086725 0.243953 0.665884 
0.457510 0.081967 0.279268 0.673447 
0.450770 0.088267 0.278149 0.675090 
0.468467 0.088645 0.279157 0.699257 
0.451223 0.087787 0.255771 0.694516 
0.446067 0.083858 0.270953 0.658317 
0.455951 0.088173 0.268336 0.665078 
0.459015 0.092099 0.265785 0.733872 
0.436341 0.063521 0.263394 0.615016 
0.427854 0.071628 0.253153 0.605375 
0.447505 0.074274 0.234755 0.640407 
0.402456 0.069525 0.235893 0.589408 
0.444384 0.069965 0.272584 0.660094 
0.448572 0.061386 0.275743 0.650428 
0.419904 0.059792 0.259991 0.577726 
0.427370 0.062893 0.249005 0.612995 
0.447220 0.064009 0.277287 0.641767 
0.425972 0.063766 0.262217 0.590910 
0.437551 0.066329 0.234584 0.638776 
0.479440 0.073367 0.248994 0.620605 
0.511487 0.078953 0.242064 0.693895 
0.465708 0.068426 0.203923 0.625186 
0.477639 0.072265 0.247885 0.627997 
0.526354 0.081775 0.224395 0.723930 
0.480893 0.075126 0.261271 0.647087 
0.475194 0.071357 0.258131 0.656259 
0.478385 0.075410 0.236416 0.632544 
0.519916 0.081650 0.226864 0.697276 
0.509816 0.079895 0.235437 0.699267 
0.497075 0.083976 0.254656 0.695660 
0.501550 0.076600 0.263751 0.686167 
0.515558 0.083487 0.241694 0.701234 
0.489941 0.082731 0.251334 0.702150 
0.483689 0.080332 0.249935 0.675768 
0.508892 0.091281 0.245953 0.744410 
0.468216 0.081799 0.246387 0.662786 
0.509153 0.089396 0.236907 0.725635 
0.476761 0.074247 0.246080 0.663799 
0.488904 0.082269 0.242650 0.681632 
0.476024 0.077459 0.220057 0.653434 
0.478062 0.077013 0.226317 0.672812 
0.512596 0.087076 0.214492 0.745194 
0.500567 0.083852 0.242070 0.705739 
0.482860 0.079152 0.229329 0.686106 
0.515223 0.078082 0.238604 0.709445 
0.471471 0.084097 0.234663 0.706702 
0.485604 0.085465 0.251997 0.670982 
0.484588 0.083603 0.229404 0.718070 
0.478386 0.083044 0.221348 0.654455 
0.486489 0.087963 0.253204 0.701326 
0.495004 0.090572 0.255776 0.714894 
0.486567 0.086170 0.237989 0.680076 
0.484506 0.085469 0.238035 0.684168 
0.485975 0.086362 0.276596 0.690324 
0.479264 0.082535 0.249208 0.700720 
0.482507 0.084777 0.231164 0.670735 
0.486711 0.086377 0.272594 0.730345 
0.490091 0.088355 0.242500 0.706176 
0.483915 0.084316 0.242943 0.695964 
0.412696 0.065340 0.249836 0.607185 
0.433325 0.071611 0.269951 0.662634 
0.429714 0.058957 0.273398 0.606211 
0.420871 0.061231 0.272555 0.597140 
0.432744 0.071188 0.262439 0.645596 
0.431737 0.078262 0.265981 0.673253 
0.423338 0.063520 0.261788 0.599917 
0.434933 0.063634 0.248927 0.629981 
0.429806 0.060666 0.252932 0.641974 
0.435502 0.071767 0.267737 0.636655 
0.396976 0.064072 0.248880 0.588107 
0.421414 0.060399 0.260558 0.608246 
0.396709 0.058523 0.265501 0.568824 
0.431614 0.061562 0.260005 0.635529 
0.468549 0.084954 0.259131 0.679340 
0.472163 0.088935 0.246528 0.691967 
0.476670 0.085541 0.261845 0.712193 
0.457675 0.080594 0.263224 0.642703 
0.454719 0.081308 0.282392 0.681364 
0.458849 0.083134 0.270582 0.675669 
0.449498 0.077201 0.276423 0.635209 
0.456883 0.083606 0.253357 0.651817 
0.439634 0.082797 0.253153 0.717640 
0.465741 0.081806 0.250359 0.666197 
0.455655 0.084798 0.237912 0.692953 
0.453316 0.082054 0.261142 0.653339 
0.461217 0.083804 0.281785 0.700125 
0.413501 0.066808 0.227587 0.578528 
0.419493 0.069056 0.230131 0.568582 
0.424327 0.071850 0.244303 0.573642 
0.422015 0.068643 0.235263 0.593487 
0.421612 0.069595 0.209025 0.576686 
0.425821 0.066318 0.220951 0.576374 
0.418265 0.069808 0.220278 0.574942 
0.420644 0.067029 0.228922 0.584317 
0.417657 0.070088 0.234356 0.571473 
0.415811 0.067352 0.242507 0.584522 
0.415340 0.066118 0.224123 0.578524 
0.421328 0.071645 0.214864 0.583223 
0.405785 0.075792 0.198053 0.568828 
0.420284 0.080076 0.207636 0.590323 
0.422265 0.079903 0.228600 0.605503 
0.427701 0.076494 0.240742 0.585758 
0.443640 0.089131 0.247569 0.636279 
0.452509 0.091118 0.271002 0.662709 
0.425021 0.077981 0.213170 0.586689 
0.418895 0.076589 0.225385 0.576804 
0.463941 0.088034 0.263471 0.655688 
0.438743 0.088000 0.245268 0.645555 
0.406233 0.074789 0.209886 0.578342 
0.434230 0.085983 0.237055 0.638988 
0.406205 0.073137 0.206835 0.568861 
0.488927 0.080458 0.261820 0.676514 
0.457625 0.075124 0.253106 0.618351 
0.469472 0.075530 0.253504 0.645270 
0.457349 0.072914 0.251648 0.627102 
0.483300 0.083424 0.268340 0.679820 
0.446937 0.075145 0.232267 0.638791 
0.464601 0.076626 0.249776 0.646994 
0.449759 0.070818 0.241457 0.627845 
0.463578 0.073860 0.263201 0.636825 
0.446909 0.073067 0.248420 0.611941 
0.460913 0.071011 0.253631 0.620159 
0.463726 0.073904 0.254670 0.637358 
0.464076 0.073479 0.256839 0.626025 
0.492839 0.077210 0.277934 0.697794 
0.492491 0.078489 0.272863 0.668734 
0.508466 0.089655 0.294480 0.723124 
0.512593 0.094433 0.276397 0.736991 
0.507178 0.089523 0.278129 0.739881 
0.519415 0.091329 0.266639 0.766132 
0.492306 0.080214 0.287734 0.695427 
0.514819 0.089360 0.297692 0.726047 
0.496234 0.083864 0.283535 0.709596 
0.498991 0.091491 0.278745 0.727334 
0.508454 0.082375 0.251512 0.708542 
0.509591 0.083443 0.267486 0.700680 
0.508750 0.084774 0.283021 0.714696 
0.483939 0.085946 0.264249 0.670978 
0.399595 0.068182 0.199209 0.609857 
0.414554 0.065128 0.253849 0.667099 
0.430286 0.066692 0.246547 0.606855 
0.437946 0.070974 0.237334 0.605830 
0.412437 0.063749 0.265594 0.626997 
0.420172 0.059186 0.253079 0.596420 
0.403749 0.064589 0.235294 0.614166 
0.431554 0.070446 0.235355 0.606097 
0.406216 0.063724 0.218203 0.631632 
0.410322 0.062179 0.274901 0.661789 
0.411594 0.075526 0.234622 0.610658 
0.410532 0.064325 0.243096 0.626410 
0.431948 0.070870 0.253157 0.635320 
