0.535742 0.065519 0.346576 0.720279 
0.535095 0.065647 0.330590 0.726365 
0.543780 0.058115 0.363167 0.724099 
0.536674 0.065318 0.352302 0.724508 
0.540902 0.061802 0.357847 0.729481 
0.539765 0.066524 0.371061 0.742794 
0.526266 0.065124 0.338764 0.719858 
0.520704 0.065753 0.326097 0.720414 
0.524550 0.067461 0.345343 0.732674 
0.523600 0.060783 0.341411 0.703779 
0.518987 0.061981 0.331451 0.711154 
0.521273 0.065877 0.326430 0.693769 
0.537040 0.062059 0.350058 0.732738 
0.558276 0.084635 0.374587 0.782248 
0.539367 0.078698 0.405108 0.758220 
0.557191 0.085194 0.392587 0.767908 
0.550326 0.080245 0.392578 0.757932 
0.538293 0.080009 0.387320 0.763723 
0.553464 0.080742 0.393846 0.763615 
0.543046 0.080011 0.402035 0.766242 
0.560202 0.086440 0.385474 0.778567 
0.553031 0.083726 0.384468 0.769286 
0.554575 0.081194 0.385678 0.753637 
0.570194 0.086586 0.379181 0.784959 
0.547577 0.083245 0.366800 0.757404 
0.538448 0.081723 0.376989 0.747163 
0.502295 0.075617 0.348611 0.695364 
0.526640 0.083574 0.350576 0.744653 
0.501979 0.085843 0.333635 0.701920 
0.528965 0.085566 0.384821 0.729636 
0.526098 0.081319 0.371331 0.710170 
0.526185 0.087861 0.364936 0.723221 
0.526837 0.079460 0.335864 0.733893 
0.504410 0.074941 0.351163 0.702199 
0.514784 0.070637 0.358700 0.701014 
0.523574 0.076676 0.358572 0.722196 
0.494147 0.084228 0.336750 0.716466 
0.493892 0.062154 0.370846 0.703542 
0.509613 0.067133 0.365937 0.731257 
0.521338 0.061679 0.394143 0.728880 
0.509750 0.070374 0.378159 0.732607 
0.498771 0.067884 0.373824 0.731840 
0.523454 0.071279 0.362570 0.757140 
0.501633 0.069308 0.357606 0.734581 
0.519254 0.070501 0.378359 0.750278 
0.507062 0.065647 0.382989 0.711961 
0.494696 0.063527 0.365887 0.709230 
0.508388 0.066052 0.364564 0.723480 
0.497608 0.059763 0.386002 0.707198 
0.519485 0.088236 0.349856 0.796202 
0.497023 0.092393 0.338453 0.807649 
0.523294 0.096531 0.347772 0.797537 
0.490223 0.089185 0.318855 0.746148 
0.520039 0.095579 0.320487 0.800995 
0.537889 0.094931 0.354170 0.801213 
0.499116 0.091514 0.337682 0.785762 
0.522118 0.089388 0.361866 0.784255 
0.529016 0.089807 0.348889 0.790072 
0.503121 0.098010 0.336846 0.773816 
0.513725 0.099202 0.317838 0.800737 
0.503888 0.088943 0.361600 0.744693 
0.531102 0.091830 0.352568 0.771750 
0.496504 0.088732 0.347523 0.724755 
0.499610 0.086876 0.333002 0.747603 
0.554298 0.086518 0.382063 0.801767 
0.503015 0.090406 0.337639 0.754129 
0.513291 0.089652 0.359590 0.742041 
0.507452 0.094794 0.339551 0.758602 
0.548772 0.097223 0.344875 0.820190 
0.528848 0.090698 0.359860 0.765081 
0.498293 0.067748 0.335452 0.677913 
0.497457 0.070307 0.349740 0.688466 
0.501564 0.062086 0.321689 0.677863 
0.492433 0.070672 0.349533 0.690185 
0.495411 0.067139 0.354977 0.692007 
0.495136 0.069469 0.353453 0.698657 
0.465709 0.068858 0.333468 0.652222 
0.493839 0.069756 0.345558 0.697552 
0.493232 0.069154 0.353635 0.701161 
0.490533 0.065425 0.349378 0.667194 
0.493591 0.068470 0.344206 0.687102 
0.474572 0.066637 0.332252 0.664055 
0.493722 0.065368 0.324889 0.666893 
0.514211 0.074658 0.336592 0.727337 
0.482918 0.067095 0.348461 0.679280 
0.496292 0.069354 0.343346 0.696470 
0.501816 0.081441 0.347215 0.748386 
0.522283 0.091059 0.347616 0.777212 
0.513768 0.090021 0.353876 0.759308 
0.519878 0.085061 0.340827 0.774155 
0.533899 0.089001 0.362954 0.763247 
0.538271 0.086444 0.347875 0.765307 
0.525274 0.086585 0.348528 0.757921 
0.535575 0.085963 0.350781 0.757754 
0.522900 0.084276 0.332187 0.780688 
0.519516 0.086917 0.360395 0.818888 
0.520215 0.088049 0.345686 0.781206 
0.523513 0.085032 0.355171 0.753579 
0.527165 0.085372 0.340648 0.769579 
0.518438 0.087143 0.358174 0.771616 
0.532942 0.087727 0.349247 0.815656 
0.531166 0.089418 0.368785 0.800646 
0.510199 0.071950 0.353837 0.752820 
0.541600 0.085357 0.392790 0.801606 
0.538079 0.086664 0.384068 0.821769 
0.530102 0.081464 0.346319 0.810742 
0.536165 0.083126 0.367311 0.811313 
0.550469 0.095014 0.377073 0.811523 
0.532369 0.079758 0.387393 0.782303 
0.538526 0.084013 0.389760 0.814606 
0.515513 0.080911 0.351802 0.776247 
0.534379 0.093800 0.363300 0.810516 
0.516075 0.085992 0.353519 0.775311 
0.545667 0.085011 0.354711 0.808779 
0.519842 0.095304 0.325063 0.779987 
0.528251 0.103597 0.320239 0.811453 
0.535283 0.098562 0.328589 0.822696 
0.529348 0.103727 0.325973 0.817657 
0.524470 0.093137 0.315951 0.778477 
0.520679 0.097410 0.322052 0.816011 
0.524062 0.079754 0.347981 0.782454 
0.532453 0.094773 0.341816 0.816907 
0.508262 0.100762 0.324027 0.791900 
0.533851 0.098161 0.335101 0.824482 
0.533074 0.100189 0.318775 0.808180 
0.528027 0.094030 0.318880 0.787829 
0.536345 0.095660 0.340591 0.805434 
0.483604 0.081240 0.322556 0.755341 
0.496121 0.086807 0.352385 0.765412 
0.493065 0.088331 0.352600 0.769002 
0.492163 0.082266 0.332486 0.752197 
0.492237 0.079898 0.344799 0.750478 
0.494725 0.082664 0.357608 0.757283 
0.489211 0.083017 0.331074 0.760269 
0.495660 0.075961 0.345242 0.752637 
0.508634 0.086254 0.350092 0.782261 
0.494077 0.085523 0.344444 0.764776 
0.488156 0.081330 0.345362 0.762173 
0.485851 0.081485 0.320903 0.762624 
0.537548 0.081747 0.299537 0.792855 
0.562142 0.093274 0.321279 0.794959 
0.569988 0.090359 0.352086 0.803237 
0.563240 0.090479 0.300888 0.817206 
0.565873 0.091191 0.307957 0.809655 
0.568114 0.089101 0.317639 0.837947 
0.561624 0.088613 0.295814 0.805825 
0.568264 0.092327 0.326079 0.810568 
0.591634 0.094658 0.345862 0.837181 
0.567624 0.094761 0.323859 0.817180 
0.539035 0.082818 0.295516 0.787203 
0.566714 0.090615 0.328725 0.828200 
0.538868 0.093914 0.263824 0.797116 
0.522268 0.083463 0.380629 0.776151 
0.522552 0.093119 0.280808 0.780455 
0.507663 0.085227 0.308613 0.795098 
0.496276 0.084627 0.317237 0.758615 
0.507496 0.094547 0.302870 0.782798 
0.510406 0.094053 0.286031 0.807329 
0.500679 0.085638 0.321495 0.765659 
0.519768 0.089572 0.308448 0.793100 
0.513492 0.094502 0.309476 0.775096 
0.505208 0.089685 0.304607 0.780794 
0.522369 0.080615 0.369625 0.769842 
0.537362 0.093383 0.340834 0.827708 
0.502797 0.090079 0.283351 0.751696 
0.564064 0.086825 0.372666 0.747037 
0.574127 0.086533 0.372999 0.766962 
0.578016 0.082763 0.385940 0.774697 
0.571851 0.089889 0.360757 0.754240 
0.578414 0.088803 0.376929 0.775128 
0.580260 0.082184 0.394461 0.753261 
0.572627 0.093558 0.362691 0.773303 
0.586655 0.092866 0.374742 0.773728 
0.579172 0.090722 0.370360 0.763803 
0.560586 0.086740 0.367991 0.743340 
0.590314 0.083689 0.404715 0.775163 
0.582046 0.078829 0.405760 0.762178 
0.577962 0.086697 0.365478 0.767415 
0.556108 0.093789 0.354436 0.762145 
0.464828 0.077473 0.321809 0.730186 
0.471935 0.085263 0.301698 0.773230 
0.491083 0.088668 0.325585 0.759940 
0.478439 0.084862 0.336162 0.756218 
0.471877 0.089739 0.320249 0.745960 
0.484120 0.090043 0.337823 0.779454 
0.483783 0.074702 0.347406 0.701075 
0.474546 0.080009 0.331034 0.761885 
0.464388 0.081120 0.329150 0.748104 
0.481456 0.083179 0.320788 0.766371 
0.453816 0.076586 0.301621 0.713570 
0.463081 0.080579 0.321469 0.746390 
0.465835 0.081522 0.314205 0.742088 
