0.612176 0.059518 0.424328 0.760441 
0.573657 0.054917 0.424588 0.703621 
0.577873 0.055480 0.417021 0.721263 
0.611904 0.064339 0.433853 0.776407 
0.613582 0.055653 0.412961 0.729843 
0.624501 0.055820 0.456456 0.771018 
0.585359 0.055419 0.416157 0.711953 
0.587374 0.055238 0.426806 0.720691 
0.584236 0.055816 0.426791 0.712821 
0.601630 0.054054 0.430718 0.717538 
0.582408 0.050994 0.431977 0.708441 
0.580050 0.054395 0.405928 0.709872 
0.622620 0.061027 0.426503 0.739356 
0.681675 0.056280 0.469846 0.817713 
0.667384 0.054783 0.467704 0.800126 
0.647622 0.055873 0.458710 0.783492 
0.654035 0.048456 0.446166 0.792980 
0.652897 0.050858 0.474251 0.777374 
0.665868 0.053822 0.495492 0.805526 
0.686732 0.052654 0.460753 0.808797 
0.693542 0.056864 0.481827 0.817060 
0.672488 0.052731 0.476588 0.832218 
0.656572 0.052474 0.451790 0.805279 
0.675465 0.054767 0.458984 0.805978 
0.648272 0.049781 0.470613 0.768167 
0.645992 0.052091 0.452729 0.783103 
0.586388 0.044380 0.422798 0.684151 
0.596672 0.051626 0.416111 0.690567 
0.617517 0.056117 0.421428 0.725814 
0.651995 0.055179 0.424098 0.769891 
0.653965 0.060220 0.481696 0.789727 
0.641959 0.058437 0.424346 0.782848 
0.629920 0.056220 0.450749 0.754706 
0.604972 0.054621 0.390144 0.717826 
0.647183 0.056026 0.437023 0.739336 
0.629520 0.052800 0.416194 0.745726 
0.613811 0.052199 0.406437 0.720025 
0.573967 0.049509 0.419240 0.680284 
0.579513 0.057290 0.398280 0.702636 
0.580374 0.052218 0.416792 0.692664 
0.578777 0.054564 0.382534 0.721814 
0.586251 0.059283 0.420383 0.727419 
0.574848 0.050146 0.401325 0.711782 
0.583208 0.050646 0.401546 0.690026 
0.569538 0.052618 0.399316 0.683816 
0.584836 0.052501 0.413852 0.719528 
0.550766 0.048862 0.381218 0.676223 
0.581964 0.056225 0.428410 0.703418 
0.564960 0.048442 0.426861 0.675941 
0.602196 0.067880 0.397266 0.760609 
0.587075 0.075222 0.374289 0.741782 
0.599426 0.077100 0.389842 0.768845 
0.548771 0.067563 0.366761 0.694505 
0.577722 0.068452 0.368291 0.731463 
0.590425 0.071281 0.391584 0.744138 
0.587924 0.073493 0.372375 0.734646 
0.575948 0.071939 0.347546 0.717694 
0.591416 0.075322 0.368960 0.738447 
0.583108 0.069202 0.379242 0.742205 
0.589422 0.073458 0.376195 0.736811 
0.565780 0.047461 0.417909 0.716887 
0.581125 0.054801 0.420272 0.742268 
0.579799 0.056421 0.417352 0.761048 
0.587284 0.050628 0.448306 0.721499 
0.588222 0.046951 0.450999 0.728907 
0.585381 0.050772 0.430933 0.749375 
0.571455 0.051059 0.407976 0.723513 
0.593001 0.051163 0.426837 0.734043 
0.586701 0.052570 0.406981 0.764223 
0.584754 0.049802 0.433780 0.733155 
0.589784 0.062020 0.421373 0.740317 
0.595450 0.065656 0.425725 0.734846 
0.578477 0.060425 0.419485 0.704965 
0.598661 0.067698 0.415575 0.754622 
0.600254 0.061666 0.414501 0.731408 
0.617411 0.069586 0.421721 0.765262 
0.581995 0.064251 0.404904 0.710564 
0.581617 0.062492 0.414842 0.726374 
0.601920 0.069034 0.423400 0.764740 
0.589018 0.062716 0.412935 0.725334 
0.604572 0.069797 0.417418 0.758495 
0.580612 0.059404 0.428194 0.705651 
0.582841 0.062014 0.409326 0.718258 
0.569368 0.060129 0.395644 0.700687 
0.578794 0.060291 0.414640 0.717462 
0.576430 0.057790 0.428600 0.713729 
0.597181 0.048711 0.410451 0.706528 
0.574839 0.055965 0.422625 0.743950 
0.605828 0.049852 0.405744 0.729401 
0.609004 0.047593 0.407095 0.714805 
0.596604 0.060451 0.436462 0.735787 
0.610691 0.058553 0.443322 0.746498 
0.608344 0.055765 0.435601 0.726756 
0.612431 0.062068 0.430921 0.751373 
0.589138 0.049881 0.446511 0.710495 
0.591660 0.052151 0.434202 0.698536 
0.607618 0.048198 0.409820 0.717052 
0.604474 0.057519 0.411634 0.756654 
0.624798 0.064319 0.448593 0.776034 
0.594125 0.051303 0.415002 0.724236 
0.612858 0.067766 0.404904 0.766965 
0.604417 0.064343 0.424464 0.756066 
0.621092 0.063409 0.423426 0.755188 
0.590594 0.061190 0.396608 0.794753 
0.592527 0.056089 0.374457 0.719121 
0.604284 0.060033 0.405175 0.745943 
0.591679 0.060047 0.397764 0.746502 
0.589373 0.064418 0.382391 0.734843 
0.594897 0.063183 0.407878 0.779881 
0.618916 0.063142 0.404414 0.746109 
0.590813 0.059992 0.416786 0.751640 
0.592759 0.063832 0.378019 0.754112 
0.606947 0.062449 0.381229 0.752707 
0.601866 0.064022 0.437559 0.767122 
0.550312 0.066698 0.395907 0.742889 
0.587625 0.066856 0.405998 0.762184 
0.577822 0.066205 0.403669 0.748713 
0.604283 0.064066 0.424386 0.762032 
0.580618 0.063490 0.387743 0.764355 
0.586117 0.064123 0.395760 0.759928 
0.579536 0.071600 0.407280 0.767931 
0.571347 0.066254 0.393128 0.748475 
0.566858 0.069596 0.388106 0.759787 
0.573334 0.069336 0.406275 0.763663 
0.587749 0.068489 0.400459 0.773786 
0.586093 0.066358 0.410573 0.751949 
0.585389 0.066303 0.410857 0.754538 
0.536410 0.059532 0.374078 0.689668 
0.556289 0.058749 0.406957 0.702629 
0.556962 0.061024 0.390145 0.707590 
0.518084 0.066927 0.374018 0.691642 
0.539105 0.066978 0.380150 0.716638 
0.542223 0.060395 0.384164 0.699739 
0.545463 0.066132 0.378731 0.709685 
0.534231 0.062394 0.376148 0.690578 
0.533099 0.065867 0.374810 0.715728 
0.523913 0.057105 0.386658 0.665290 
0.551742 0.062696 0.380497 0.718722 
0.532327 0.055866 0.384019 0.678009 
0.600536 0.054744 0.372646 0.728690 
0.609449 0.060858 0.415671 0.745858 
0.597137 0.064796 0.364738 0.743237 
0.617492 0.063351 0.387708 0.769831 
0.605895 0.061557 0.361414 0.748805 
0.645158 0.062260 0.422003 0.764777 
0.605035 0.055656 0.382126 0.720711 
0.600034 0.059695 0.370255 0.724483 
0.663335 0.068077 0.445164 0.809605 
0.622310 0.062580 0.365871 0.771948 
0.613144 0.062872 0.391854 0.746854 
0.600245 0.059278 0.357317 0.720666 
0.586625 0.061894 0.409399 0.737299 
0.606885 0.059584 0.437692 0.805056 
0.587811 0.064534 0.444750 0.760887 
0.594706 0.064464 0.440120 0.777426 
0.564827 0.064177 0.436833 0.754764 
0.607518 0.066263 0.453526 0.795256 
0.594427 0.060976 0.427970 0.771457 
0.606254 0.066216 0.422559 0.797048 
0.596055 0.060869 0.461209 0.766927 
0.582466 0.057126 0.443399 0.751186 
0.603351 0.071513 0.440834 0.791400 
0.582231 0.065245 0.437593 0.753281 
0.602362 0.061635 0.465149 0.777513 
0.600161 0.065071 0.447226 0.804495 
0.621557 0.057778 0.444655 0.754636 
0.592953 0.059627 0.436590 0.734945 
0.635703 0.056967 0.482955 0.767101 
0.622008 0.057047 0.458219 0.750786 
0.645724 0.057710 0.452327 0.776819 
0.632516 0.055971 0.463951 0.766355 
0.633527 0.056012 0.469780 0.762143 
0.632447 0.063433 0.452610 0.785993 
0.601860 0.051366 0.453104 0.720613 
0.626122 0.057188 0.467359 0.752620 
0.613292 0.054240 0.447331 0.748188 
0.616807 0.058564 0.460950 0.747017 
0.631778 0.064125 0.448431 0.773288 
0.610882 0.058335 0.463400 0.742487 
0.568474 0.070680 0.388945 0.747616 
0.559423 0.067094 0.371546 0.734497 
0.551338 0.065452 0.383902 0.709125 
0.562359 0.066386 0.393930 0.710056 
0.559165 0.064501 0.406227 0.714953 
0.564413 0.065840 0.392619 0.733230 
0.564231 0.068417 0.403782 0.733598 
0.541986 0.062731 0.367209 0.717970 
0.561447 0.074051 0.363195 0.753257 
0.567223 0.067171 0.377931 0.724146 
0.565589 0.065834 0.394857 0.728364 
0.588432 0.075813 0.395126 0.788451 
0.558514 0.070534 0.392864 0.753779 
