0.596626 0.049101 0.422404 0.727340 
0.583932 0.042513 0.448033 0.756574 
0.594707 0.046388 0.437433 0.739052 
0.610899 0.051860 0.442544 0.746407 
0.601217 0.055831 0.444746 0.789273 
0.617694 0.047309 0.460109 0.737034 
0.589050 0.053893 0.420381 0.737093 
0.583349 0.044902 0.428604 0.745415 
0.570725 0.045128 0.421737 0.696538 
0.615251 0.046304 0.426287 0.767619 
0.587787 0.048528 0.419329 0.718938 
0.595757 0.050554 0.411260 0.746878 
0.603174 0.050999 0.452452 0.751167 
0.655445 0.042345 0.462629 0.757659 
0.660222 0.046927 0.473863 0.776705 
0.634333 0.040812 0.449369 0.745440 
0.643960 0.043670 0.450369 0.783016 
0.656986 0.045591 0.469576 0.803565 
0.652127 0.045049 0.457511 0.791131 
0.644140 0.041058 0.452882 0.744199 
0.664245 0.046925 0.485994 0.779663 
0.658372 0.040962 0.467048 0.773733 
0.639113 0.040126 0.468032 0.770393 
0.650281 0.045127 0.456542 0.768997 
0.638348 0.042098 0.469006 0.749720 
0.632000 0.043378 0.450520 0.751330 
0.602269 0.043973 0.421312 0.698809 
0.623396 0.048895 0.429949 0.718719 
0.617411 0.052548 0.424725 0.727292 
0.669519 0.044543 0.480456 0.759673 
0.656784 0.045147 0.465815 0.754943 
0.668786 0.044817 0.465249 0.774529 
0.641689 0.043080 0.448171 0.753329 
0.608879 0.042991 0.434307 0.696366 
0.657543 0.051942 0.452130 0.782320 
0.629880 0.044480 0.438454 0.732222 
0.626419 0.047554 0.428831 0.725872 
0.555381 0.041509 0.412914 0.654714 
0.551770 0.042544 0.420116 0.658601 
0.574348 0.043729 0.411662 0.688649 
0.555676 0.039177 0.412973 0.671091 
0.549812 0.041286 0.405821 0.661972 
0.592320 0.048571 0.415441 0.726624 
0.541836 0.041526 0.403515 0.658445 
0.570489 0.044305 0.417932 0.717988 
0.555531 0.042965 0.424349 0.668276 
0.564165 0.048209 0.405188 0.698010 
0.563695 0.041044 0.403145 0.671672 
0.561263 0.042987 0.406295 0.691344 
0.586131 0.046855 0.421187 0.700661 
0.589357 0.056247 0.411250 0.749896 
0.559871 0.047707 0.413042 0.687943 
0.548506 0.043248 0.410154 0.655557 
0.537919 0.042757 0.422989 0.683079 
0.544055 0.043941 0.394087 0.656824 
0.577511 0.050449 0.414023 0.698133 
0.575262 0.053351 0.414010 0.698009 
0.568424 0.045470 0.426144 0.690011 
0.543136 0.045271 0.409519 0.676669 
0.559022 0.050622 0.398722 0.689711 
0.603493 0.046391 0.463097 0.713162 
0.627438 0.054773 0.440679 0.788047 
0.574013 0.047631 0.446193 0.679006 
0.602613 0.049936 0.453126 0.724235 
0.634937 0.053560 0.475339 0.746544 
0.602509 0.050038 0.465417 0.732485 
0.589290 0.044585 0.449261 0.702827 
0.592688 0.046684 0.473096 0.714662 
0.644934 0.053345 0.480150 0.820255 
0.624906 0.050828 0.463066 0.777043 
0.579129 0.049459 0.446637 0.695900 
0.563823 0.043145 0.435629 0.675974 
0.565347 0.049890 0.449894 0.699430 
0.571520 0.047866 0.448106 0.678025 
0.575913 0.046132 0.436691 0.708695 
0.610984 0.054679 0.467414 0.721265 
0.560414 0.044146 0.438689 0.672277 
0.567202 0.046550 0.437860 0.676079 
0.575895 0.049154 0.439145 0.704111 
0.566343 0.046046 0.439026 0.682953 
0.563478 0.046161 0.428884 0.679491 
0.565422 0.050173 0.447244 0.705022 
0.587382 0.055622 0.441643 0.697563 
0.563283 0.050136 0.433666 0.690500 
0.563695 0.048744 0.421498 0.698568 
0.564570 0.046054 0.436150 0.672400 
0.587022 0.057418 0.432981 0.719940 
0.570974 0.050776 0.424444 0.678423 
0.582297 0.056680 0.432015 0.727321 
0.588334 0.055806 0.432741 0.730954 
0.589873 0.058899 0.444623 0.704299 
0.602919 0.053212 0.459618 0.719478 
0.587278 0.057270 0.446096 0.711094 
0.589526 0.052191 0.452012 0.703961 
0.597807 0.054087 0.448207 0.726173 
0.592363 0.062267 0.431581 0.744636 
0.584337 0.057571 0.434167 0.722046 
0.591166 0.050435 0.437030 0.700233 
0.618896 0.058023 0.445433 0.738924 
0.586331 0.052304 0.435208 0.698681 
0.560457 0.060467 0.399765 0.730569 
0.568567 0.065885 0.401623 0.729894 
0.558755 0.056118 0.412606 0.705546 
0.574040 0.064710 0.413359 0.725534 
0.603017 0.068184 0.398334 0.754041 
0.572446 0.057414 0.400947 0.733785 
0.594911 0.062528 0.410482 0.755022 
0.599450 0.063055 0.414392 0.736491 
0.591873 0.053619 0.410170 0.731471 
0.587304 0.069735 0.411458 0.750408 
0.550607 0.061649 0.396909 0.731886 
0.563017 0.066744 0.408121 0.741358 
0.548069 0.057572 0.384375 0.717226 
0.569941 0.072695 0.387733 0.729826 
0.507649 0.047072 0.408391 0.682092 
0.525485 0.048218 0.433162 0.746704 
0.580403 0.050038 0.431581 0.763822 
0.545729 0.046477 0.432599 0.725404 
0.536343 0.044226 0.430856 0.677695 
0.553747 0.046553 0.437508 0.731308 
0.548003 0.043328 0.430839 0.715340 
0.554080 0.042299 0.408629 0.710832 
0.536506 0.046904 0.416500 0.713943 
0.562636 0.046188 0.432625 0.740853 
0.538556 0.042922 0.447818 0.715618 
0.564680 0.045567 0.427612 0.706492 
0.538675 0.041863 0.421886 0.701010 
0.529304 0.045087 0.401780 0.712325 
0.524282 0.039700 0.414245 0.695289 
0.534093 0.048617 0.400923 0.693450 
0.519825 0.044864 0.403833 0.669294 
0.548526 0.046788 0.391878 0.712863 
0.550344 0.052788 0.403119 0.748785 
0.533394 0.052457 0.404164 0.715349 
0.544160 0.050193 0.405991 0.718019 
0.528851 0.050862 0.410444 0.714898 
0.498775 0.042347 0.397569 0.652827 
0.533324 0.049247 0.409695 0.720237 
0.507233 0.041938 0.381817 0.670061 
0.508661 0.061585 0.339493 0.633545 
0.519118 0.062969 0.354932 0.649976 
0.533237 0.065594 0.350162 0.657633 
0.549838 0.065863 0.383859 0.689561 
0.555343 0.068816 0.393626 0.692097 
0.577869 0.062876 0.417127 0.711133 
0.536499 0.068116 0.374223 0.677475 
0.557089 0.065955 0.414799 0.673018 
0.603947 0.066858 0.442421 0.745520 
0.564168 0.067038 0.402184 0.707631 
0.528493 0.063803 0.362102 0.661063 
0.552241 0.067734 0.401599 0.690713 
0.513964 0.058587 0.384011 0.654561 
0.596364 0.057865 0.447169 0.772226 
0.600268 0.052520 0.448739 0.721232 
0.620740 0.060758 0.464556 0.785453 
0.606357 0.056629 0.450645 0.755284 
0.610338 0.059702 0.467344 0.761474 
0.593341 0.054481 0.444791 0.743999 
0.594566 0.059760 0.413975 0.746720 
0.609026 0.052158 0.452348 0.768143 
0.588318 0.052714 0.441980 0.736024 
0.588160 0.057551 0.420002 0.749053 
0.578734 0.050053 0.440778 0.714891 
0.607179 0.054271 0.462538 0.755941 
0.619930 0.055891 0.481534 0.750426 
0.598924 0.057573 0.455685 0.738984 
0.587296 0.058238 0.438283 0.722471 
0.638975 0.063435 0.457028 0.798986 
0.614577 0.057892 0.449889 0.757013 
0.637092 0.067795 0.454169 0.814666 
0.644723 0.065243 0.467603 0.831168 
0.617885 0.061408 0.462694 0.774383 
0.632763 0.064312 0.469064 0.811436 
0.591475 0.057034 0.440752 0.745798 
0.622613 0.061982 0.484622 0.784140 
0.620568 0.063028 0.465429 0.761219 
0.616442 0.062713 0.461525 0.764735 
0.644118 0.063555 0.476118 0.799357 
0.590895 0.050358 0.459454 0.739305 
0.567593 0.049091 0.418739 0.727820 
0.545071 0.045879 0.402011 0.704053 
0.576660 0.049455 0.432552 0.719679 
0.580594 0.046190 0.422028 0.730386 
0.579946 0.052554 0.396964 0.737740 
0.578510 0.051028 0.396868 0.718113 
0.564923 0.052103 0.405457 0.735519 
0.566070 0.054400 0.387979 0.768410 
0.544513 0.046730 0.400629 0.699778 
0.589012 0.048696 0.431259 0.737791 
0.537577 0.049307 0.398153 0.695074 
0.547485 0.044869 0.430113 0.702399 
0.566583 0.050801 0.399142 0.725637 
