0.704312 0.074794 0.351393 0.816647 
0.687495 0.070634 0.355458 0.812115 
0.694156 0.072858 0.350921 0.820638 
0.724380 0.077609 0.354701 0.843630 
0.705728 0.074326 0.389077 0.848283 
0.718023 0.076977 0.355616 0.831910 
0.683192 0.072536 0.338920 0.811372 
0.690817 0.073329 0.339144 0.804162 
0.701315 0.070238 0.391174 0.809344 
0.707911 0.077336 0.374532 0.827917 
0.705737 0.077810 0.352047 0.825195 
0.727351 0.090195 0.364152 0.895845 
0.711012 0.074603 0.393224 0.847431 
0.744181 0.083311 0.383800 0.872435 
0.731493 0.079680 0.393968 0.841676 
0.738710 0.080992 0.368660 0.857672 
0.721517 0.076139 0.378533 0.845844 
0.720806 0.080878 0.352324 0.848616 
0.738398 0.078412 0.406293 0.852959 
0.734885 0.085241 0.382582 0.883457 
0.743720 0.083406 0.369029 0.872025 
0.738341 0.080213 0.419876 0.857053 
0.729369 0.077989 0.392114 0.853931 
0.739922 0.078119 0.380049 0.837104 
0.723220 0.075868 0.411058 0.832842 
0.723066 0.075378 0.356310 0.842624 
0.661977 0.068098 0.368954 0.793759 
0.707121 0.076590 0.356576 0.846336 
0.679414 0.066478 0.405237 0.797830 
0.718998 0.073466 0.368949 0.838058 
0.717516 0.072385 0.429764 0.841631 
0.712421 0.070894 0.405847 0.830145 
0.709875 0.076543 0.395915 0.841387 
0.702977 0.079032 0.358226 0.823967 
0.731615 0.085608 0.342279 0.888696 
0.692059 0.073779 0.363203 0.831904 
0.682201 0.070453 0.406878 0.825704 
0.714624 0.089688 0.339422 0.860256 
0.715452 0.086711 0.346723 0.839495 
0.712644 0.083127 0.362796 0.832961 
0.722719 0.085271 0.387033 0.834971 
0.721951 0.090371 0.371966 0.854823 
0.707133 0.082507 0.342909 0.830843 
0.721879 0.090507 0.363308 0.855869 
0.703553 0.079865 0.378041 0.816306 
0.724873 0.089070 0.348346 0.852064 
0.686443 0.079104 0.360046 0.800631 
0.727405 0.091465 0.379341 0.850621 
0.696550 0.081196 0.354473 0.816229 
0.715142 0.098037 0.368844 0.861379 
0.691539 0.097031 0.352339 0.842402 
0.709656 0.096384 0.359228 0.857176 
0.682891 0.093757 0.318992 0.843302 
0.681584 0.090833 0.339023 0.828751 
0.689351 0.092684 0.355489 0.834452 
0.672870 0.093643 0.351667 0.822164 
0.673717 0.093312 0.350958 0.827898 
0.704897 0.093848 0.370304 0.852342 
0.686585 0.092363 0.322992 0.852223 
0.698186 0.094994 0.343547 0.844124 
0.674235 0.064577 0.375854 0.789628 
0.698391 0.064801 0.386514 0.787236 
0.685670 0.066937 0.390221 0.788469 
0.702980 0.069030 0.400897 0.806777 
0.706009 0.069203 0.375350 0.814317 
0.687123 0.068183 0.395731 0.801454 
0.677478 0.065482 0.362247 0.784215 
0.698285 0.064977 0.410292 0.787262 
0.713242 0.065798 0.442048 0.826847 
0.697071 0.069422 0.336145 0.801669 
0.710934 0.083962 0.370034 0.839667 
0.709185 0.080408 0.324519 0.849012 
0.682512 0.077097 0.337499 0.792017 
0.725277 0.085538 0.341386 0.855501 
0.710916 0.082045 0.343147 0.840222 
0.714333 0.079025 0.396575 0.855433 
0.685409 0.078282 0.364148 0.828463 
0.702556 0.079660 0.372467 0.839411 
0.720479 0.085717 0.370925 0.856057 
0.682416 0.078007 0.355447 0.827565 
0.720988 0.085503 0.360474 0.842701 
0.686084 0.076810 0.352272 0.808766 
0.711011 0.079945 0.367041 0.830759 
0.693147 0.075401 0.372174 0.835423 
0.693129 0.080636 0.332851 0.836801 
0.697408 0.078146 0.316056 0.819071 
0.666499 0.075541 0.357002 0.831119 
0.686361 0.082806 0.373539 0.845067 
0.679520 0.078002 0.370895 0.827489 
0.676576 0.077641 0.372177 0.845670 
0.713771 0.084416 0.361189 0.853021 
0.702946 0.078256 0.388493 0.860026 
0.703342 0.080902 0.337263 0.831118 
0.721756 0.084431 0.385907 0.865543 
0.675080 0.076031 0.383622 0.837115 
0.673501 0.074567 0.376198 0.816682 
0.686764 0.076763 0.373687 0.819965 
0.685000 0.076421 0.391332 0.845281 
0.717972 0.080634 0.391921 0.852251 
0.683435 0.079690 0.364036 0.815544 
0.697078 0.088817 0.385627 0.844975 
0.699468 0.089629 0.366809 0.834847 
0.658762 0.089682 0.360412 0.820193 
0.733022 0.108171 0.359634 0.981804 
0.678591 0.080420 0.391287 0.808408 
0.702541 0.087424 0.382662 0.838086 
0.676296 0.085731 0.365650 0.816297 
0.713074 0.093208 0.371101 0.842174 
0.701328 0.088152 0.348575 0.849650 
0.694248 0.086243 0.378429 0.821044 
0.685285 0.092212 0.344377 0.860461 
0.695131 0.091644 0.357918 0.836702 
0.694140 0.089918 0.364432 0.833393 
0.688811 0.092180 0.365666 0.819386 
0.687363 0.089464 0.359111 0.811201 
0.714727 0.093905 0.367527 0.830317 
0.719772 0.086622 0.373790 0.827798 
0.707294 0.090339 0.366072 0.845294 
0.701507 0.092041 0.364622 0.831531 
0.688081 0.084019 0.365290 0.816510 
0.713358 0.089660 0.364558 0.820737 
0.702697 0.091499 0.351700 0.834836 
0.695756 0.088260 0.371286 0.821332 
0.707363 0.088418 0.352841 0.827493 
0.712609 0.092046 0.375379 0.832827 
0.735548 0.096131 0.370054 0.891727 
0.704638 0.088790 0.372106 0.823148 
0.677671 0.088529 0.359242 0.827455 
0.685205 0.087964 0.368742 0.847255 
0.692702 0.091138 0.361017 0.876250 
0.684826 0.091319 0.354630 0.872791 
0.677131 0.087800 0.365411 0.834040 
0.692456 0.089859 0.382359 0.852169 
0.702486 0.095226 0.361887 0.860469 
0.663696 0.087929 0.339611 0.832864 
0.704311 0.091821 0.367256 0.854446 
0.687173 0.091593 0.337441 0.855756 
0.691453 0.095399 0.361011 0.876333 
0.663113 0.091639 0.338007 0.838702 
0.705213 0.098857 0.357064 0.843793 
0.719714 0.099641 0.375899 0.848881 
0.709974 0.095706 0.386925 0.846663 
0.710616 0.096702 0.369295 0.850133 
0.716346 0.100560 0.378431 0.845089 
0.736327 0.095777 0.380888 0.877930 
0.715799 0.101504 0.362717 0.858321 
0.711971 0.098081 0.369079 0.853413 
0.745015 0.092913 0.397795 0.855180 
0.712527 0.091249 0.391564 0.846485 
0.714120 0.100606 0.362611 0.859184 
0.700047 0.092067 0.362089 0.822417 
0.704229 0.105025 0.341048 0.840988 
0.721600 0.084203 0.376244 0.846314 
0.725219 0.082404 0.370634 0.870617 
0.721123 0.087856 0.395693 0.859212 
0.697608 0.081493 0.403060 0.824882 
0.720124 0.087017 0.376813 0.864486 
0.712650 0.084881 0.396316 0.864280 
0.720835 0.087746 0.373949 0.860092 
0.716518 0.085837 0.353520 0.843220 
0.720600 0.086417 0.379294 0.875266 
0.712638 0.087090 0.373379 0.882406 
0.727748 0.086260 0.375137 0.855798 
0.732308 0.082293 0.400730 0.863482 
0.726810 0.088353 0.364952 0.872651 
0.735984 0.088419 0.360777 0.865520 
0.730428 0.083563 0.389205 0.837056 
0.762430 0.090067 0.366026 0.885157 
0.736459 0.084958 0.362229 0.832303 
0.764690 0.086383 0.397606 0.857650 
0.759597 0.085977 0.359640 0.857087 
0.759097 0.092863 0.348795 0.886221 
0.758275 0.087248 0.349928 0.871921 
0.728066 0.084054 0.388502 0.843180 
0.743903 0.082807 0.387761 0.855698 
0.734072 0.083971 0.400399 0.845904 
0.736727 0.087448 0.378738 0.838564 
0.761040 0.086446 0.398461 0.869779 
0.751239 0.093406 0.386375 0.861527 
0.664190 0.090148 0.309012 0.821628 
0.680944 0.093364 0.368428 0.830141 
0.680564 0.089068 0.331431 0.813741 
0.665356 0.086577 0.337830 0.827041 
0.670215 0.084374 0.339906 0.800663 
0.675463 0.088449 0.342279 0.805932 
0.647525 0.083984 0.322386 0.780194 
0.662479 0.087920 0.337814 0.793376 
0.686583 0.095697 0.346390 0.823088 
0.675667 0.086530 0.328283 0.835223 
0.670394 0.093946 0.348736 0.849981 
0.684071 0.095294 0.328575 0.834367 
0.665357 0.087826 0.329074 0.826774 
