0.518726 0.070184 0.356384 0.672663 
0.541488 0.079455 0.336337 0.668308 
0.543738 0.089095 0.333796 0.708797 
0.532047 0.073310 0.366036 0.660306 
0.529978 0.074844 0.344259 0.649152 
0.537237 0.065883 0.363198 0.649081 
0.505633 0.069158 0.338856 0.623183 
0.525226 0.081759 0.320117 0.695762 
0.520162 0.074205 0.309988 0.634547 
0.550616 0.085581 0.316784 0.689059 
0.523332 0.070933 0.345599 0.647201 
0.532809 0.072983 0.303734 0.645650 
0.531734 0.072379 0.354221 0.646757 
0.551624 0.077940 0.365823 0.658884 
0.536406 0.079937 0.340389 0.678672 
0.553137 0.080599 0.347797 0.659528 
0.544965 0.084436 0.363100 0.677423 
0.542357 0.086026 0.335074 0.694090 
0.549337 0.076080 0.382008 0.768389 
0.554323 0.082627 0.377985 0.782107 
0.572219 0.096580 0.358922 0.692456 
0.592096 0.103997 0.352644 0.745515 
0.549220 0.091144 0.339924 0.786141 
0.533644 0.078727 0.349405 0.673584 
0.538406 0.081705 0.336752 0.657507 
0.541009 0.072512 0.361479 0.658333 
0.500915 0.092510 0.267171 0.622247 
0.540390 0.090972 0.325080 0.688973 
0.511475 0.080863 0.292276 0.612718 
0.584363 0.101687 0.347501 0.753927 
0.580153 0.089308 0.332338 0.715721 
0.575459 0.098926 0.345817 0.734444 
0.526327 0.097907 0.273565 0.668328 
0.517070 0.093684 0.287105 0.652399 
0.571745 0.087482 0.357589 0.731080 
0.542539 0.107060 0.276511 0.685110 
0.515387 0.088630 0.296608 0.623315 
0.467298 0.071672 0.271157 0.690999 
0.455693 0.072458 0.264696 0.695676 
0.492163 0.082614 0.272630 0.611219 
0.472257 0.080183 0.265330 0.613218 
0.457459 0.066278 0.272583 0.586771 
0.516902 0.099112 0.259751 0.649314 
0.456413 0.074979 0.270353 0.584845 
0.480813 0.085479 0.254410 0.616637 
0.471246 0.079339 0.271884 0.583759 
0.466941 0.087477 0.241503 0.685169 
0.487835 0.086785 0.268856 0.622432 
0.464261 0.083514 0.257895 0.573474 
0.489027 0.070314 0.329486 0.595523 
0.517430 0.077426 0.334018 0.650468 
0.479494 0.066774 0.321141 0.696823 
0.474897 0.064830 0.320269 0.717037 
0.473495 0.058024 0.329578 0.579593 
0.470195 0.057810 0.317732 0.611894 
0.499368 0.073867 0.322153 0.602549 
0.468858 0.061612 0.313820 0.575210 
0.493021 0.068558 0.330720 0.618392 
0.496371 0.059382 0.333739 0.590939 
0.485828 0.058931 0.338735 0.586901 
0.508212 0.072618 0.320159 0.646779 
0.514787 0.052224 0.371709 0.642090 
0.485873 0.058210 0.330001 0.593699 
0.511417 0.060759 0.365015 0.634708 
0.539245 0.065128 0.359523 0.685227 
0.507306 0.064904 0.357860 0.663050 
0.491487 0.058570 0.327264 0.633127 
0.494968 0.064211 0.344455 0.663303 
0.527195 0.066095 0.361187 0.661234 
0.507966 0.061231 0.355257 0.612044 
0.503421 0.049470 0.369037 0.589936 
0.480602 0.050097 0.348264 0.689383 
0.483673 0.050804 0.351341 0.693929 
0.493800 0.055535 0.349606 0.615467 
0.509543 0.062107 0.354853 0.721711 
0.515501 0.047262 0.391712 0.603500 
0.469803 0.047476 0.334317 0.688681 
0.493929 0.051328 0.356359 0.693648 
0.512989 0.067568 0.348850 0.733802 
0.489952 0.057111 0.365466 0.672000 
0.501276 0.052784 0.354918 0.581031 
0.479144 0.051382 0.337846 0.714179 
0.494690 0.052788 0.367830 0.707056 
0.510757 0.058711 0.344643 0.697281 
0.496667 0.066609 0.346043 0.705437 
0.479502 0.037793 0.358483 0.549055 
0.482072 0.064107 0.292155 0.717157 
0.462969 0.064706 0.277293 0.675340 
0.472103 0.061291 0.287549 0.559628 
0.475295 0.067224 0.291116 0.577322 
0.468442 0.057671 0.290906 0.706506 
0.480677 0.058240 0.292861 0.570809 
0.465047 0.057393 0.282163 0.614636 
0.491219 0.060716 0.315651 0.624389 
0.496333 0.073805 0.278232 0.592348 
0.458774 0.059337 0.282549 0.566443 
0.479492 0.065508 0.285987 0.577807 
0.489213 0.071672 0.265676 0.596234 
0.507059 0.064849 0.326947 0.607237 
0.471357 0.055031 0.305564 0.578603 
0.462209 0.076714 0.261060 0.724907 
0.454238 0.068677 0.260958 0.716881 
0.446765 0.074765 0.254937 0.742495 
0.462605 0.060763 0.284386 0.736814 
0.479035 0.082917 0.266442 0.734616 
0.478028 0.075071 0.275412 0.574544 
0.492098 0.084818 0.269612 0.738846 
0.488928 0.069698 0.293494 0.593927 
0.476770 0.077643 0.284655 0.753317 
0.485444 0.063912 0.318144 0.573563 
0.446759 0.063185 0.270869 0.749975 
0.448912 0.061839 0.272733 0.533937 
0.450631 0.080894 0.229287 0.743793 
0.460043 0.066128 0.293644 0.711184 
0.453548 0.042498 0.314112 0.520157 
0.460720 0.060037 0.340735 0.741084 
0.503006 0.063863 0.333853 0.593124 
0.479441 0.059451 0.318582 0.706005 
0.474147 0.048540 0.342168 0.541199 
0.494551 0.063553 0.344246 0.582439 
0.504541 0.068056 0.301876 0.702736 
0.467638 0.059346 0.328944 0.729749 
0.495772 0.074705 0.329802 0.729942 
0.491805 0.067233 0.326832 0.713282 
0.480149 0.061158 0.331960 0.726402 
0.504155 0.061938 0.323478 0.608014 
0.467414 0.064534 0.318960 0.719405 
0.462892 0.067779 0.332051 0.655434 
0.482815 0.087972 0.312888 0.636827 
0.496498 0.084490 0.326580 0.637579 
0.456542 0.077487 0.275574 0.572160 
0.479949 0.082178 0.332836 0.686439 
0.520508 0.100234 0.330668 0.708297 
0.465081 0.079684 0.320939 0.716393 
0.487876 0.074439 0.341930 0.616360 
0.470103 0.070733 0.327251 0.693313 
0.485766 0.077169 0.328901 0.624907 
0.485478 0.080581 0.329103 0.601081 
0.453560 0.066403 0.317653 0.595789 
0.417781 0.061816 0.250165 0.679048 
0.447534 0.063696 0.235150 0.551653 
0.432418 0.066652 0.265260 0.702306 
0.445344 0.079772 0.241275 0.723098 
0.475500 0.076470 0.286054 0.609499 
0.485110 0.077663 0.274872 0.607638 
0.449380 0.069112 0.265872 0.700390 
0.448967 0.068609 0.256667 0.682811 
0.528773 0.081609 0.273548 0.660115 
0.457715 0.073559 0.256866 0.597564 
0.440512 0.065733 0.281260 0.680510 
0.449583 0.071030 0.257360 0.574106 
0.436378 0.068857 0.237871 0.691305 
0.507666 0.069650 0.333981 0.644811 
0.505162 0.066405 0.361269 0.660051 
0.522195 0.071617 0.362085 0.647965 
0.515840 0.080164 0.329847 0.652146 
0.510645 0.069583 0.345820 0.628694 
0.513539 0.076235 0.351068 0.644505 
0.506404 0.068537 0.355900 0.629922 
0.509482 0.077849 0.345004 0.628331 
0.498073 0.077338 0.340744 0.653915 
0.496044 0.080943 0.328802 0.645404 
0.490898 0.068186 0.330077 0.623936 
0.511873 0.069284 0.349456 0.624568 
0.506068 0.082791 0.328751 0.646181 
0.501920 0.058031 0.320196 0.635004 
0.502133 0.063752 0.341224 0.631583 
0.501551 0.056019 0.363100 0.633641 
0.494314 0.048915 0.332163 0.570655 
0.530875 0.064413 0.380126 0.692134 
0.519268 0.061931 0.350731 0.633725 
0.507617 0.061328 0.355991 0.630305 
0.520761 0.064736 0.379921 0.639099 
0.506301 0.051722 0.395454 0.611301 
0.512623 0.060415 0.361592 0.630207 
0.526963 0.066560 0.367810 0.646515 
0.483003 0.048875 0.326144 0.621250 
0.547271 0.073631 0.380929 0.666474 
0.496668 0.058177 0.359127 0.601360 
0.426520 0.062332 0.307672 0.659774 
0.422305 0.063085 0.291500 0.667693 
0.446429 0.061583 0.302587 0.721064 
0.461636 0.069923 0.323881 0.687747 
0.457644 0.077799 0.315650 0.671848 
0.448568 0.068829 0.307424 0.570197 
0.431103 0.079474 0.282543 0.702742 
0.425495 0.074139 0.283466 0.657737 
0.416156 0.066962 0.302806 0.660704 
0.468020 0.069677 0.327285 0.699034 
0.425023 0.057871 0.304832 0.673165 
0.431107 0.061286 0.275697 0.664854 
0.443281 0.062304 0.301767 0.536118 
