0.605993 0.078727 0.399797 0.787551 
0.558569 0.083519 0.371449 0.741567 
0.567504 0.079738 0.379077 0.733643 
0.610942 0.077075 0.367156 0.802966 
0.591211 0.079797 0.407813 0.799864 
0.610161 0.078835 0.414395 0.783766 
0.582912 0.085581 0.382763 0.773569 
0.575582 0.073600 0.378541 0.724221 
0.564206 0.078744 0.378864 0.753753 
0.576060 0.079200 0.398039 0.740395 
0.567780 0.082227 0.365079 0.741026 
0.554161 0.075271 0.360134 0.710851 
0.604112 0.082396 0.378861 0.778282 
0.659498 0.079952 0.387952 0.865763 
0.627934 0.082932 0.283386 0.861961 
0.618987 0.082625 0.367355 0.828072 
0.628814 0.085066 0.289302 0.854972 
0.631366 0.077424 0.250073 0.812205 
0.637640 0.085880 0.413295 0.835127 
0.674181 0.078293 0.368062 0.917510 
0.651456 0.076110 0.282846 0.855003 
0.619151 0.080591 0.387969 0.855707 
0.628182 0.077559 0.282229 0.836694 
0.656960 0.071681 0.309252 0.839667 
0.635675 0.081451 0.333597 0.856207 
0.622569 0.087259 0.323327 0.831988 
0.546810 0.067647 0.314328 0.701954 
0.572719 0.073766 0.313981 0.829863 
0.592927 0.066650 0.308316 0.783857 
0.622106 0.071520 0.259437 0.830756 
0.620277 0.067268 0.302045 0.806173 
0.594757 0.069504 0.297421 0.790071 
0.604823 0.071931 0.252764 0.786484 
0.558715 0.075855 0.310574 0.729992 
0.613154 0.071687 0.271139 0.745720 
0.610174 0.070601 0.325506 0.796602 
0.557481 0.069183 0.306637 0.729314 
0.563114 0.078740 0.374872 0.761970 
0.571833 0.077629 0.372800 0.730137 
0.569781 0.083574 0.366376 0.768570 
0.567215 0.080490 0.369314 0.751804 
0.575206 0.085679 0.334597 0.762712 
0.561508 0.083722 0.346097 0.748544 
0.566905 0.077794 0.335025 0.736133 
0.558791 0.078661 0.353671 0.760756 
0.559157 0.077389 0.361279 0.730806 
0.544131 0.077975 0.359436 0.714495 
0.567599 0.079679 0.347392 0.744214 
0.555867 0.078482 0.357179 0.759442 
0.562917 0.079871 0.380221 0.751826 
0.568233 0.087951 0.390665 0.752116 
0.599102 0.076983 0.362571 0.772423 
0.529988 0.076499 0.333623 0.736961 
0.564132 0.080029 0.382793 0.745622 
0.563563 0.083739 0.370902 0.729998 
0.577775 0.087882 0.383164 0.756023 
0.573808 0.085228 0.362620 0.744523 
0.560625 0.083675 0.339810 0.758788 
0.568960 0.082353 0.364566 0.788216 
0.599605 0.075730 0.379301 0.795084 
0.601963 0.084119 0.405377 0.806617 
0.628690 0.082616 0.459427 0.823229 
0.611867 0.083563 0.426425 0.803867 
0.611061 0.086306 0.411534 0.788352 
0.622828 0.085518 0.389951 0.808773 
0.615708 0.089702 0.412910 0.830330 
0.602708 0.084150 0.414572 0.787767 
0.618767 0.083822 0.431328 0.825310 
0.623000 0.084350 0.429689 0.830185 
0.613880 0.085414 0.425116 0.791457 
0.572615 0.085875 0.294060 0.796670 
0.584690 0.091443 0.339170 0.820598 
0.596409 0.092387 0.373458 0.823430 
0.610359 0.088019 0.346956 0.828318 
0.609639 0.093008 0.308716 0.850991 
0.627995 0.095420 0.318755 0.838764 
0.591169 0.092434 0.263077 0.819387 
0.591146 0.090631 0.338853 0.840560 
0.589573 0.087150 0.380584 0.776970 
0.587581 0.100715 0.345518 0.831485 
0.592829 0.088741 0.335975 0.801047 
0.569483 0.091492 0.340654 0.782578 
0.576872 0.091621 0.350266 0.790537 
0.562724 0.086166 0.296515 0.792093 
0.572873 0.090062 0.330297 0.847140 
0.586679 0.093735 0.339513 0.838039 
0.614210 0.087599 0.393020 0.810384 
0.609915 0.087433 0.393166 0.792177 
0.628608 0.079786 0.437484 0.817693 
0.612403 0.084528 0.416575 0.852516 
0.617087 0.076556 0.409078 0.796930 
0.629002 0.078598 0.416785 0.786766 
0.606345 0.077185 0.401170 0.758402 
0.632513 0.078993 0.432528 0.835058 
0.602479 0.078975 0.389788 0.799478 
0.597086 0.087036 0.399908 0.815421 
0.610607 0.085420 0.425317 0.854753 
0.623462 0.079543 0.396666 0.795336 
0.636375 0.078617 0.424419 0.821881 
0.633154 0.089916 0.412163 0.851614 
0.581325 0.072194 0.299437 0.811547 
0.594573 0.073213 0.300321 0.863029 
0.574270 0.073948 0.348253 0.864569 
0.582480 0.071936 0.269832 0.789445 
0.546540 0.067368 0.267516 0.749072 
0.574672 0.072900 0.329073 0.806249 
0.556929 0.076150 0.267281 0.814153 
0.597175 0.074117 0.340145 0.847879 
0.583048 0.075790 0.323216 0.831854 
0.585964 0.070388 0.318661 0.823072 
0.573911 0.074002 0.284337 0.847154 
0.565986 0.070973 0.333434 0.791443 
0.569667 0.068308 0.324462 0.789941 
0.577351 0.074554 0.307660 0.823383 
0.574318 0.072650 0.272547 0.827570 
0.580440 0.073100 0.313132 0.803200 
0.591089 0.077439 0.306321 0.823344 
0.587686 0.080595 0.352781 0.814587 
0.579821 0.071755 0.319400 0.784404 
0.580132 0.076083 0.286994 0.844219 
0.588200 0.080980 0.238706 0.868699 
0.588684 0.084822 0.323420 0.832162 
0.579440 0.073532 0.302840 0.758348 
0.575067 0.074949 0.255046 0.766900 
0.587522 0.073823 0.304692 0.770124 
0.585001 0.079636 0.320449 0.843924 
0.589713 0.078629 0.328788 0.824767 
0.462612 0.051613 0.324571 0.593118 
0.498181 0.054301 0.345807 0.651959 
0.489436 0.057158 0.347588 0.623666 
0.480818 0.053810 0.300962 0.632814 
0.460724 0.054849 0.315142 0.602669 
0.499852 0.057259 0.337987 0.638489 
0.510515 0.055662 0.356885 0.659800 
0.448128 0.052121 0.318485 0.575932 
0.466887 0.057549 0.309419 0.612828 
0.488378 0.053109 0.332221 0.647588 
0.497241 0.052208 0.356778 0.618745 
0.495582 0.045033 0.348886 0.650883 
0.507818 0.075505 0.295291 0.737311 
0.493739 0.076204 0.256967 0.695967 
0.474623 0.077845 0.226877 0.691082 
0.481438 0.084108 0.247735 0.680692 
0.480317 0.080497 0.236327 0.680320 
0.517945 0.085135 0.277513 0.763779 
0.487004 0.077712 0.290534 0.738450 
0.464744 0.077812 0.229537 0.650474 
0.529277 0.080337 0.286952 0.736472 
0.497259 0.078053 0.256894 0.697907 
0.477994 0.077871 0.264117 0.680019 
0.479664 0.076885 0.279023 0.676674 
0.473547 0.076482 0.255589 0.706222 
0.618137 0.096661 0.368123 0.814781 
0.645497 0.083997 0.364199 0.834053 
0.619934 0.095430 0.402888 0.860441 
0.617844 0.091931 0.365155 0.799956 
0.651067 0.091520 0.403095 0.845804 
0.584499 0.095389 0.377182 0.804414 
0.615483 0.091990 0.377148 0.828990 
0.606395 0.101825 0.380137 0.837334 
0.623647 0.085821 0.321554 0.857751 
0.596634 0.103215 0.357118 0.775372 
0.587196 0.100378 0.329972 0.798698 
0.638241 0.088940 0.434292 0.825671 
0.637843 0.091161 0.370249 0.871914 
0.628980 0.089526 0.342205 0.801346 
0.605963 0.080657 0.345164 0.779147 
0.643344 0.092084 0.367907 0.819499 
0.633296 0.085536 0.353956 0.822165 
0.648807 0.086155 0.357910 0.857204 
0.645149 0.087284 0.380436 0.836716 
0.640986 0.093306 0.378408 0.801473 
0.662067 0.082694 0.393964 0.860706 
0.597030 0.084017 0.341103 0.783605 
0.630148 0.084669 0.345732 0.841461 
0.609004 0.083926 0.361405 0.789381 
0.640279 0.088490 0.290759 0.810812 
0.646736 0.091121 0.384811 0.824094 
0.613985 0.083980 0.353051 0.790728 
0.566675 0.076652 0.366884 0.763772 
0.576492 0.072611 0.357413 0.732361 
0.561094 0.070308 0.377048 0.736613 
0.578080 0.072209 0.404526 0.763531 
0.567083 0.077554 0.402857 0.770756 
0.592246 0.073840 0.395719 0.785925 
0.580815 0.076352 0.364531 0.773079 
0.564233 0.077929 0.360542 0.784348 
0.584005 0.076624 0.355781 0.788816 
0.567074 0.082859 0.385386 0.755522 
0.573510 0.080213 0.381829 0.763000 
0.587859 0.070428 0.409190 0.790943 
0.568591 0.076056 0.350217 0.752355 
