0.381939 0.031058 0.242467 0.529804 
0.345672 0.038560 0.232925 0.416077 
0.360239 0.044014 0.225064 0.430064 
0.372932 0.029362 0.216058 0.445100 
0.371272 0.027214 0.236320 0.469437 
0.382263 0.037829 0.273593 0.471217 
0.381928 0.043738 0.209447 0.465909 
0.333042 0.027404 0.205198 0.537318 
0.338148 0.032236 0.217364 0.391633 
0.348909 0.039502 0.243417 0.416349 
0.379275 0.041212 0.223812 0.459227 
0.365838 0.036828 0.215641 0.438915 
0.373649 0.038296 0.235113 0.462896 
0.400790 0.045960 0.268670 0.490643 
0.405972 0.062963 0.247924 0.531484 
0.397580 0.062923 0.253438 0.545874 
0.424300 0.073798 0.282155 0.573686 
0.398856 0.047855 0.271559 0.491290 
0.455560 0.082730 0.260314 0.661943 
0.450189 0.065014 0.257427 0.569818 
0.457073 0.088884 0.299816 0.624329 
0.455181 0.072828 0.281428 0.581927 
0.409831 0.065147 0.263081 0.552999 
0.388312 0.054234 0.231267 0.494327 
0.397138 0.046102 0.239707 0.498656 
0.427221 0.066024 0.248162 0.599535 
0.375111 0.073478 0.228083 0.495009 
0.391953 0.101740 0.225843 0.632624 
0.406116 0.115754 0.215006 0.617078 
0.479920 0.142705 0.237357 0.753845 
0.493906 0.105539 0.254953 0.660115 
0.455048 0.096143 0.234276 0.606301 
0.413947 0.107265 0.232061 0.635270 
0.412104 0.103517 0.226680 0.634824 
0.465666 0.107053 0.247134 0.659043 
0.435708 0.103031 0.278124 0.660246 
0.386858 0.084249 0.225503 0.521461 
0.326005 0.051607 0.250491 0.577324 
0.326288 0.044734 0.228650 0.608859 
0.334998 0.060169 0.242945 0.596290 
0.326599 0.050117 0.244950 0.465379 
0.342931 0.056221 0.240870 0.621490 
0.337371 0.050785 0.258863 0.597005 
0.336724 0.052742 0.218362 0.448786 
0.331000 0.065052 0.235927 0.594361 
0.331848 0.047464 0.217697 0.451476 
0.297124 0.048386 0.203249 0.483715 
0.303423 0.056416 0.198765 0.573424 
0.319385 0.054913 0.204933 0.590807 
0.301614 0.045292 0.208577 0.566008 
0.288011 0.049249 0.196808 0.431809 
0.306226 0.039209 0.217602 0.472125 
0.306534 0.046690 0.204248 0.533290 
0.282752 0.041028 0.218131 0.440314 
0.283136 0.038084 0.211366 0.440143 
0.295819 0.045594 0.208253 0.409369 
0.293797 0.037766 0.213679 0.446969 
0.284426 0.045184 0.210351 0.433649 
0.279193 0.040651 0.197339 0.527992 
0.288308 0.040248 0.216292 0.436208 
0.343680 0.032157 0.222680 0.587944 
0.407411 0.043002 0.278205 0.485745 
0.399822 0.045150 0.300175 0.496666 
0.371261 0.039592 0.266772 0.472218 
0.379355 0.048832 0.272660 0.512999 
0.387934 0.040195 0.293334 0.485402 
0.353586 0.037576 0.254658 0.496117 
0.385145 0.034794 0.254945 0.467220 
0.356325 0.050103 0.244522 0.595329 
0.376797 0.034932 0.250117 0.434822 
0.336035 0.043706 0.234242 0.497258 
0.348712 0.051731 0.242433 0.628898 
0.333647 0.043077 0.205511 0.578707 
0.358149 0.053794 0.244904 0.546127 
0.375686 0.050845 0.220577 0.565559 
0.348430 0.038097 0.240827 0.579047 
0.326885 0.035001 0.233041 0.440441 
0.325744 0.040083 0.213296 0.427829 
0.343480 0.044766 0.228465 0.568539 
0.354421 0.043181 0.260169 0.535357 
0.356367 0.049856 0.249727 0.533093 
0.330247 0.040361 0.259919 0.552791 
0.332470 0.053137 0.224443 0.475352 
0.315663 0.052995 0.207998 0.561863 
0.351436 0.053983 0.243132 0.594699 
0.301921 0.036685 0.226908 0.511921 
0.392875 0.051489 0.260588 0.488623 
0.343673 0.043867 0.245303 0.462216 
0.391102 0.044841 0.287271 0.462941 
0.433586 0.052737 0.271696 0.555774 
0.370345 0.047945 0.265545 0.588730 
0.386334 0.049311 0.258751 0.463920 
0.413548 0.052981 0.263885 0.524035 
0.376614 0.047408 0.255260 0.510687 
0.353586 0.039577 0.253280 0.405307 
0.371196 0.043187 0.245635 0.423021 
0.406740 0.060333 0.245253 0.509899 
0.362706 0.037509 0.249046 0.437119 
0.371516 0.047981 0.252582 0.495219 
0.367720 0.045008 0.269370 0.459708 
0.424672 0.054766 0.247977 0.530382 
0.413556 0.062307 0.237810 0.524894 
0.401511 0.038757 0.235647 0.465500 
0.399980 0.058007 0.263100 0.535599 
0.385494 0.052821 0.217323 0.462719 
0.413004 0.046940 0.234184 0.507869 
0.376579 0.042809 0.228805 0.495134 
0.407083 0.056899 0.229391 0.530149 
0.383223 0.037786 0.262395 0.583876 
0.424468 0.054063 0.244160 0.529579 
0.396950 0.057614 0.235124 0.503452 
0.398817 0.060344 0.240640 0.520797 
0.406582 0.046704 0.253620 0.506856 
0.401861 0.040173 0.264304 0.470667 
0.338532 0.056414 0.233372 0.459944 
0.384999 0.061448 0.227263 0.490768 
0.420840 0.061225 0.274158 0.536431 
0.394261 0.052961 0.233125 0.527112 
0.361438 0.054731 0.230156 0.425468 
0.425869 0.055692 0.288581 0.567760 
0.343668 0.041634 0.248930 0.429347 
0.346187 0.044082 0.217557 0.432148 
0.399976 0.060987 0.294518 0.497441 
0.372222 0.052932 0.215323 0.463125 
0.379749 0.061188 0.252717 0.503041 
0.381744 0.068010 0.223386 0.497907 
0.377317 0.056840 0.233852 0.481029 
0.305146 0.034801 0.218375 0.414832 
0.312531 0.046698 0.214075 0.574368 
0.350344 0.044523 0.215990 0.429636 
0.301644 0.038567 0.213211 0.572298 
0.312203 0.028275 0.226381 0.388432 
0.360227 0.059768 0.224750 0.464937 
0.338632 0.031945 0.234947 0.542690 
0.302841 0.029929 0.202493 0.508361 
0.319059 0.037556 0.176671 0.463529 
0.323343 0.048836 0.208825 0.561500 
0.318502 0.039811 0.205455 0.577501 
0.275299 0.038694 0.190527 0.519878 
0.365638 0.057055 0.258474 0.464328 
0.375154 0.049230 0.251886 0.466388 
0.346480 0.054961 0.240900 0.442173 
0.392066 0.047634 0.249709 0.467093 
0.436885 0.062842 0.260196 0.573424 
0.401919 0.072743 0.245283 0.532782 
0.384109 0.067951 0.245152 0.519142 
0.359738 0.044752 0.258673 0.443723 
0.461347 0.094716 0.257106 0.649893 
0.384267 0.064434 0.244030 0.488516 
0.371936 0.051716 0.234226 0.479333 
0.376627 0.059982 0.258391 0.496882 
0.365673 0.058890 0.237206 0.477735 
0.412454 0.084362 0.279879 0.605903 
0.344681 0.048413 0.253239 0.596561 
0.344435 0.045038 0.256749 0.547291 
0.346066 0.051515 0.238323 0.601909 
0.395501 0.059480 0.283338 0.511453 
0.379900 0.063866 0.221904 0.518055 
0.394560 0.054553 0.229723 0.509856 
0.366892 0.048401 0.246500 0.640089 
0.373222 0.052140 0.258467 0.623652 
0.369115 0.035872 0.273038 0.597776 
0.359733 0.069299 0.222238 0.537379 
0.389739 0.081553 0.243211 0.654084 
0.355742 0.051599 0.264525 0.624708 
0.336119 0.038788 0.242129 0.432636 
0.310842 0.042458 0.228918 0.530806 
0.345881 0.029744 0.267351 0.531984 
0.326485 0.037485 0.245213 0.446227 
0.333564 0.043463 0.238800 0.443397 
0.336324 0.035921 0.244134 0.423629 
0.344970 0.037122 0.268086 0.460841 
0.339275 0.046518 0.237662 0.567658 
0.349726 0.042493 0.259607 0.432217 
0.318654 0.055178 0.214045 0.601467 
0.294075 0.041373 0.225156 0.546948 
0.321434 0.038412 0.241317 0.395293 
0.345880 0.039265 0.247114 0.430479 
0.343652 0.039864 0.240302 0.424942 
0.350814 0.038886 0.250062 0.565854 
0.312507 0.033511 0.260274 0.553534 
0.307213 0.039067 0.235428 0.545051 
0.321979 0.037172 0.253413 0.519291 
0.324605 0.033586 0.227417 0.540739 
0.327111 0.028733 0.214163 0.443985 
0.300313 0.037117 0.222483 0.562516 
0.322077 0.032092 0.213023 0.544817 
0.314931 0.027177 0.228236 0.445443 
0.338470 0.036956 0.224225 0.535698 
0.338190 0.038422 0.227979 0.574670 
0.368746 0.038849 0.252274 0.571200 
0.318732 0.039430 0.229658 0.572133 
