0.562628 0.080814 0.366738 0.713313 
0.546834 0.084179 0.330674 0.719212 
0.564949 0.083259 0.348242 0.721501 
0.578533 0.085015 0.394437 0.748198 
0.574359 0.080265 0.350897 0.725948 
0.584978 0.091179 0.390110 0.759729 
0.548823 0.085592 0.352412 0.705365 
0.562255 0.089035 0.353100 0.731102 
0.541620 0.075948 0.351845 0.684110 
0.583240 0.098834 0.361128 0.756139 
0.552546 0.087548 0.346722 0.710380 
0.562342 0.087868 0.348437 0.726119 
0.575710 0.087492 0.355043 0.714422 
0.615244 0.048431 0.414282 0.723637 
0.617448 0.058963 0.404898 0.764233 
0.598456 0.051872 0.423191 0.708001 
0.596141 0.060331 0.397121 0.706677 
0.599755 0.057936 0.420756 0.741873 
0.605715 0.055148 0.419940 0.717072 
0.602728 0.046760 0.411375 0.678963 
0.613333 0.053257 0.428088 0.739934 
0.621092 0.064706 0.415121 0.756558 
0.602847 0.056916 0.424207 0.704535 
0.603470 0.057486 0.415494 0.745565 
0.602640 0.057108 0.409799 0.727850 
0.577908 0.052623 0.421836 0.697655 
0.550763 0.064388 0.328477 0.681420 
0.560380 0.074040 0.348302 0.736765 
0.559746 0.077222 0.347061 0.712282 
0.614722 0.079916 0.361185 0.756793 
0.607097 0.077461 0.380912 0.761377 
0.610200 0.078738 0.356535 0.765532 
0.578081 0.070252 0.374378 0.712250 
0.566728 0.081218 0.336141 0.708026 
0.609234 0.077928 0.334073 0.758614 
0.583361 0.082636 0.336918 0.734668 
0.566905 0.069906 0.343049 0.725733 
0.518550 0.078446 0.317570 0.704435 
0.530128 0.078804 0.343462 0.702022 
0.539921 0.077333 0.351295 0.727827 
0.527546 0.083012 0.328047 0.744591 
0.517375 0.076917 0.342479 0.694764 
0.567773 0.088246 0.344006 0.790550 
0.524304 0.078967 0.361798 0.717813 
0.547140 0.083908 0.357773 0.721425 
0.528318 0.080859 0.318658 0.713889 
0.527869 0.079405 0.337472 0.725758 
0.547250 0.080158 0.351356 0.727615 
0.535326 0.080193 0.344135 0.727433 
0.559424 0.106318 0.331477 0.773860 
0.552847 0.108559 0.295477 0.751562 
0.556750 0.110091 0.275043 0.748323 
0.520727 0.103805 0.257033 0.731964 
0.537306 0.098353 0.305979 0.722269 
0.539595 0.104822 0.291337 0.745911 
0.550450 0.101233 0.295602 0.765902 
0.551970 0.106915 0.279246 0.768869 
0.555579 0.106949 0.314396 0.755971 
0.527421 0.108162 0.297173 0.727160 
0.541058 0.109617 0.280788 0.733109 
0.536511 0.080819 0.325825 0.737135 
0.558713 0.070141 0.340401 0.737214 
0.521675 0.073060 0.309338 0.692291 
0.533488 0.076266 0.320709 0.715052 
0.568044 0.067790 0.350614 0.735973 
0.528118 0.074759 0.324492 0.694451 
0.523056 0.072865 0.343959 0.686729 
0.532330 0.065581 0.354014 0.701893 
0.568615 0.065955 0.399224 0.723904 
0.557273 0.076562 0.353545 0.734095 
0.518547 0.076667 0.336854 0.691656 
0.522620 0.069673 0.317843 0.696568 
0.509386 0.070955 0.329545 0.672483 
0.511759 0.070552 0.332942 0.690579 
0.524020 0.067151 0.321080 0.675284 
0.538635 0.074919 0.333771 0.722079 
0.503209 0.069069 0.327046 0.688368 
0.518154 0.076008 0.331559 0.699847 
0.500404 0.072786 0.323198 0.676962 
0.497871 0.071998 0.306960 0.699601 
0.511004 0.070487 0.317002 0.682616 
0.505704 0.069824 0.318691 0.667258 
0.520124 0.075112 0.326620 0.721287 
0.523949 0.075947 0.331891 0.688902 
0.497734 0.067131 0.305973 0.668190 
0.512300 0.072217 0.321560 0.681149 
0.576596 0.084456 0.372096 0.761197 
0.547703 0.071646 0.332590 0.736358 
0.570056 0.078239 0.370576 0.735715 
0.567158 0.081010 0.365720 0.767500 
0.566979 0.075777 0.381999 0.757903 
0.589106 0.077458 0.398154 0.794982 
0.555270 0.071699 0.347904 0.720646 
0.590510 0.079076 0.366763 0.762017 
0.585687 0.084144 0.378528 0.781550 
0.574120 0.085387 0.368560 0.767120 
0.567740 0.081174 0.371960 0.742549 
0.610472 0.086978 0.377514 0.807674 
0.619006 0.095730 0.368433 0.800964 
0.558743 0.071028 0.345747 0.714459 
0.531120 0.072365 0.355065 0.706999 
0.524582 0.067429 0.388165 0.706521 
0.536720 0.076764 0.358919 0.745432 
0.535991 0.072153 0.362186 0.715619 
0.564355 0.082971 0.392781 0.761625 
0.546766 0.071765 0.382621 0.712634 
0.546554 0.069591 0.390481 0.729822 
0.554338 0.066341 0.397260 0.753348 
0.563076 0.072992 0.365981 0.712478 
0.548559 0.069654 0.367937 0.711281 
0.511069 0.067305 0.362470 0.685442 
0.515537 0.072050 0.359742 0.679263 
0.522213 0.075632 0.361910 0.703957 
0.522870 0.068296 0.376178 0.682786 
0.454571 0.050721 0.308841 0.553031 
0.470233 0.053687 0.309746 0.566577 
0.495197 0.063668 0.306786 0.644631 
0.487928 0.070650 0.317308 0.656373 
0.480117 0.048932 0.308807 0.576251 
0.481003 0.060168 0.317880 0.621292 
0.490486 0.063475 0.298484 0.610845 
0.503917 0.057382 0.301074 0.613314 
0.475730 0.056532 0.282207 0.600961 
0.497849 0.077818 0.255578 0.650353 
0.485594 0.063379 0.301895 0.607339 
0.497772 0.065091 0.310590 0.636752 
0.493735 0.063020 0.318291 0.626922 
0.491889 0.066265 0.267735 0.606531 
0.498917 0.077069 0.284592 0.680737 
0.499538 0.071452 0.286513 0.658598 
0.481448 0.067163 0.281694 0.624380 
0.497222 0.068982 0.295105 0.609391 
0.506046 0.073724 0.305471 0.643880 
0.500187 0.077764 0.302723 0.635013 
0.501538 0.075216 0.275049 0.631770 
0.487722 0.076190 0.281732 0.654408 
0.488608 0.065807 0.279057 0.616335 
0.491841 0.063528 0.318116 0.631310 
0.460084 0.055788 0.289916 0.564671 
0.455621 0.054549 0.310018 0.612043 
0.468199 0.055152 0.351366 0.625399 
0.469890 0.058020 0.327437 0.646950 
0.494532 0.057018 0.332367 0.651397 
0.509309 0.062215 0.349949 0.687838 
0.536335 0.064466 0.355988 0.698691 
0.478969 0.054113 0.338775 0.635014 
0.511488 0.058560 0.357766 0.673572 
0.560337 0.064137 0.365806 0.713540 
0.513103 0.060559 0.317313 0.663157 
0.469561 0.052745 0.326924 0.632825 
0.511805 0.062281 0.335822 0.669712 
0.455576 0.053013 0.316366 0.611408 
0.536739 0.072097 0.338053 0.688948 
0.529738 0.080149 0.361714 0.699824 
0.546106 0.080150 0.361732 0.709264 
0.527830 0.079963 0.357409 0.728603 
0.553650 0.077328 0.361323 0.725817 
0.541989 0.073516 0.363704 0.697068 
0.542649 0.081754 0.367083 0.734350 
0.531970 0.078609 0.338784 0.719069 
0.542166 0.078660 0.342615 0.696988 
0.528823 0.072715 0.355199 0.726597 
0.529016 0.084111 0.301062 0.720093 
0.532968 0.080771 0.374600 0.710725 
0.521576 0.080068 0.309040 0.689515 
0.592599 0.118389 0.267146 0.790740 
0.557338 0.111646 0.293810 0.747538 
0.592838 0.119668 0.314560 0.796317 
0.592997 0.129505 0.289275 0.807372 
0.616740 0.125749 0.292488 0.820607 
0.610216 0.124718 0.301744 0.818163 
0.592128 0.120043 0.285768 0.798049 
0.604174 0.129499 0.300013 0.811400 
0.569302 0.120960 0.301931 0.782428 
0.594896 0.126798 0.300715 0.802656 
0.600801 0.124054 0.307586 0.816081 
0.583065 0.118183 0.299299 0.809831 
0.604396 0.118274 0.311110 0.814883 
0.564232 0.107769 0.293742 0.744685 
0.506267 0.078115 0.293896 0.690216 
0.497223 0.070100 0.306658 0.632397 
0.551505 0.103613 0.275096 0.754139 
0.539236 0.094085 0.289623 0.760597 
0.538585 0.084749 0.345720 0.713741 
0.531972 0.089024 0.275836 0.731805 
0.520613 0.083581 0.310747 0.684545 
0.520811 0.085690 0.290355 0.734815 
0.492358 0.067912 0.324076 0.658303 
0.541513 0.100503 0.309582 0.754291 
0.503016 0.073387 0.291059 0.669789 
0.500176 0.072828 0.270836 0.672029 
0.513592 0.071215 0.314222 0.668965 
