0.681678 0.102993 0.215212 0.885649 
0.651639 0.096888 0.199908 0.838815 
0.651983 0.102839 0.235430 0.866678 
0.679643 0.103614 0.208414 0.871340 
0.675422 0.099551 0.218922 0.875951 
0.691744 0.100635 0.225698 0.860072 
0.649892 0.097761 0.207438 0.851030 
0.660451 0.096202 0.208747 0.834601 
0.668066 0.097276 0.203951 0.856161 
0.664462 0.100276 0.206139 0.862978 
0.660772 0.100080 0.207991 0.866494 
0.654013 0.098951 0.215070 0.844281 
0.677290 0.101820 0.214988 0.856222 
0.704907 0.096860 0.201752 0.901120 
0.677702 0.091459 0.216344 0.861150 
0.700819 0.095795 0.214309 0.880821 
0.669910 0.094825 0.203434 0.870999 
0.704467 0.090785 0.216935 0.870701 
0.704479 0.091843 0.235953 0.884192 
0.699901 0.091940 0.219785 0.869567 
0.680224 0.088245 0.214585 0.847500 
0.693626 0.091356 0.204090 0.863221 
0.668058 0.096345 0.218505 0.879623 
0.686183 0.091263 0.225624 0.861681 
0.684407 0.089033 0.209855 0.847813 
0.681020 0.093850 0.222246 0.877126 
0.671776 0.097324 0.200042 0.877016 
0.689084 0.091576 0.204751 0.867277 
0.668722 0.099359 0.215666 0.866744 
0.720679 0.097022 0.242551 0.921181 
0.725056 0.098925 0.207402 0.910793 
0.733867 0.096834 0.230818 0.916850 
0.686136 0.094685 0.211375 0.871689 
0.668261 0.108052 0.221945 0.906183 
0.727291 0.103051 0.209819 0.903897 
0.706113 0.099246 0.196446 0.900477 
0.693805 0.095013 0.219612 0.880578 
0.683216 0.087313 0.201961 0.857532 
0.664474 0.085930 0.191683 0.846443 
0.687980 0.088643 0.209690 0.855846 
0.676870 0.089627 0.213172 0.865380 
0.678182 0.086836 0.208058 0.852561 
0.682212 0.083219 0.215041 0.847268 
0.676894 0.083905 0.194125 0.849705 
0.685754 0.085234 0.205967 0.859145 
0.681407 0.088995 0.213933 0.872594 
0.671163 0.084913 0.232645 0.844959 
0.684463 0.085841 0.203412 0.866796 
0.678197 0.083516 0.214073 0.842030 
0.551249 0.101456 0.160941 0.791102 
0.513823 0.109076 0.160316 0.765731 
0.546344 0.105858 0.173530 0.797404 
0.553076 0.123633 0.157337 0.852506 
0.524005 0.104544 0.156911 0.760808 
0.562216 0.105685 0.161470 0.795620 
0.498912 0.091865 0.165018 0.735518 
0.534589 0.104958 0.162840 0.799364 
0.559780 0.103828 0.163804 0.777604 
0.547975 0.100806 0.167901 0.784637 
0.529839 0.112356 0.168942 0.760792 
0.665631 0.097199 0.261350 0.895987 
0.669853 0.096904 0.242009 0.883174 
0.649870 0.095727 0.278607 0.873305 
0.677330 0.101221 0.267588 0.921348 
0.662329 0.092520 0.224364 0.879996 
0.668760 0.097321 0.249712 0.883554 
0.659610 0.097560 0.240754 0.882120 
0.663100 0.097135 0.260516 0.885227 
0.663700 0.088979 0.267691 0.860887 
0.653214 0.097351 0.238349 0.880212 
0.680398 0.092575 0.232322 0.902055 
0.670952 0.099182 0.221938 0.898180 
0.690235 0.094017 0.217300 0.902743 
0.694692 0.093369 0.254487 0.898676 
0.695392 0.091437 0.217642 0.890812 
0.713798 0.094995 0.219417 0.901347 
0.682670 0.092965 0.223977 0.906936 
0.690515 0.092240 0.228386 0.903673 
0.683207 0.093496 0.226327 0.898250 
0.679990 0.090578 0.227582 0.864021 
0.678338 0.098972 0.235907 0.914805 
0.676715 0.093060 0.220213 0.899719 
0.710573 0.091056 0.221427 0.887795 
0.676105 0.092164 0.234569 0.895680 
0.679279 0.090406 0.222426 0.877247 
0.689616 0.094388 0.214185 0.901945 
0.694790 0.109917 0.182025 0.897800 
0.689436 0.104878 0.193564 0.891094 
0.694781 0.106174 0.179612 0.886885 
0.688682 0.105980 0.180886 0.894293 
0.733757 0.111106 0.200886 0.916972 
0.717725 0.103982 0.182768 0.917586 
0.700496 0.107930 0.188107 0.893961 
0.705373 0.111253 0.180547 0.908820 
0.704248 0.103731 0.180610 0.890126 
0.675741 0.108104 0.172157 0.890404 
0.697756 0.103230 0.184099 0.881268 
0.701691 0.110955 0.186706 0.913148 
0.707445 0.108581 0.188147 0.902279 
0.682993 0.110912 0.180991 0.885706 
0.618978 0.100658 0.188129 0.830648 
0.649827 0.107877 0.202069 0.863848 
0.647760 0.103015 0.193603 0.855224 
0.619888 0.092068 0.197283 0.819189 
0.646817 0.105342 0.195044 0.844714 
0.631132 0.113854 0.215363 0.861835 
0.642119 0.100088 0.189797 0.860051 
0.619116 0.094754 0.200760 0.778847 
0.616948 0.098970 0.202080 0.801964 
0.645243 0.097671 0.190909 0.844564 
0.617977 0.092447 0.191391 0.806008 
0.624477 0.091944 0.179423 0.802559 
0.604994 0.093550 0.186642 0.787365 
0.597241 0.097749 0.193534 0.788653 
0.660997 0.084724 0.182412 0.847091 
0.668141 0.099276 0.201063 0.864503 
0.640022 0.103604 0.169631 0.840270 
0.652902 0.099838 0.196362 0.875819 
0.650326 0.101134 0.190449 0.857840 
0.633864 0.087959 0.202149 0.832769 
0.640996 0.091572 0.172197 0.835296 
0.655660 0.098044 0.181129 0.856478 
0.657203 0.097278 0.202269 0.867104 
0.644408 0.089324 0.192494 0.855164 
0.657990 0.102927 0.202509 0.864348 
0.656237 0.097999 0.185242 0.861222 
0.652804 0.091521 0.202480 0.850922 
0.634239 0.096150 0.214026 0.826196 
0.620705 0.098151 0.205450 0.835981 
0.633767 0.094099 0.224763 0.823127 
0.648759 0.094693 0.229518 0.814897 
0.629220 0.090846 0.218746 0.823915 
0.629364 0.092459 0.213124 0.813495 
0.636828 0.102678 0.186492 0.855227 
0.620492 0.092200 0.217593 0.809769 
0.643985 0.095058 0.214296 0.840719 
0.643185 0.096067 0.185207 0.839596 
0.626476 0.093873 0.223085 0.834386 
0.620414 0.093480 0.200245 0.811438 
0.615693 0.110232 0.174537 0.854716 
0.622372 0.109624 0.167641 0.841181 
0.616038 0.110422 0.180824 0.825444 
0.598016 0.107881 0.172550 0.819040 
0.621015 0.112959 0.173263 0.856002 
0.655979 0.114654 0.156513 0.860024 
0.622226 0.110416 0.189257 0.844808 
0.619885 0.107978 0.174183 0.858408 
0.666996 0.111291 0.157119 0.890922 
0.625604 0.107235 0.189330 0.842581 
0.627087 0.115077 0.176112 0.867738 
0.614455 0.110662 0.186494 0.811180 
0.602124 0.109057 0.179777 0.832940 
0.692320 0.089796 0.209939 0.882049 
0.634188 0.091488 0.198285 0.825871 
0.666043 0.096348 0.202052 0.863021 
0.650057 0.083166 0.199670 0.801345 
0.689103 0.095248 0.221269 0.861768 
0.650796 0.087126 0.214510 0.837634 
0.654460 0.086633 0.217534 0.819641 
0.634121 0.096190 0.205807 0.861212 
0.667662 0.094300 0.222868 0.876625 
0.632633 0.093177 0.216237 0.848383 
0.651245 0.095640 0.226128 0.859060 
0.641465 0.095189 0.211514 0.832680 
0.665650 0.094460 0.232150 0.876452 
0.655881 0.082674 0.234753 0.826699 
0.655992 0.088274 0.215871 0.844047 
0.700485 0.084869 0.229923 0.878674 
0.691350 0.088326 0.218246 0.873696 
0.710140 0.087020 0.237932 0.882459 
0.704523 0.090336 0.207349 0.882177 
0.656637 0.084341 0.241451 0.844493 
0.687665 0.083422 0.234821 0.872170 
0.669327 0.087426 0.220881 0.864998 
0.695542 0.083000 0.206930 0.872557 
0.653141 0.095291 0.224076 0.849534 
0.679839 0.089069 0.213252 0.862532 
0.679239 0.084804 0.251203 0.855565 
0.668134 0.096114 0.221736 0.873068 
0.597182 0.098488 0.169282 0.846838 
0.603563 0.096809 0.173780 0.842751 
0.625730 0.107623 0.160865 0.859616 
0.614069 0.099790 0.157188 0.845939 
0.621518 0.100998 0.156337 0.864423 
0.599406 0.109961 0.140502 0.881561 
0.592364 0.108333 0.156748 0.866981 
0.621926 0.111443 0.162824 0.885162 
0.577161 0.095115 0.165444 0.811865 
0.623690 0.094388 0.171607 0.867519 
0.615336 0.101106 0.152327 0.836732 
0.595256 0.095430 0.163755 0.827543 
0.624659 0.100215 0.149147 0.854642 
