0.389585 0.028916 0.298512 0.491244 
0.447104 0.043941 0.300955 0.553515 
0.438727 0.037193 0.307057 0.527441 
0.404970 0.031431 0.312983 0.575181 
0.411452 0.028175 0.321445 0.504896 
0.396162 0.029257 0.287102 0.553776 
0.366651 0.022357 0.271249 0.509603 
0.401409 0.030153 0.277504 0.518921 
0.389912 0.031557 0.304389 0.516407 
0.423740 0.030362 0.316188 0.521947 
0.397290 0.032190 0.287846 0.541240 
0.401260 0.025971 0.305196 0.500016 
0.406958 0.028752 0.319362 0.534555 
0.373123 0.041518 0.306869 0.592376 
0.351294 0.040565 0.272551 0.538426 
0.383985 0.047282 0.293236 0.585570 
0.413809 0.040093 0.334634 0.540911 
0.365683 0.034825 0.263789 0.512019 
0.416021 0.054989 0.313405 0.607815 
0.365592 0.040293 0.239196 0.539545 
0.420559 0.057368 0.308751 0.618188 
0.406926 0.047159 0.326961 0.544419 
0.389932 0.046977 0.299980 0.526095 
0.369617 0.048667 0.264429 0.549549 
0.405238 0.059807 0.299819 0.547998 
0.412344 0.070169 0.249396 0.557934 
0.418364 0.085201 0.273947 0.579210 
0.432051 0.102407 0.223559 0.636741 
0.423912 0.095381 0.220166 0.608827 
0.492370 0.123326 0.243286 0.725959 
0.469018 0.087729 0.293736 0.622613 
0.485754 0.097872 0.249247 0.645631 
0.423020 0.094228 0.228742 0.609873 
0.414282 0.089361 0.246707 0.611634 
0.485926 0.095384 0.283854 0.639783 
0.427828 0.093977 0.254275 0.596622 
0.436021 0.082965 0.244416 0.565450 
0.314728 0.064867 0.220305 0.518995 
0.310931 0.073581 0.194132 0.527697 
0.345359 0.076387 0.202398 0.581403 
0.314354 0.066001 0.212594 0.519356 
0.295024 0.066187 0.178628 0.517038 
0.360201 0.074449 0.231841 0.574343 
0.308236 0.072209 0.173026 0.532776 
0.349162 0.076766 0.208382 0.549526 
0.308609 0.059153 0.192375 0.536264 
0.318533 0.065795 0.207747 0.598992 
0.350237 0.079679 0.208178 0.539517 
0.324308 0.059520 0.209352 0.517117 
0.338128 0.045877 0.227293 0.477738 
0.324570 0.029831 0.225165 0.463110 
0.337481 0.039012 0.224067 0.518994 
0.327442 0.034286 0.237665 0.468425 
0.316912 0.042279 0.208366 0.457372 
0.311403 0.046826 0.216291 0.503576 
0.334426 0.041325 0.219224 0.516749 
0.323493 0.038696 0.234005 0.480974 
0.336384 0.041354 0.227317 0.499494 
0.327763 0.046573 0.218637 0.517505 
0.325255 0.037356 0.220208 0.461804 
0.362449 0.033948 0.218354 0.507492 
0.390331 0.042901 0.293243 0.498713 
0.354995 0.043006 0.262062 0.564959 
0.380594 0.055879 0.235487 0.519463 
0.423660 0.047659 0.306118 0.569329 
0.391468 0.055469 0.265197 0.526832 
0.361205 0.040014 0.247736 0.555370 
0.357099 0.036401 0.288452 0.550482 
0.387162 0.043003 0.292210 0.538430 
0.388342 0.042641 0.304790 0.492756 
0.354789 0.039117 0.270895 0.505794 
0.344736 0.039492 0.268630 0.551315 
0.328805 0.044879 0.239336 0.503884 
0.331498 0.047654 0.238018 0.515958 
0.343779 0.044868 0.239835 0.492555 
0.371378 0.042313 0.260662 0.505080 
0.347668 0.043589 0.265187 0.484761 
0.348234 0.038118 0.262664 0.536249 
0.368817 0.053179 0.255139 0.557538 
0.310134 0.041434 0.231355 0.529602 
0.339364 0.047381 0.245237 0.548577 
0.342121 0.041050 0.251395 0.533622 
0.347763 0.046407 0.241259 0.543587 
0.337686 0.046877 0.231255 0.507572 
0.326100 0.043092 0.239634 0.499634 
0.333007 0.052854 0.234153 0.507495 
0.379521 0.031918 0.274824 0.497714 
0.362323 0.056482 0.254846 0.470475 
0.386296 0.062235 0.263783 0.513340 
0.378659 0.055624 0.265558 0.497015 
0.376641 0.056226 0.262692 0.502727 
0.405475 0.057852 0.282327 0.524985 
0.362596 0.055384 0.264545 0.492741 
0.435626 0.084683 0.246019 0.551428 
0.392546 0.060964 0.264438 0.512299 
0.407128 0.073931 0.270383 0.516886 
0.365711 0.035924 0.266462 0.490452 
0.423368 0.043485 0.275055 0.530491 
0.418006 0.062273 0.287958 0.520023 
0.365157 0.062143 0.251055 0.505343 
0.393413 0.060031 0.262739 0.523323 
0.366710 0.062359 0.244529 0.511238 
0.336734 0.044904 0.229337 0.525284 
0.367179 0.053422 0.232652 0.482973 
0.403874 0.069874 0.270572 0.530738 
0.391797 0.048566 0.266229 0.554360 
0.393977 0.051105 0.270149 0.542592 
0.380663 0.048669 0.261677 0.521313 
0.432863 0.070708 0.268995 0.561868 
0.389917 0.053314 0.265179 0.545920 
0.336503 0.039492 0.223480 0.520788 
0.345387 0.056957 0.212351 0.482925 
0.370014 0.045808 0.248677 0.496151 
0.407061 0.055280 0.263802 0.515913 
0.294889 0.041883 0.209810 0.469055 
0.311066 0.052821 0.228856 0.501766 
0.326021 0.056156 0.223625 0.509138 
0.334019 0.034092 0.258549 0.545416 
0.309957 0.046731 0.236147 0.472799 
0.357424 0.042951 0.256180 0.459257 
0.343384 0.047722 0.238429 0.494709 
0.332314 0.034737 0.234531 0.479031 
0.345844 0.052188 0.258261 0.476584 
0.357507 0.033611 0.249632 0.441559 
0.299598 0.049770 0.226465 0.473084 
0.330174 0.051228 0.242656 0.544828 
0.337353 0.047592 0.247971 0.497189 
0.349793 0.033287 0.253762 0.496003 
0.337887 0.027776 0.259260 0.489936 
0.360506 0.036009 0.271680 0.444014 
0.334816 0.037884 0.269711 0.416938 
0.355896 0.033152 0.267801 0.511275 
0.411063 0.045099 0.280716 0.533893 
0.365122 0.026569 0.276746 0.520006 
0.372882 0.036997 0.272027 0.531563 
0.377517 0.037726 0.274262 0.461351 
0.362103 0.036964 0.263765 0.488666 
0.365697 0.037406 0.280764 0.529501 
0.322134 0.037451 0.254784 0.509149 
0.347751 0.029605 0.282290 0.407066 
0.344956 0.031548 0.263683 0.509717 
0.361941 0.029527 0.271603 0.496906 
0.384183 0.042438 0.285091 0.490027 
0.408030 0.043476 0.268671 0.538263 
0.453707 0.061662 0.283539 0.563410 
0.387521 0.032758 0.261689 0.454943 
0.416712 0.046801 0.285626 0.496936 
0.494766 0.074606 0.317028 0.657669 
0.436106 0.058398 0.298688 0.556191 
0.371270 0.031283 0.256932 0.427305 
0.416030 0.043255 0.286091 0.493535 
0.367577 0.041886 0.262898 0.467120 
0.381259 0.062599 0.255094 0.527244 
0.351986 0.046279 0.249905 0.536721 
0.349359 0.058033 0.238434 0.566677 
0.347783 0.055911 0.256753 0.555499 
0.392648 0.063370 0.279137 0.521205 
0.373899 0.063915 0.255448 0.604891 
0.343252 0.036108 0.251864 0.560216 
0.349769 0.046140 0.274155 0.551904 
0.344522 0.044168 0.256674 0.535113 
0.344239 0.038461 0.254740 0.531382 
0.350521 0.048050 0.245075 0.541753 
0.373463 0.062306 0.255889 0.546295 
0.362075 0.049903 0.270106 0.566960 
0.362004 0.034102 0.222008 0.535501 
0.366387 0.034519 0.261230 0.520574 
0.367115 0.024718 0.286246 0.541206 
0.376446 0.031978 0.279492 0.546858 
0.380304 0.033128 0.249260 0.557666 
0.392052 0.030660 0.307597 0.533254 
0.370454 0.028672 0.267316 0.505156 
0.373979 0.040446 0.275431 0.516924 
0.396260 0.036719 0.277398 0.592123 
0.361190 0.053949 0.246770 0.477893 
0.396667 0.043272 0.296254 0.481136 
0.357987 0.023973 0.275588 0.508244 
0.418772 0.037576 0.296795 0.603510 
0.357482 0.046415 0.258298 0.465686 
0.276536 0.041579 0.220420 0.472641 
0.298331 0.061932 0.198186 0.535913 
0.335291 0.079854 0.214162 0.497048 
0.318906 0.035825 0.238652 0.545641 
0.347991 0.039641 0.261017 0.451670 
0.322750 0.054244 0.221763 0.445840 
0.324978 0.068286 0.223818 0.536450 
0.325599 0.054174 0.208228 0.519826 
0.288629 0.039184 0.209836 0.502878 
0.329212 0.039571 0.242764 0.450659 
0.301346 0.060986 0.205348 0.441132 
0.303962 0.045084 0.223313 0.523588 
0.303175 0.055494 0.194672 0.504991 
