0.603544 0.008144 0.591383 0.608662 
0.560457 0.020638 0.534872 0.583074 
0.592637 0.022798 0.561962 0.613295 
0.601797 0.012196 0.586124 0.611890 
0.562890 0.014981 0.547087 0.575696 
0.597965 0.016228 0.582153 0.612022 
0.571850 0.012149 0.553666 0.578987 
0.589816 0.014704 0.574275 0.605584 
0.584018 0.011990 0.573572 0.595068 
0.572574 0.011782 0.561729 0.584217 
0.569063 0.021704 0.539506 0.590424 
0.577254 0.010365 0.566244 0.587332 
0.608601 0.027773 0.574107 0.635678 
0.637661 0.016988 0.613376 0.652703 
0.609616 0.013439 0.591290 0.623332 
0.614860 0.013738 0.594721 0.623832 
0.614240 0.017219 0.591062 0.631552 
0.601428 0.007864 0.593435 0.610998 
0.616379 0.026620 0.578755 0.641504 
0.599273 0.010254 0.584095 0.606096 
0.607343 0.011175 0.591842 0.616293 
0.635645 0.011342 0.621450 0.648074 
0.619524 0.012153 0.608354 0.632833 
0.637692 0.015869 0.616039 0.651077 
0.637009 0.013713 0.620722 0.651338 
0.593320 0.009401 0.579928 0.601456 
0.610862 0.024941 0.575882 0.631591 
0.606440 0.017466 0.580545 0.617984 
0.623949 0.025222 0.591851 0.648647 
0.635390 0.026996 0.598488 0.658641 
0.611835 0.028082 0.573502 0.639841 
0.637239 0.025087 0.602295 0.659051 
0.611769 0.016628 0.589555 0.624814 
0.604612 0.020086 0.575546 0.619776 
0.583181 0.013933 0.563329 0.594555 
0.630912 0.020039 0.604715 0.650393 
0.600846 0.023770 0.568863 0.623995 
0.578544 0.014218 0.558286 0.588477 
0.606444 0.019860 0.586266 0.624190 
0.611483 0.008807 0.599955 0.619456 
0.598455 0.020544 0.575828 0.618665 
0.594165 0.013524 0.576564 0.607287 
0.595184 0.021183 0.572099 0.616082 
0.577661 0.011948 0.563678 0.588169 
0.590401 0.012332 0.576805 0.602149 
0.604852 0.012992 0.586534 0.615688 
0.579528 0.014207 0.558745 0.590377 
0.584244 0.015261 0.570210 0.599089 
0.562741 0.012676 0.550884 0.576292 
0.641508 0.029561 0.611219 0.672637 
0.595727 0.033927 0.555105 0.624619 
0.662092 0.025964 0.629011 0.686763 
0.581953 0.016569 0.557811 0.594613 
0.628114 0.024016 0.604657 0.652875 
0.663285 0.037884 0.623370 0.703880 
0.617647 0.013528 0.599293 0.629380 
0.652110 0.028140 0.617908 0.677559 
0.624592 0.025011 0.596511 0.651734 
0.617637 0.023561 0.594670 0.646695 
0.622396 0.027802 0.592524 0.651468 
0.564502 0.017354 0.540790 0.580492 
0.590149 0.015003 0.569250 0.604533 
0.564354 0.019206 0.538978 0.584655 
0.559557 0.013897 0.540736 0.570623 
0.607541 0.023703 0.575245 0.632314 
0.574164 0.021202 0.548839 0.597534 
0.581909 0.021826 0.553417 0.606158 
0.573603 0.019918 0.545325 0.587905 
0.604992 0.022247 0.576244 0.628318 
0.575797 0.021101 0.548506 0.598457 
0.604336 0.030100 0.568149 0.633328 
0.583454 0.018191 0.556819 0.597919 
0.588115 0.020238 0.558400 0.602340 
0.620196 0.018266 0.598668 0.635990 
0.581937 0.014575 0.561005 0.592223 
0.608311 0.016402 0.584730 0.620825 
0.563166 0.018014 0.547263 0.580755 
0.569675 0.025902 0.547424 0.601025 
0.575910 0.013112 0.563883 0.589642 
0.587510 0.022595 0.562600 0.607420 
0.589283 0.032121 0.549412 0.621329 
0.563284 0.021834 0.533163 0.585415 
0.586114 0.012727 0.569612 0.597849 
0.585377 0.020932 0.564903 0.604380 
0.558484 0.019519 0.531421 0.577691 
0.570768 0.012804 0.558686 0.584636 
0.595822 0.020968 0.565028 0.609437 
0.624957 0.027038 0.586450 0.644994 
0.607650 0.021876 0.577747 0.625353 
0.623085 0.026458 0.585087 0.642164 
0.653541 0.031043 0.615315 0.682881 
0.638961 0.023547 0.606151 0.660412 
0.627688 0.020953 0.596507 0.641565 
0.647582 0.019036 0.620591 0.664319 
0.594238 0.021064 0.564984 0.611321 
0.613946 0.017149 0.589666 0.630031 
0.608075 0.025723 0.577981 0.636176 
0.644379 0.030338 0.600691 0.669164 
0.624719 0.020897 0.594560 0.639375 
0.636157 0.015003 0.615052 0.649688 
0.650536 0.028844 0.624130 0.677815 
0.628467 0.018623 0.611382 0.648213 
0.628028 0.018858 0.599771 0.638686 
0.662999 0.037245 0.618435 0.694133 
0.645781 0.034494 0.600535 0.680288 
0.626940 0.028415 0.593259 0.650748 
0.623763 0.024788 0.592584 0.644012 
0.667335 0.036081 0.615333 0.696812 
0.647179 0.018470 0.624856 0.663497 
0.647351 0.029653 0.613922 0.681527 
0.627186 0.020898 0.604587 0.654654 
0.637120 0.011637 0.622592 0.648390 
0.634064 0.026977 0.598259 0.663087 
0.649589 0.032851 0.619233 0.686912 
0.640480 0.021996 0.613873 0.662211 
0.649270 0.035665 0.604207 0.686852 
0.630776 0.020983 0.609203 0.650102 
0.678034 0.018555 0.655751 0.696835 
0.649736 0.033971 0.614118 0.685940 
0.631493 0.036205 0.598553 0.674574 
0.620955 0.026095 0.588765 0.643633 
0.652903 0.033935 0.613390 0.688205 
0.618010 0.027160 0.578540 0.640556 
0.650515 0.026790 0.627433 0.678534 
0.645831 0.029323 0.620036 0.677639 
0.618719 0.025105 0.590068 0.647304 
0.643914 0.038694 0.600597 0.682964 
0.550664 0.035795 0.504087 0.584465 
0.534300 0.028610 0.493593 0.560158 
0.552677 0.024259 0.519040 0.576964 
0.578898 0.027554 0.540423 0.600204 
0.537094 0.024994 0.508514 0.559775 
0.539508 0.036142 0.487125 0.568150 
0.542288 0.021590 0.511078 0.560765 
0.537040 0.032792 0.490209 0.565771 
0.596165 0.035469 0.547705 0.631149 
0.555028 0.017033 0.535041 0.576214 
0.564183 0.023814 0.531949 0.583607 
0.548882 0.024564 0.518596 0.573428 
0.627814 0.021096 0.604280 0.648244 
0.647745 0.025865 0.613648 0.670637 
0.652103 0.027990 0.624978 0.681836 
0.624057 0.037990 0.577327 0.656828 
0.646904 0.039329 0.591976 0.676045 
0.633206 0.027803 0.605745 0.658411 
0.662584 0.027155 0.633751 0.687591 
0.654631 0.033047 0.615945 0.688678 
0.700153 0.025924 0.674019 0.724621 
0.671474 0.021716 0.649073 0.695285 
0.620137 0.021745 0.589815 0.636258 
0.644006 0.028077 0.612524 0.669414 
0.620538 0.027512 0.596479 0.647104 
0.608740 0.029430 0.567395 0.632783 
0.645606 0.019727 0.624441 0.666138 
0.586662 0.017155 0.570197 0.605854 
0.603583 0.012791 0.584770 0.611825 
0.608837 0.022265 0.576926 0.625871 
0.615750 0.028115 0.581971 0.647134 
0.587781 0.025627 0.556102 0.615719 
0.602880 0.026209 0.572633 0.626601 
0.602751 0.026775 0.564122 0.625979 
0.593378 0.030415 0.557702 0.624826 
0.607332 0.029207 0.580212 0.639607 
0.631193 0.027826 0.599049 0.656562 
0.603764 0.020882 0.582692 0.622832 
0.614021 0.024873 0.592540 0.640700 
0.603694 0.036036 0.552773 0.634882 
0.577773 0.026788 0.543482 0.602950 
0.602158 0.027619 0.573181 0.627360 
0.619043 0.024764 0.590827 0.641613 
0.623574 0.015036 0.607367 0.637048 
0.595076 0.018812 0.576544 0.613563 
0.601537 0.028702 0.564725 0.626747 
0.612060 0.023544 0.586584 0.632281 
0.617980 0.020598 0.595501 0.636730 
0.594380 0.029357 0.562443 0.622655 
0.623364 0.018781 0.595989 0.637290 
0.629030 0.024814 0.600103 0.651941 
0.569155 0.031734 0.528273 0.601592 
0.567048 0.027460 0.528229 0.592971 
0.580456 0.026892 0.549747 0.604382 
0.615835 0.032098 0.582995 0.646269 
0.584538 0.039426 0.540491 0.618318 
0.615968 0.028703 0.577327 0.644370 
0.601469 0.026886 0.573630 0.629444 
0.573026 0.032053 0.542683 0.605189 
0.560910 0.027754 0.520854 0.582415 
0.591463 0.036527 0.539702 0.622521 
0.583509 0.032845 0.545167 0.614867 
0.562552 0.026053 0.531324 0.585080 
0.563290 0.036839 0.513086 0.600749 
0.565938 0.025230 0.540214 0.594082 
