0.613610 0.003110 0.611411 0.615809 
0.573672 0.015059 0.563024 0.584320 
0.585421 0.010813 0.577775 0.593067 
0.618447 0.006289 0.614000 0.622895 
0.595018 0.018667 0.581819 0.608218 
0.620619 0.010388 0.613273 0.627964 
0.585333 0.019140 0.571799 0.598867 
0.596469 0.000083 0.596410 0.596527 
0.574168 0.013241 0.564805 0.583531 
0.586729 0.015049 0.576088 0.597370 
0.561895 0.004704 0.558569 0.565221 
0.561759 0.021472 0.546576 0.576941 
0.581506 0.017710 0.568983 0.594029 
0.624000 0.002008 0.622580 0.625421 
0.603679 0.003468 0.601226 0.606131 
0.628989 0.024481 0.611678 0.646300 
0.602266 0.029800 0.581194 0.623337 
0.617522 0.003354 0.615150 0.619894 
0.611353 0.019419 0.597622 0.625085 
0.613771 0.000656 0.613307 0.614235 
0.620126 0.013755 0.610400 0.629852 
0.606065 0.015095 0.595392 0.616738 
0.585161 0.015950 0.573883 0.596439 
0.630690 0.021281 0.615643 0.645738 
0.592230 0.010684 0.584675 0.599784 
0.602822 0.039895 0.574612 0.631032 
0.601469 0.017805 0.588879 0.614059 
0.601258 0.008229 0.595439 0.607076 
0.586021 0.020003 0.571877 0.600166 
0.633261 0.009416 0.626603 0.639919 
0.585217 0.011635 0.576990 0.593444 
0.599741 0.013888 0.589921 0.609561 
0.589511 0.020370 0.575108 0.603915 
0.582037 0.011167 0.574140 0.589934 
0.606719 0.008587 0.600647 0.612791 
0.605644 0.025512 0.587604 0.623684 
0.598146 0.022809 0.582018 0.614274 
0.562485 0.029557 0.541585 0.583384 
0.597148 0.040154 0.568755 0.625541 
0.577179 0.012308 0.568476 0.585882 
0.578327 0.032200 0.555558 0.601096 
0.559898 0.016517 0.548219 0.571577 
0.602851 0.009872 0.595870 0.609832 
0.559869 0.028229 0.539908 0.579830 
0.567045 0.025558 0.548973 0.585117 
0.596998 0.034888 0.572329 0.621668 
0.558881 0.020839 0.544146 0.573616 
0.528289 0.014890 0.517761 0.538818 
0.557589 0.004709 0.554260 0.560919 
0.612802 0.033162 0.589354 0.636251 
0.568129 0.022620 0.552134 0.584124 
0.601917 0.020479 0.587436 0.616398 
0.570108 0.015660 0.559035 0.581182 
0.595918 0.021893 0.580437 0.611399 
0.631270 0.030539 0.609675 0.652864 
0.572752 0.018088 0.559962 0.585542 
0.605278 0.026558 0.586498 0.624057 
0.637882 0.020765 0.623199 0.652565 
0.622221 0.009341 0.615617 0.628826 
0.624763 0.014716 0.614358 0.635169 
0.520275 0.005077 0.516685 0.523864 
0.525218 0.013139 0.515927 0.534509 
0.539145 0.006273 0.534709 0.543581 
0.553396 0.009079 0.546975 0.559816 
0.527125 0.020823 0.512401 0.541849 
0.537589 0.006075 0.533293 0.541884 
0.532969 0.008306 0.527096 0.538842 
0.576458 0.011280 0.568482 0.584434 
0.595692 0.010441 0.588309 0.603075 
0.564502 0.010249 0.557255 0.571748 
0.572461 0.030873 0.550631 0.594292 
0.579941 0.022407 0.564097 0.595785 
0.560810 0.006360 0.556313 0.565307 
0.577839 0.018489 0.564766 0.590913 
0.585292 0.027272 0.566008 0.604576 
0.608914 0.018904 0.595546 0.622281 
0.577102 0.030944 0.555222 0.598983 
0.559231 0.019543 0.545412 0.573050 
0.580279 0.005517 0.576378 0.584180 
0.592634 0.020633 0.578044 0.607224 
0.595732 0.039145 0.568052 0.623411 
0.579249 0.021107 0.564324 0.594173 
0.596869 0.035074 0.572068 0.621670 
0.591875 0.057418 0.551274 0.632475 
0.562772 0.017989 0.550052 0.575493 
0.563434 0.018888 0.550078 0.576790 
0.594737 0.004938 0.591246 0.598229 
0.582567 0.016725 0.570740 0.594393 
0.583965 0.001610 0.582827 0.585103 
0.602953 0.001697 0.601752 0.604153 
0.620680 0.019417 0.606951 0.634410 
0.597693 0.003276 0.595377 0.600009 
0.619297 0.028054 0.599460 0.639135 
0.621388 0.014323 0.611260 0.631516 
0.591680 0.012041 0.583166 0.600195 
0.605781 0.005433 0.601940 0.609623 
0.601370 0.001180 0.600536 0.602204 
0.610700 0.006501 0.606103 0.615297 
0.596784 0.005987 0.592551 0.601018 
0.580206 0.020465 0.565735 0.594676 
0.548469 0.018022 0.535726 0.561213 
0.576894 0.007564 0.571545 0.582243 
0.519560 0.016084 0.508187 0.530933 
0.518784 0.025987 0.500409 0.537160 
0.559727 0.022419 0.543874 0.575579 
0.536789 0.020494 0.522298 0.551281 
0.544241 0.023212 0.527827 0.560654 
0.590838 0.023301 0.574362 0.607314 
0.547269 0.017330 0.535015 0.559523 
0.583170 0.008921 0.576861 0.589478 
0.558781 0.001136 0.557978 0.559584 
0.571639 0.033080 0.548248 0.595030 
0.533486 0.028949 0.513015 0.553956 
0.550696 0.008352 0.544790 0.556601 
0.655872 0.009072 0.649457 0.662287 
0.664692 0.002411 0.662987 0.666397 
0.644880 0.011796 0.636539 0.653221 
0.623140 0.013307 0.613731 0.632550 
0.608225 0.024723 0.590744 0.625707 
0.639480 0.005584 0.635532 0.643429 
0.616106 0.021145 0.601155 0.631058 
0.620503 0.009105 0.614064 0.626941 
0.605177 0.031883 0.582633 0.627722 
0.636053 0.032243 0.613254 0.658852 
0.671719 0.004834 0.668301 0.675136 
0.657928 0.044341 0.626575 0.689282 
0.658797 0.010613 0.651293 0.666301 
0.588612 0.048834 0.554081 0.623143 
0.582726 0.006179 0.578357 0.587095 
0.527069 0.027196 0.507838 0.546300 
0.552463 0.024775 0.534944 0.569981 
0.534336 0.030058 0.513082 0.555591 
0.583002 0.040837 0.554126 0.611879 
0.610485 0.004224 0.607498 0.613472 
0.574241 0.025884 0.555939 0.592544 
0.581544 0.018677 0.568338 0.594750 
0.526500 0.025387 0.508548 0.544451 
0.570640 0.003257 0.568337 0.572943 
0.595761 0.033209 0.572278 0.619243 
0.631851 0.037243 0.605516 0.658186 
0.569291 0.039902 0.541076 0.597506 
0.637576 0.060114 0.595069 0.680083 
0.610834 0.014904 0.600295 0.621373 
0.621548 0.040904 0.592625 0.650472 
0.650065 0.045610 0.617814 0.682317 
0.589146 0.056119 0.549464 0.628829 
0.638030 0.040031 0.609724 0.666336 
0.658834 0.059211 0.616966 0.700703 
0.641133 0.046757 0.608072 0.674195 
0.602319 0.054251 0.563958 0.640680 
0.591094 0.035817 0.565768 0.616420 
0.625930 0.050763 0.590035 0.661825 
0.536838 0.004495 0.533660 0.540016 
0.526156 0.011439 0.518067 0.534244 
0.522520 0.008262 0.516677 0.528362 
0.497456 0.005993 0.493219 0.501694 
0.513248 0.020506 0.498748 0.527748 
0.523185 0.007686 0.517750 0.528620 
0.512014 0.008824 0.505774 0.518253 
0.502114 0.018113 0.489306 0.514922 
0.541852 0.037290 0.515484 0.568219 
0.521794 0.033989 0.497759 0.545828 
0.522539 0.009163 0.516059 0.529018 
0.530013 0.015524 0.519036 0.540990 
0.531596 0.021618 0.516310 0.546882 
0.608499 0.038032 0.581607 0.635392 
0.673281 0.024744 0.655785 0.690777 
0.610869 0.034882 0.586204 0.635534 
0.638847 0.002132 0.637339 0.640354 
0.653534 0.000579 0.653125 0.653943 
0.656158 0.010481 0.648748 0.663569 
0.600676 0.036789 0.574662 0.626689 
0.628314 0.006016 0.624060 0.632568 
0.638830 0.012267 0.630156 0.647505 
0.638297 0.009566 0.631533 0.645061 
0.667579 0.050622 0.631784 0.703374 
0.637559 0.039335 0.609745 0.665373 
0.670810 0.008331 0.664919 0.676701 
0.609459 0.014342 0.599317 0.619600 
0.512332 0.019802 0.498330 0.526334 
0.513533 0.022444 0.497662 0.529403 
0.572418 0.035337 0.547431 0.597405 
0.545966 0.004647 0.542681 0.549252 
0.525710 0.030434 0.504191 0.547230 
0.534499 0.032880 0.511249 0.557748 
0.505500 0.020283 0.491157 0.519842 
0.544753 0.029214 0.524096 0.565411 
0.506448 0.024682 0.488995 0.523900 
0.563056 0.016269 0.551552 0.574560 
0.538504 0.030126 0.517202 0.559807 
0.542233 0.018955 0.528830 0.555636 
0.538589 0.039178 0.510886 0.566292 
