0.528340 0.102227 0.250655 0.767436 
0.499206 0.099912 0.237712 0.747853 
0.507344 0.092982 0.252198 0.736370 
0.523406 0.102063 0.214008 0.810755 
0.519742 0.103089 0.285358 0.747324 
0.524604 0.101357 0.234356 0.781986 
0.507922 0.098515 0.244444 0.777742 
0.524444 0.091271 0.280991 0.758074 
0.523797 0.095994 0.274582 0.741181 
0.521433 0.092787 0.256538 0.748509 
0.501472 0.098651 0.241569 0.730475 
0.501255 0.094338 0.259640 0.701489 
0.528014 0.101528 0.295225 0.771561 
0.554309 0.093798 0.285830 0.773483 
0.536475 0.089436 0.264151 0.752045 
0.534710 0.085506 0.256057 0.774865 
0.524146 0.089973 0.296681 0.749840 
0.530609 0.086746 0.242005 0.763783 
0.536773 0.087503 0.287246 0.746514 
0.560516 0.096740 0.280457 0.798754 
0.553295 0.090611 0.329028 0.775576 
0.536380 0.085705 0.321460 0.754973 
0.537584 0.087911 0.268272 0.767628 
0.569293 0.089813 0.242067 0.780532 
0.540102 0.088221 0.313969 0.731469 
0.521401 0.085513 0.285538 0.744092 
0.495533 0.077792 0.278259 0.663150 
0.519127 0.076837 0.348430 0.681156 
0.537049 0.084868 0.345316 0.714043 
0.560694 0.081342 0.291205 0.738968 
0.546212 0.080033 0.326050 0.729005 
0.544713 0.080745 0.352553 0.747152 
0.539105 0.081652 0.344539 0.726828 
0.513884 0.082483 0.301555 0.702129 
0.529461 0.080650 0.282159 0.699568 
0.516581 0.084272 0.305468 0.755791 
0.522970 0.077231 0.347290 0.685417 
0.494545 0.088395 0.267495 0.691073 
0.511999 0.094619 0.273149 0.724041 
0.492347 0.090975 0.274803 0.757707 
0.513309 0.094655 0.252252 0.752560 
0.511137 0.090445 0.254134 0.735142 
0.508789 0.095166 0.273049 0.743832 
0.509975 0.090678 0.250057 0.713536 
0.493274 0.088382 0.272035 0.715856 
0.504407 0.089456 0.286804 0.728565 
0.473354 0.087700 0.251019 0.678899 
0.513084 0.092278 0.276571 0.759175 
0.479867 0.089327 0.269193 0.695411 
0.517572 0.086720 0.339960 0.751284 
0.497497 0.088600 0.312215 0.730657 
0.531109 0.086778 0.342515 0.776257 
0.474036 0.080341 0.296856 0.658978 
0.509981 0.085189 0.303701 0.733644 
0.530594 0.079000 0.315952 0.754952 
0.494060 0.088062 0.289820 0.715549 
0.510715 0.088925 0.294392 0.700164 
0.518455 0.085509 0.304888 0.725278 
0.522947 0.083485 0.314590 0.738437 
0.555517 0.087618 0.342965 0.761627 
0.501082 0.085122 0.289057 0.690468 
0.532083 0.087793 0.286700 0.719244 
0.513875 0.087312 0.307856 0.721087 
0.520027 0.086017 0.274750 0.714031 
0.514469 0.091449 0.286412 0.734920 
0.511447 0.085355 0.267816 0.713151 
0.502514 0.086115 0.284478 0.694873 
0.522208 0.090595 0.316796 0.723769 
0.544537 0.084948 0.235642 0.724703 
0.514784 0.090562 0.250945 0.704681 
0.477058 0.080242 0.251910 0.685253 
0.504107 0.086410 0.284537 0.709838 
0.480066 0.085211 0.277555 0.701216 
0.486912 0.083428 0.258352 0.717825 
0.475399 0.083540 0.285871 0.721651 
0.497945 0.090680 0.289657 0.728042 
0.476843 0.081335 0.260968 0.695057 
0.471712 0.080547 0.273207 0.687749 
0.488793 0.073827 0.280768 0.686612 
0.467048 0.085979 0.268842 0.690354 
0.484291 0.080405 0.268502 0.722137 
0.477019 0.082235 0.288557 0.704745 
0.490357 0.081749 0.294771 0.688809 
0.475174 0.078726 0.278648 0.684842 
0.464403 0.078811 0.272660 0.667928 
0.482762 0.084665 0.253699 0.695264 
0.541221 0.090273 0.291696 0.747122 
0.552105 0.090745 0.318070 0.745463 
0.565687 0.093542 0.312247 0.766558 
0.551460 0.093402 0.299351 0.739940 
0.561866 0.091879 0.314596 0.747160 
0.558458 0.084601 0.365344 0.788405 
0.550130 0.089414 0.308470 0.756403 
0.572292 0.087028 0.338334 0.788276 
0.538275 0.086070 0.326463 0.745161 
0.536723 0.093216 0.336791 0.748723 
0.558600 0.093651 0.330082 0.770002 
0.554610 0.092375 0.323932 0.761813 
0.570556 0.090330 0.350168 0.756850 
0.553277 0.087691 0.329895 0.789265 
0.525520 0.072137 0.359601 0.716437 
0.528374 0.077837 0.292170 0.714707 
0.515770 0.076344 0.305878 0.708219 
0.502943 0.072014 0.331148 0.712796 
0.502720 0.074322 0.312093 0.705320 
0.511522 0.073924 0.349987 0.707376 
0.501484 0.075054 0.306147 0.691819 
0.535921 0.081485 0.319584 0.716699 
0.519884 0.071997 0.341135 0.717769 
0.525024 0.077081 0.313927 0.735396 
0.495227 0.076107 0.320661 0.696341 
0.506405 0.072492 0.307823 0.707048 
0.511022 0.071444 0.319374 0.733264 
0.511029 0.078292 0.337016 0.729528 
0.521710 0.094444 0.275747 0.711788 
0.517696 0.095941 0.210044 0.717964 
0.534769 0.093972 0.283533 0.718323 
0.510239 0.096371 0.234059 0.711125 
0.521629 0.095234 0.262661 0.718810 
0.516327 0.093541 0.273332 0.725249 
0.522373 0.097361 0.252460 0.723199 
0.514376 0.093654 0.255025 0.715173 
0.493704 0.093633 0.246026 0.721229 
0.517722 0.093508 0.275002 0.707429 
0.543619 0.096909 0.319341 0.729688 
0.535030 0.093461 0.298165 0.726986 
0.517784 0.095076 0.239303 0.699685 
0.450787 0.085289 0.224376 0.622743 
0.473634 0.082928 0.267444 0.669900 
0.467966 0.086564 0.215372 0.647165 
0.457796 0.080357 0.206770 0.642938 
0.448375 0.084226 0.213582 0.641617 
0.463333 0.085221 0.213239 0.638679 
0.464074 0.080543 0.212160 0.651460 
0.436645 0.078985 0.216464 0.614100 
0.472362 0.082851 0.217845 0.674379 
0.461803 0.082843 0.236129 0.651970 
0.465085 0.081138 0.237622 0.640879 
0.450578 0.080014 0.230432 0.645212 
0.532435 0.085410 0.287697 0.713905 
0.527510 0.090990 0.305545 0.729278 
0.516967 0.089384 0.259969 0.724299 
0.504918 0.090703 0.287048 0.707774 
0.519639 0.091710 0.258871 0.721277 
0.536132 0.086018 0.303013 0.715128 
0.520567 0.089327 0.309906 0.718184 
0.519630 0.082729 0.290209 0.728916 
0.550868 0.088792 0.325469 0.741564 
0.529857 0.085252 0.282187 0.714124 
0.507935 0.080961 0.289604 0.694127 
0.503607 0.086289 0.305813 0.725564 
0.506225 0.086501 0.290051 0.701693 
0.515497 0.090259 0.235461 0.751950 
0.519517 0.099997 0.252411 0.748098 
0.517071 0.089863 0.255787 0.736900 
0.482777 0.085462 0.258625 0.690158 
0.509365 0.091171 0.229772 0.732831 
0.494516 0.085771 0.226326 0.737821 
0.501467 0.087975 0.245395 0.781808 
0.501801 0.082426 0.223654 0.696251 
0.512280 0.088018 0.279169 0.710692 
0.496711 0.082275 0.238159 0.716318 
0.501848 0.087913 0.267256 0.741640 
0.530331 0.093381 0.245850 0.766227 
0.503191 0.089769 0.243157 0.712010 
0.534076 0.102083 0.308134 0.782987 
0.536541 0.094546 0.296724 0.729418 
0.555959 0.100488 0.296873 0.784587 
0.548022 0.102007 0.296965 0.775034 
0.562115 0.102605 0.322743 0.777425 
0.552291 0.108007 0.291072 0.779782 
0.541996 0.102744 0.282139 0.791350 
0.571025 0.097834 0.339897 0.797708 
0.532479 0.098851 0.295478 0.731087 
0.540838 0.098403 0.284117 0.744881 
0.537186 0.102157 0.282113 0.748839 
0.550830 0.104034 0.297550 0.790183 
0.548800 0.103108 0.328080 0.760955 
0.536371 0.103595 0.293171 0.758639 
0.475080 0.067026 0.325551 0.652221 
0.478827 0.070974 0.321864 0.678148 
0.467161 0.063768 0.314368 0.626868 
0.474206 0.076251 0.282081 0.674496 
0.462311 0.068132 0.308742 0.651511 
0.469961 0.074617 0.338558 0.678527 
0.484010 0.072246 0.304897 0.680284 
0.450578 0.066312 0.304591 0.626837 
0.485103 0.075532 0.309939 0.727719 
0.469041 0.074919 0.303403 0.677916 
0.473604 0.073329 0.303415 0.652679 
0.471171 0.072694 0.300187 0.669745 
0.468729 0.065517 0.297257 0.678068 
