0.735364 0.094454 0.444565 0.894228 
0.724735 0.098371 0.447101 0.898616 
0.741049 0.096535 0.476519 0.905498 
0.750861 0.093600 0.469810 0.911606 
0.738065 0.096262 0.457665 0.903167 
0.752020 0.094798 0.467040 0.907603 
0.726164 0.097267 0.455184 0.887881 
0.735706 0.096248 0.424727 0.884780 
0.734765 0.101999 0.479177 0.921667 
0.747333 0.098625 0.476333 0.904313 
0.720722 0.097436 0.451739 0.889542 
0.725879 0.099886 0.433743 0.887203 
0.748005 0.093454 0.501148 0.908721 
0.804279 0.095246 0.481021 0.942050 
0.778959 0.094422 0.487735 0.921621 
0.777543 0.093683 0.470932 0.919508 
0.784867 0.094930 0.469382 0.924707 
0.783034 0.096803 0.483654 0.926220 
0.789700 0.094236 0.468887 0.930787 
0.790717 0.096481 0.505806 0.940192 
0.804178 0.097780 0.494404 0.945407 
0.797467 0.095465 0.478658 0.935014 
0.787350 0.096190 0.471775 0.928976 
0.789789 0.092639 0.471598 0.933808 
0.784879 0.094171 0.482464 0.929182 
0.778532 0.098150 0.474942 0.926309 
0.756543 0.109887 0.426964 0.940211 
0.772909 0.106216 0.430185 0.967505 
0.763369 0.108660 0.445872 0.935071 
0.788581 0.099712 0.430619 0.949011 
0.787097 0.101066 0.479203 0.940757 
0.789317 0.103791 0.452392 0.939108 
0.766369 0.103677 0.447630 0.931802 
0.745597 0.107206 0.433451 0.930225 
0.782535 0.102153 0.480775 0.962840 
0.772326 0.109351 0.437685 0.952300 
0.763199 0.109562 0.420993 0.949986 
0.730746 0.102794 0.432905 0.900658 
0.734464 0.104413 0.410888 0.907683 
0.730053 0.101836 0.435938 0.886683 
0.730728 0.101289 0.396221 0.903814 
0.730308 0.104497 0.406888 0.907598 
0.736699 0.101719 0.415196 0.896394 
0.726664 0.102376 0.447125 0.906779 
0.733502 0.098231 0.428001 0.876142 
0.735028 0.104147 0.392205 0.904681 
0.719822 0.103915 0.411958 0.882376 
0.729327 0.099987 0.408762 0.891805 
0.734846 0.103959 0.419985 0.895711 
0.723228 0.099504 0.445820 0.896531 
0.692648 0.098182 0.405473 0.880446 
0.723749 0.096306 0.464743 0.887334 
0.706457 0.102643 0.426901 0.889039 
0.724019 0.105718 0.438982 0.910554 
0.730013 0.104393 0.437675 0.920891 
0.721242 0.106813 0.438431 0.904856 
0.721520 0.102083 0.434169 0.894644 
0.723422 0.094371 0.452197 0.910124 
0.704458 0.095185 0.446760 0.892456 
0.727431 0.098748 0.449487 0.893860 
0.763435 0.091790 0.472258 0.901690 
0.762288 0.085848 0.491420 0.883333 
0.755104 0.093038 0.489013 0.899051 
0.756333 0.089256 0.457468 0.924231 
0.765922 0.081988 0.477091 0.891201 
0.758931 0.090475 0.461124 0.907217 
0.762611 0.089928 0.481673 0.908956 
0.762585 0.090138 0.474148 0.906432 
0.782985 0.087048 0.493537 0.916940 
0.762076 0.085905 0.484664 0.916894 
0.764479 0.109510 0.427078 0.934596 
0.759832 0.108524 0.458384 0.935178 
0.766316 0.111859 0.439873 0.950938 
0.762365 0.109228 0.450765 0.946572 
0.776538 0.113482 0.431457 0.971939 
0.783456 0.105321 0.468149 0.957342 
0.753033 0.110896 0.453385 0.931350 
0.764930 0.110853 0.444785 0.935357 
0.767188 0.111631 0.434946 0.943066 
0.761098 0.113932 0.421446 0.948775 
0.764779 0.112353 0.433271 0.952694 
0.749390 0.110888 0.437767 0.926414 
0.760540 0.107429 0.409527 0.943582 
0.764910 0.108654 0.437213 0.942573 
0.755316 0.114121 0.450805 0.928192 
0.777367 0.110178 0.445358 0.960448 
0.767651 0.113901 0.423066 0.972901 
0.768694 0.112020 0.441790 0.960438 
0.767345 0.106762 0.437124 0.959929 
0.767355 0.107179 0.444640 0.942117 
0.768917 0.103531 0.458492 0.963452 
0.789103 0.103330 0.457931 0.955105 
0.765190 0.106819 0.438308 0.943557 
0.779381 0.104556 0.461171 0.942646 
0.774769 0.107074 0.436587 0.954283 
0.771717 0.110411 0.428029 0.966218 
0.764114 0.106806 0.443087 0.933247 
0.775666 0.102906 0.453904 0.961518 
0.793573 0.102946 0.472251 0.958181 
0.768840 0.104518 0.443370 0.943753 
0.720938 0.101793 0.450229 0.932164 
0.719494 0.099704 0.466933 0.907329 
0.717380 0.096292 0.443079 0.904507 
0.716717 0.098718 0.432954 0.905209 
0.705030 0.097113 0.460842 0.933647 
0.726532 0.099941 0.436847 0.935807 
0.728190 0.108862 0.448526 0.938950 
0.708673 0.095106 0.447015 0.912726 
0.710658 0.095084 0.443841 0.912958 
0.722603 0.105467 0.436621 0.935649 
0.712390 0.099761 0.455038 0.910315 
0.720943 0.101475 0.467936 0.911535 
0.714251 0.101090 0.447975 0.938525 
0.710045 0.098915 0.450104 0.916954 
0.738660 0.116253 0.430965 0.951343 
0.747957 0.108266 0.452334 0.940569 
0.750488 0.105236 0.427287 0.947328 
0.743548 0.107567 0.418979 0.925915 
0.741201 0.111754 0.428570 0.945547 
0.743051 0.113870 0.421902 0.931974 
0.738896 0.112258 0.411799 0.938209 
0.729816 0.112518 0.414495 0.945250 
0.728383 0.113822 0.401319 0.972480 
0.747609 0.111361 0.409541 0.939858 
0.735620 0.109069 0.419881 0.936553 
0.749392 0.112283 0.445681 0.958315 
0.735101 0.108673 0.418635 0.964072 
0.703566 0.111266 0.388732 0.901687 
0.714321 0.108048 0.332754 0.885695 
0.713261 0.109650 0.349861 0.894897 
0.714320 0.118980 0.318976 0.891328 
0.708931 0.115235 0.362213 0.892499 
0.714403 0.122291 0.327589 0.908669 
0.729393 0.118615 0.331881 0.915151 
0.715703 0.114426 0.414088 0.902876 
0.712996 0.116503 0.342777 0.912998 
0.714367 0.112827 0.320033 0.888278 
0.716563 0.112540 0.374578 0.890991 
0.708733 0.109833 0.342872 0.891069 
0.675773 0.103227 0.346509 0.871890 
0.669981 0.102809 0.364808 0.864851 
0.682091 0.109882 0.335729 0.912372 
0.675317 0.096867 0.396074 0.901152 
0.673881 0.104338 0.346202 0.875541 
0.711221 0.106969 0.392651 0.941854 
0.687959 0.107833 0.365448 0.914435 
0.677950 0.106206 0.383370 0.903955 
0.717733 0.103905 0.436284 0.926283 
0.700523 0.100327 0.422781 0.915595 
0.691577 0.107269 0.351338 0.900959 
0.671378 0.100700 0.353785 0.879560 
0.677898 0.110799 0.377140 0.918010 
0.758212 0.092527 0.443273 0.910187 
0.763774 0.092919 0.448756 0.912752 
0.768111 0.096879 0.439581 0.921031 
0.768190 0.099590 0.454144 0.920932 
0.779773 0.093542 0.446454 0.920551 
0.748627 0.097912 0.415318 0.908836 
0.753343 0.096991 0.444019 0.904871 
0.766880 0.098951 0.414401 0.935807 
0.770771 0.091535 0.450078 0.912865 
0.751781 0.097003 0.463062 0.913979 
0.754164 0.093361 0.442008 0.903831 
0.781376 0.093025 0.460779 0.930701 
0.776418 0.101338 0.449820 0.953434 
0.753150 0.100585 0.451008 0.950414 
0.747386 0.100242 0.457746 0.955461 
0.767686 0.095180 0.471544 0.948423 
0.767455 0.096536 0.483643 0.960639 
0.770949 0.093565 0.492781 0.934156 
0.772640 0.095084 0.484887 0.945634 
0.751918 0.090212 0.497943 0.922456 
0.775383 0.088012 0.479845 0.943051 
0.760436 0.105121 0.451291 0.965535 
0.768945 0.099297 0.476324 0.960399 
0.764701 0.100319 0.476734 0.944007 
0.761964 0.098381 0.485114 0.940552 
0.767848 0.091951 0.451455 0.945772 
0.745718 0.097737 0.494724 0.932728 
0.754414 0.113749 0.415883 0.945842 
0.739332 0.120506 0.400176 0.944841 
0.740263 0.111547 0.440403 0.937320 
0.737891 0.110420 0.430167 0.926841 
0.745938 0.115000 0.403624 0.945920 
0.741435 0.112120 0.397014 0.936979 
0.737699 0.116493 0.415345 0.935193 
0.735424 0.113768 0.406662 0.926646 
0.743672 0.125354 0.423776 0.946288 
0.737181 0.114558 0.395013 0.940299 
0.738166 0.123377 0.397716 0.948602 
0.742814 0.122489 0.404283 0.972910 
0.742944 0.118675 0.425812 0.944882 
