0.590889 0.074957 0.350064 0.753759 
0.583439 0.105413 0.254954 0.764727 
0.583839 0.092151 0.298468 0.750248 
0.592576 0.102243 0.279975 0.805880 
0.592747 0.089680 0.310692 0.747795 
0.579717 0.087068 0.317406 0.792274 
0.600721 0.102511 0.320201 0.769481 
0.575763 0.099063 0.294139 0.751529 
0.607020 0.104283 0.317280 0.792413 
0.575304 0.090396 0.273892 0.765207 
0.584741 0.096153 0.309824 0.770045 
0.605616 0.085778 0.384103 0.829653 
0.600126 0.093097 0.327457 0.792468 
0.633433 0.127949 0.345404 0.848177 
0.599392 0.135310 0.319305 0.830608 
0.610801 0.124527 0.370296 0.848939 
0.616520 0.104776 0.314590 0.821270 
0.595124 0.115503 0.347597 0.794724 
0.615243 0.118593 0.359418 0.854005 
0.601240 0.111103 0.377607 0.798645 
0.651201 0.110690 0.335745 0.827794 
0.615613 0.114093 0.347353 0.824406 
0.625209 0.114416 0.337478 0.816638 
0.628242 0.126382 0.349423 0.826362 
0.612538 0.127396 0.335675 0.805326 
0.609667 0.116350 0.332113 0.836251 
0.579087 0.123892 0.262615 0.784923 
0.599180 0.122949 0.271869 0.824533 
0.583033 0.121871 0.282969 0.805279 
0.591674 0.115357 0.282893 0.810710 
0.617555 0.128742 0.300793 0.841312 
0.609801 0.121368 0.313520 0.810398 
0.594296 0.122039 0.276114 0.790187 
0.603200 0.139928 0.345410 0.873491 
0.591009 0.136566 0.306658 0.801988 
0.606274 0.110002 0.293695 0.825643 
0.576171 0.135342 0.275873 0.805747 
0.550788 0.107164 0.244049 0.716401 
0.557817 0.112839 0.233730 0.725938 
0.578129 0.110623 0.264066 0.758700 
0.543289 0.092730 0.263415 0.731982 
0.568920 0.091409 0.320417 0.734527 
0.570013 0.078669 0.371330 0.700654 
0.568396 0.098202 0.274589 0.747074 
0.561122 0.091921 0.301801 0.741188 
0.570627 0.092155 0.310951 0.769050 
0.560415 0.105048 0.261396 0.757142 
0.566711 0.106955 0.293348 0.720587 
0.562239 0.097330 0.319176 0.733476 
0.615209 0.135355 0.238759 0.803805 
0.553750 0.112854 0.208426 0.737872 
0.570968 0.111566 0.260979 0.782726 
0.591965 0.127427 0.252948 0.811479 
0.564532 0.119134 0.274402 0.769027 
0.582402 0.123146 0.286893 0.799295 
0.571678 0.116617 0.238737 0.771333 
0.553452 0.113388 0.256179 0.768562 
0.590043 0.114188 0.307362 0.808081 
0.548412 0.109163 0.263356 0.763372 
0.566001 0.106451 0.223319 0.733483 
0.604011 0.116944 0.303763 0.832642 
0.604737 0.103883 0.285364 0.838334 
0.623727 0.100158 0.327021 0.805962 
0.561220 0.113097 0.281143 0.821213 
0.638814 0.105613 0.366079 0.837874 
0.605030 0.111486 0.327525 0.814937 
0.639709 0.116610 0.319751 0.854128 
0.624484 0.111038 0.319888 0.829888 
0.620133 0.101166 0.393235 0.794339 
0.611278 0.094333 0.342064 0.826862 
0.539651 0.073932 0.321716 0.701424 
0.552587 0.092654 0.277036 0.771469 
0.531300 0.085415 0.293023 0.721990 
0.508534 0.071956 0.300239 0.666791 
0.538463 0.072917 0.309258 0.718926 
0.569107 0.087426 0.341474 0.734031 
0.504791 0.075251 0.265384 0.686559 
0.527601 0.077433 0.306128 0.691992 
0.571406 0.087068 0.312487 0.751757 
0.548547 0.086208 0.259535 0.725190 
0.558314 0.089586 0.292936 0.763042 
0.531174 0.080227 0.275481 0.685511 
0.503946 0.069789 0.307305 0.666007 
0.517978 0.071231 0.284177 0.673406 
0.521818 0.072939 0.303679 0.670864 
0.518824 0.090424 0.256796 0.730837 
0.505901 0.079574 0.345273 0.726268 
0.501631 0.074987 0.362656 0.736318 
0.507349 0.103868 0.327732 0.744897 
0.524417 0.079450 0.343774 0.726257 
0.502893 0.083430 0.352860 0.745861 
0.526348 0.098600 0.347981 0.777468 
0.500676 0.105160 0.319054 0.745586 
0.545447 0.087032 0.345963 0.731608 
0.528218 0.083674 0.378083 0.779006 
0.558114 0.075501 0.345779 0.770370 
0.510428 0.084048 0.330630 0.743943 
0.526980 0.086133 0.371303 0.742288 
0.551514 0.075726 0.277200 0.696954 
0.512885 0.066629 0.375733 0.657422 
0.582309 0.129410 0.261438 0.872708 
0.585046 0.095197 0.277703 0.786942 
0.497599 0.092233 0.203353 0.697444 
0.511866 0.086723 0.320901 0.687050 
0.540884 0.125273 0.282656 0.784004 
0.599439 0.115793 0.282194 0.787203 
0.591679 0.108494 0.295079 0.756122 
0.545992 0.077527 0.305514 0.719430 
0.527764 0.098699 0.239234 0.706590 
0.532936 0.108475 0.244488 0.772154 
0.538287 0.097645 0.277389 0.706535 
0.554363 0.086913 0.312296 0.710449 
0.524708 0.087782 0.285113 0.695673 
0.570533 0.108779 0.226712 0.739952 
0.581996 0.116107 0.306412 0.795763 
0.603003 0.127419 0.311765 0.821240 
0.602569 0.114475 0.319965 0.762246 
0.605594 0.130981 0.280803 0.827332 
0.614745 0.117843 0.393291 0.822384 
0.619729 0.136117 0.271686 0.849396 
0.596945 0.115800 0.293283 0.771097 
0.592113 0.135478 0.212427 0.797343 
0.613367 0.117632 0.322219 0.830370 
0.609307 0.120172 0.256911 0.819157 
0.599544 0.120665 0.281301 0.823703 
0.604763 0.139010 0.329449 0.828874 
0.588231 0.105437 0.359587 0.807337 
0.517354 0.106284 0.247186 0.708649 
0.520014 0.106126 0.277322 0.732707 
0.536281 0.120753 0.263007 0.764581 
0.539494 0.095228 0.290094 0.717123 
0.506629 0.105473 0.256107 0.703870 
0.522556 0.125560 0.246226 0.727001 
0.544966 0.141187 0.240459 0.758765 
0.533920 0.115717 0.236498 0.719567 
0.545067 0.137232 0.265010 0.745412 
0.542699 0.114321 0.263874 0.740635 
0.540527 0.123550 0.253901 0.749558 
0.517233 0.106289 0.272079 0.691105 
0.560709 0.124581 0.248910 0.756563 
0.570614 0.135213 0.252343 0.776620 
0.571198 0.135357 0.272209 0.800441 
0.546897 0.125227 0.249935 0.746701 
0.553062 0.114415 0.286147 0.729657 
0.607169 0.138590 0.288131 0.826506 
0.586082 0.137804 0.254098 0.812110 
0.582734 0.126339 0.256336 0.806097 
0.610304 0.138238 0.333549 0.815935 
0.568171 0.127156 0.284036 0.777064 
0.572916 0.133152 0.247909 0.813724 
0.589231 0.125422 0.305783 0.808945 
0.585572 0.118317 0.269235 0.757132 
0.623717 0.113920 0.380471 0.833110 
0.578514 0.077786 0.340811 0.771346 
0.575491 0.090533 0.320718 0.748363 
0.572885 0.100027 0.340841 0.752391 
0.594305 0.116048 0.349027 0.807920 
0.581396 0.096511 0.349990 0.763777 
0.580633 0.095322 0.371330 0.787427 
0.591502 0.088470 0.354688 0.797260 
0.582691 0.081198 0.396888 0.785494 
0.565921 0.080410 0.383937 0.778269 
0.578109 0.091836 0.388313 0.778911 
0.605569 0.100113 0.365507 0.800343 
0.594584 0.097661 0.339290 0.775359 
0.571890 0.084434 0.388234 0.753166 
0.551198 0.083843 0.395746 0.766869 
0.551475 0.081494 0.389028 0.708816 
0.559163 0.085298 0.381979 0.777801 
0.560515 0.082800 0.382960 0.769954 
0.576742 0.078562 0.394720 0.759710 
0.573342 0.076867 0.406242 0.740234 
0.572959 0.079956 0.362794 0.756292 
0.543089 0.086091 0.394500 0.726958 
0.551509 0.087178 0.380622 0.749904 
0.553661 0.095625 0.362405 0.765593 
0.550659 0.103115 0.344319 0.756759 
0.575201 0.093695 0.380219 0.775028 
0.555605 0.089358 0.322880 0.736782 
0.558785 0.116212 0.361214 0.800153 
0.563111 0.132245 0.295917 0.812975 
0.541913 0.135784 0.279885 0.811468 
0.562603 0.105121 0.333359 0.787825 
0.558276 0.124635 0.266247 0.772634 
0.551744 0.142605 0.301235 0.814014 
0.552684 0.134973 0.281090 0.777526 
0.536732 0.129769 0.260862 0.786122 
0.548551 0.115829 0.271466 0.793632 
0.562269 0.136868 0.316337 0.799344 
0.571151 0.133127 0.313043 0.786786 
0.542639 0.109585 0.315285 0.803263 
0.548078 0.130177 0.315281 0.803458 
