0.648333 0.076378 0.501745 0.788906 
0.667142 0.079749 0.471294 0.778606 
0.616991 0.076530 0.449447 0.735795 
0.681766 0.075941 0.450906 0.813821 
0.672527 0.080796 0.399755 0.770752 
0.661514 0.072649 0.506235 0.797162 
0.610109 0.065597 0.434697 0.738388 
0.615005 0.070264 0.385997 0.741409 
0.619008 0.071954 0.412727 0.724655 
0.675293 0.078529 0.487261 0.822856 
0.625706 0.068413 0.456184 0.744323 
0.657686 0.085291 0.463627 0.775296 
0.667841 0.082377 0.500674 0.792854 
0.650280 0.081721 0.459627 0.775930 
0.622158 0.080948 0.374316 0.751082 
0.619399 0.072427 0.435462 0.736334 
0.624891 0.086201 0.374479 0.753821 
0.618282 0.082505 0.391758 0.755319 
0.641904 0.079993 0.396564 0.747639 
0.622615 0.082178 0.431857 0.762819 
0.662606 0.068207 0.494292 0.786031 
0.658260 0.078415 0.451398 0.767363 
0.611873 0.078759 0.430581 0.732524 
0.666174 0.096941 0.354607 0.785388 
0.678588 0.096554 0.379492 0.793625 
0.628856 0.072398 0.431154 0.759064 
0.678372 0.086796 0.489390 0.821895 
0.695915 0.058104 0.511077 0.774708 
0.700292 0.059625 0.555441 0.808762 
0.700084 0.073613 0.487657 0.815002 
0.740107 0.070580 0.548866 0.825756 
0.709320 0.068587 0.559386 0.806490 
0.701497 0.063250 0.483318 0.800904 
0.675152 0.061285 0.477634 0.779297 
0.717862 0.072126 0.554025 0.829572 
0.687009 0.065291 0.474973 0.808651 
0.673215 0.072994 0.504906 0.808349 
0.650367 0.087741 0.395791 0.786155 
0.634520 0.081285 0.448007 0.763661 
0.665976 0.080293 0.496229 0.809595 
0.640380 0.070952 0.462255 0.747135 
0.645981 0.086619 0.407317 0.764736 
0.642305 0.078370 0.394315 0.752290 
0.666261 0.069974 0.488125 0.796059 
0.642833 0.083487 0.465660 0.799129 
0.650540 0.083371 0.418833 0.786207 
0.616089 0.076493 0.433502 0.771583 
0.640504 0.083539 0.478394 0.790541 
0.640221 0.080971 0.491721 0.803769 
0.636983 0.054085 0.499123 0.742316 
0.596031 0.080620 0.438890 0.734313 
0.605772 0.064242 0.450143 0.753420 
0.588094 0.074439 0.334469 0.738794 
0.559084 0.053156 0.408018 0.653946 
0.579070 0.053924 0.425890 0.692145 
0.593111 0.068241 0.349594 0.705463 
0.583784 0.055970 0.429375 0.688365 
0.595704 0.063010 0.375754 0.693957 
0.600565 0.058759 0.400866 0.696721 
0.573634 0.064890 0.421753 0.694000 
0.639221 0.072244 0.436934 0.768314 
0.654490 0.077473 0.398255 0.755763 
0.629155 0.089231 0.349004 0.763850 
0.640390 0.074339 0.453306 0.780782 
0.645758 0.079284 0.371944 0.786873 
0.613636 0.071735 0.443803 0.738755 
0.649553 0.088414 0.377300 0.788259 
0.666572 0.087605 0.385856 0.784149 
0.639837 0.078002 0.367885 0.755675 
0.631103 0.071665 0.415720 0.768122 
0.612140 0.059911 0.457110 0.733625 
0.585001 0.062716 0.458391 0.709630 
0.617155 0.072121 0.456312 0.738868 
0.604733 0.066465 0.445017 0.719441 
0.625131 0.056296 0.459588 0.718857 
0.631491 0.060459 0.491103 0.743760 
0.610969 0.057565 0.475939 0.712969 
0.630531 0.071310 0.477273 0.756572 
0.628751 0.063076 0.488655 0.740636 
0.609782 0.059746 0.459530 0.714893 
0.620481 0.061759 0.494257 0.736572 
0.614862 0.068265 0.466548 0.745921 
0.601449 0.053693 0.467725 0.687389 
0.628468 0.064425 0.452046 0.717727 
0.590298 0.059740 0.450455 0.698368 
0.599330 0.063702 0.474369 0.742087 
0.628203 0.073074 0.452867 0.734061 
0.641485 0.089158 0.350356 0.740002 
0.631538 0.061403 0.449158 0.715117 
0.614502 0.084263 0.355422 0.733535 
0.658261 0.078390 0.469593 0.799886 
0.643346 0.079307 0.381410 0.756976 
0.618019 0.089777 0.330101 0.729104 
0.653920 0.088787 0.373677 0.754643 
0.653054 0.087771 0.447255 0.793440 
0.630635 0.092734 0.424949 0.785939 
0.644105 0.083242 0.484621 0.768315 
0.641425 0.056090 0.498759 0.721000 
0.683140 0.063877 0.517885 0.777889 
0.613768 0.085050 0.440833 0.742810 
0.652437 0.081553 0.478321 0.771366 
0.652248 0.097178 0.434070 0.807566 
0.583565 0.072318 0.420062 0.698321 
0.610843 0.078552 0.428086 0.735606 
0.627211 0.074184 0.456855 0.757204 
0.633091 0.078987 0.466549 0.753519 
0.614290 0.091842 0.416082 0.757387 
0.613130 0.074329 0.403651 0.739203 
0.642009 0.102646 0.411829 0.802855 
0.640133 0.081020 0.456188 0.764024 
0.598091 0.086780 0.394735 0.739351 
0.616577 0.081073 0.425856 0.752719 
0.601891 0.085579 0.419548 0.760881 
0.625429 0.092029 0.368668 0.764855 
0.634295 0.094674 0.408468 0.808708 
0.600980 0.114538 0.232336 0.773313 
0.653665 0.092197 0.438603 0.818006 
0.663902 0.107940 0.396671 0.816897 
0.659891 0.102875 0.449579 0.829926 
0.636495 0.096081 0.411904 0.822709 
0.665041 0.120347 0.388866 0.848826 
0.639980 0.099985 0.444360 0.811384 
0.591587 0.101507 0.342308 0.773365 
0.609503 0.101138 0.364468 0.771000 
0.620973 0.105168 0.365284 0.798730 
0.671628 0.114374 0.409287 0.828214 
0.658159 0.108996 0.460419 0.839968 
0.620834 0.082161 0.424456 0.766631 
0.561660 0.065491 0.428025 0.676384 
0.616003 0.070555 0.409349 0.718661 
0.572733 0.062539 0.374232 0.684537 
0.593634 0.079578 0.452921 0.746500 
0.605818 0.065163 0.470877 0.728287 
0.595971 0.065710 0.439181 0.716864 
0.629503 0.067850 0.485634 0.757780 
0.681091 0.070908 0.477779 0.816556 
0.572977 0.069128 0.425013 0.684163 
0.587641 0.053020 0.450267 0.678426 
0.594515 0.073079 0.452122 0.756062 
0.630498 0.090575 0.325798 0.742488 
0.619324 0.089560 0.361861 0.755599 
0.642432 0.096648 0.346208 0.801124 
0.641285 0.081916 0.389212 0.765368 
0.680275 0.090997 0.428956 0.813956 
0.683043 0.091462 0.473924 0.836342 
0.658309 0.088202 0.406145 0.783619 
0.640791 0.086110 0.389717 0.774433 
0.683883 0.088623 0.500060 0.806873 
0.635380 0.089610 0.368068 0.765494 
0.619328 0.080485 0.402431 0.759389 
0.644739 0.084356 0.365699 0.753760 
0.680961 0.086505 0.463883 0.840250 
0.686082 0.077652 0.496856 0.809139 
0.674412 0.069158 0.542375 0.813577 
0.637953 0.078329 0.459492 0.746583 
0.632870 0.073859 0.460259 0.750327 
0.659705 0.077452 0.468282 0.810832 
0.674655 0.074868 0.480603 0.798098 
0.634703 0.073488 0.490642 0.772620 
0.667956 0.079803 0.474961 0.784014 
0.671865 0.065468 0.521291 0.773169 
0.604847 0.062853 0.439350 0.703217 
0.637659 0.070922 0.470176 0.740896 
0.657135 0.077433 0.456826 0.795439 
0.680242 0.077848 0.510850 0.815194 
0.636960 0.077865 0.431204 0.772749 
0.639275 0.084726 0.459234 0.795760 
0.674612 0.072029 0.441436 0.812942 
0.640603 0.072720 0.439932 0.776737 
0.662420 0.075757 0.451601 0.803151 
0.672442 0.082947 0.455314 0.822117 
0.661058 0.074208 0.497990 0.814437 
0.677413 0.092584 0.450653 0.800046 
0.680171 0.093333 0.452573 0.804877 
0.662416 0.074462 0.497459 0.807267 
0.617520 0.076407 0.444416 0.746095 
0.660717 0.070619 0.486361 0.767971 
0.662342 0.084976 0.458321 0.800677 
0.667558 0.067373 0.509574 0.803486 
0.626419 0.072428 0.436593 0.735690 
0.620486 0.081501 0.391798 0.745582 
0.620872 0.065818 0.432370 0.720050 
0.602272 0.086374 0.425072 0.755665 
0.593504 0.067986 0.434361 0.729363 
0.665121 0.053282 0.527449 0.757321 
0.636368 0.072178 0.446162 0.781585 
0.584013 0.065010 0.385208 0.685028 
0.589674 0.069535 0.410922 0.718665 
0.662610 0.089553 0.443069 0.806912 
0.634650 0.088220 0.394423 0.775598 
0.569977 0.053785 0.431126 0.681514 
0.632944 0.080633 0.416099 0.757337 
