0.000835 0.000085 0.000619 0.001307 
0.000811 0.000088 0.000612 0.001272 
0.000833 0.000081 0.000633 0.001265 
0.000845 0.000083 0.000656 0.001243 
0.000842 0.000091 0.000604 0.001386 
0.000843 0.000081 0.000648 0.001242 
0.000834 0.000088 0.000630 0.001295 
0.000850 0.000081 0.000647 0.001183 
0.000804 0.000089 0.000575 0.001225 
0.000858 0.000088 0.000640 0.001438 
0.000826 0.000081 0.000651 0.001311 
0.000832 0.000085 0.000597 0.001207 
0.000851 0.000088 0.000614 0.001222 
0.000799 0.000091 0.000590 0.001357 
0.000805 0.000089 0.000620 0.001352 
0.000788 0.000095 0.000595 0.001420 
0.000805 0.000093 0.000562 0.001499 
0.000824 0.000091 0.000617 0.001430 
0.000787 0.000086 0.000585 0.001270 
0.000798 0.000098 0.000583 0.001469 
0.000793 0.000090 0.000609 0.001397 
0.000789 0.000088 0.000584 0.001234 
0.000791 0.000091 0.000569 0.001447 
0.000780 0.000097 0.000576 0.001457 
0.000793 0.000092 0.000595 0.001340 
0.000805 0.000087 0.000633 0.001451 
0.000830 0.000078 0.000614 0.001190 
0.000798 0.000097 0.000588 0.001533 
0.000829 0.000090 0.000572 0.001426 
0.000828 0.000080 0.000602 0.001329 
0.000849 0.000084 0.000632 0.001315 
0.000838 0.000079 0.000598 0.001284 
0.000823 0.000087 0.000576 0.001405 
0.000820 0.000078 0.000587 0.001142 
0.000850 0.000096 0.000636 0.001485 
0.000809 0.000080 0.000555 0.001349 
0.000852 0.000086 0.000620 0.001404 
0.000845 0.000083 0.000571 0.001177 
0.000845 0.000088 0.000589 0.001258 
0.000830 0.000083 0.000587 0.001154 
0.000833 0.000083 0.000620 0.001167 
0.000844 0.000079 0.000601 0.001277 
0.000812 0.000084 0.000625 0.001249 
0.000837 0.000081 0.000622 0.001223 
0.000838 0.000080 0.000594 0.001167 
0.000845 0.000092 0.000556 0.001418 
0.000845 0.000075 0.000617 0.001124 
0.000834 0.000082 0.000636 0.001174 
0.000865 0.000074 0.000668 0.001163 
0.000962 0.000153 0.000663 0.002468 
0.000922 0.000148 0.000608 0.002064 
0.000942 0.000158 0.000578 0.002358 
0.000968 0.000176 0.000657 0.002164 
0.000942 0.000140 0.000626 0.002239 
0.000941 0.000162 0.000584 0.002408 
0.000928 0.000128 0.000655 0.001986 
0.000942 0.000147 0.000646 0.002273 
0.000961 0.000175 0.000623 0.002429 
0.000945 0.000160 0.000595 0.002250 
0.000946 0.000176 0.000604 0.002470 
0.000787 0.000098 0.000574 0.001239 
0.000791 0.000110 0.000542 0.001382 
0.000792 0.000094 0.000581 0.001295 
0.000790 0.000101 0.000582 0.001456 
0.000780 0.000102 0.000567 0.001356 
0.000776 0.000096 0.000579 0.001322 
0.000792 0.000099 0.000575 0.001466 
0.000783 0.000102 0.000578 0.001470 
0.000795 0.000118 0.000521 0.001462 
0.000780 0.000097 0.000569 0.001315 
0.000842 0.000078 0.000632 0.001269 
0.000826 0.000089 0.000628 0.001501 
0.000823 0.000078 0.000659 0.001371 
0.000814 0.000086 0.000541 0.001342 
0.000838 0.000077 0.000604 0.001412 
0.000856 0.000078 0.000615 0.001288 
0.000844 0.000083 0.000633 0.001322 
0.000847 0.000080 0.000604 0.001400 
0.000837 0.000075 0.000678 0.001311 
0.000847 0.000084 0.000596 0.001451 
0.000846 0.000090 0.000594 0.001529 
0.000851 0.000081 0.000674 0.001464 
0.000849 0.000079 0.000659 0.001314 
0.000811 0.000083 0.000537 0.001293 
0.000836 0.000082 0.000623 0.001403 
0.000801 0.000092 0.000568 0.001365 
0.000830 0.000098 0.000617 0.001485 
0.000804 0.000105 0.000607 0.001437 
0.000828 0.000106 0.000643 0.001622 
0.000814 0.000103 0.000608 0.001533 
0.000829 0.000099 0.000642 0.001452 
0.000835 0.000105 0.000530 0.001629 
0.000820 0.000098 0.000584 0.001412 
0.000826 0.000106 0.000573 0.001658 
0.000831 0.000098 0.000598 0.001594 
0.000816 0.000109 0.000567 0.001670 
0.000810 0.000101 0.000608 0.001535 
0.000843 0.000095 0.000633 0.001387 
0.000838 0.000094 0.000638 0.001420 
0.000811 0.000100 0.000611 0.001557 
0.000874 0.000132 0.000671 0.002360 
0.000859 0.000155 0.000620 0.002311 
0.000913 0.000138 0.000693 0.002117 
0.000851 0.000131 0.000632 0.002099 
0.000870 0.000145 0.000630 0.002050 
0.000870 0.000140 0.000667 0.002165 
0.000880 0.000126 0.000670 0.002065 
0.000843 0.000162 0.000608 0.002341 
0.000881 0.000149 0.000644 0.002321 
0.000843 0.000147 0.000635 0.002208 
0.000867 0.000133 0.000661 0.001934 
0.000837 0.000145 0.000594 0.002093 
0.000882 0.000121 0.000662 0.002009 
0.000858 0.000149 0.000631 0.002165 
0.000855 0.000114 0.000557 0.001516 
0.000865 0.000104 0.000582 0.001616 
0.000873 0.000106 0.000573 0.001606 
0.000872 0.000098 0.000610 0.001466 
0.000859 0.000109 0.000611 0.001664 
0.000868 0.000094 0.000576 0.001398 
0.000878 0.000101 0.000639 0.001572 
0.000877 0.000099 0.000583 0.001438 
0.000852 0.000103 0.000546 0.001593 
0.000858 0.000099 0.000584 0.001563 
0.000852 0.000103 0.000609 0.001611 
0.000864 0.000100 0.000613 0.001423 
0.000853 0.000107 0.000532 0.001409 
0.000843 0.000115 0.000584 0.001733 
0.000829 0.000122 0.000556 0.001776 
0.000853 0.000114 0.000586 0.001797 
0.000848 0.000111 0.000582 0.001493 
0.000856 0.000118 0.000599 0.001743 
0.000847 0.000122 0.000571 0.001796 
0.000850 0.000122 0.000561 0.001873 
0.000856 0.000117 0.000609 0.001721 
0.000849 0.000117 0.000589 0.001754 
0.000847 0.000118 0.000584 0.001637 
0.000850 0.000112 0.000593 0.001698 
0.000819 0.000113 0.000543 0.001684 
0.000973 0.000194 0.000625 0.002632 
0.000937 0.000188 0.000559 0.002511 
0.000962 0.000200 0.000590 0.002562 
0.000961 0.000183 0.000609 0.002261 
0.000927 0.000177 0.000565 0.002525 
0.000947 0.000163 0.000609 0.002326 
0.000953 0.000187 0.000584 0.002532 
0.000979 0.000189 0.000597 0.002325 
0.000927 0.000164 0.000574 0.002481 
0.000964 0.000188 0.000570 0.002390 
0.000957 0.000179 0.000597 0.002428 
0.000952 0.000197 0.000578 0.002451 
0.000929 0.000177 0.000557 0.002420 
0.000896 0.000142 0.000649 0.001819 
0.000896 0.000141 0.000599 0.001704 
0.000889 0.000143 0.000634 0.001830 
0.000931 0.000131 0.000670 0.001676 
0.000894 0.000141 0.000616 0.001654 
0.000887 0.000144 0.000639 0.001750 
0.000876 0.000142 0.000624 0.001721 
0.000889 0.000150 0.000590 0.001808 
0.000868 0.000148 0.000601 0.001686 
0.000884 0.000142 0.000610 0.001770 
0.000886 0.000146 0.000617 0.001618 
0.000895 0.000152 0.000589 0.001792 
0.000869 0.000143 0.000606 0.001762 
0.000868 0.000111 0.000664 0.001541 
0.000863 0.000125 0.000625 0.001813 
0.000865 0.000106 0.000596 0.001520 
0.000883 0.000119 0.000598 0.001680 
0.000871 0.000107 0.000633 0.001496 
0.000876 0.000115 0.000617 0.001548 
0.000861 0.000108 0.000635 0.001481 
0.000866 0.000118 0.000604 0.001760 
0.000854 0.000111 0.000665 0.001540 
0.000877 0.000105 0.000651 0.001593 
0.000854 0.000121 0.000623 0.001833 
0.000859 0.000117 0.000585 0.001600 
0.000880 0.000113 0.000632 0.001584 
0.000861 0.000117 0.000611 0.001645 
0.000911 0.000127 0.000686 0.001861 
0.000822 0.000131 0.000608 0.002027 
0.000861 0.000133 0.000654 0.002094 
0.000868 0.000122 0.000673 0.001991 
0.000857 0.000123 0.000658 0.001987 
0.000833 0.000135 0.000622 0.001999 
0.000975 0.000169 0.000730 0.002237 
0.000841 0.000131 0.000638 0.001961 
0.000908 0.000140 0.000641 0.002063 
0.000872 0.000134 0.000643 0.002063 
0.000893 0.000144 0.000637 0.002149 
0.000823 0.000118 0.000611 0.001919 
0.000854 0.000128 0.000633 0.002074 
