0.000996 0.000048 0.000870 0.001097 
0.000982 0.000035 0.000903 0.001076 
0.000972 0.000038 0.000864 0.001058 
0.000984 0.000043 0.000889 0.001102 
0.001002 0.000045 0.000875 0.001141 
0.001015 0.000045 0.000897 0.001134 
0.001015 0.000055 0.000892 0.001153 
0.001015 0.000037 0.000888 0.001090 
0.000968 0.000032 0.000859 0.001036 
0.000979 0.000042 0.000867 0.001085 
0.000985 0.000054 0.000869 0.001109 
0.001011 0.000050 0.000878 0.001122 
0.000991 0.000047 0.000874 0.001105 
0.001028 0.000086 0.000845 0.001294 
0.001033 0.000104 0.000858 0.001348 
0.001038 0.000085 0.000889 0.001295 
0.001024 0.000067 0.000873 0.001244 
0.001051 0.000117 0.000869 0.001460 
0.001041 0.000085 0.000895 0.001346 
0.001052 0.000090 0.000900 0.001358 
0.001056 0.000088 0.000903 0.001325 
0.001015 0.000083 0.000859 0.001243 
0.001000 0.000064 0.000861 0.001206 
0.001025 0.000080 0.000873 0.001241 
0.001027 0.000081 0.000902 0.001298 
0.001021 0.000083 0.000889 0.001301 
0.000928 0.000030 0.000862 0.001012 
0.000946 0.000041 0.000847 0.001060 
0.000937 0.000036 0.000849 0.001040 
0.000944 0.000056 0.000833 0.001113 
0.000957 0.000047 0.000849 0.001093 
0.000924 0.000052 0.000818 0.001053 
0.000946 0.000044 0.000857 0.001071 
0.000919 0.000043 0.000839 0.001048 
0.000968 0.000039 0.000890 0.001090 
0.000917 0.000043 0.000834 0.001040 
0.000937 0.000044 0.000852 0.001055 
0.001026 0.000043 0.000902 0.001126 
0.001049 0.000047 0.000926 0.001165 
0.001054 0.000044 0.000944 0.001155 
0.001038 0.000055 0.000914 0.001180 
0.001044 0.000047 0.000943 0.001149 
0.001046 0.000055 0.000884 0.001193 
0.001036 0.000040 0.000935 0.001119 
0.001063 0.000044 0.000957 0.001164 
0.001054 0.000049 0.000920 0.001199 
0.001020 0.000050 0.000911 0.001150 
0.001024 0.000045 0.000917 0.001157 
0.001013 0.000043 0.000915 0.001127 
0.001041 0.000075 0.000857 0.001195 
0.001030 0.000052 0.000903 0.001181 
0.001014 0.000054 0.000873 0.001123 
0.001016 0.000068 0.000806 0.001180 
0.001024 0.000054 0.000875 0.001207 
0.001053 0.000078 0.000896 0.001211 
0.001027 0.000061 0.000881 0.001177 
0.001023 0.000059 0.000833 0.001176 
0.001045 0.000063 0.000874 0.001188 
0.001010 0.000057 0.000869 0.001142 
0.001044 0.000062 0.000867 0.001190 
0.001071 0.000082 0.000943 0.001264 
0.001061 0.000066 0.000904 0.001208 
0.001062 0.000073 0.000926 0.001234 
0.001112 0.000070 0.000944 0.001321 
0.001061 0.000066 0.000921 0.001250 
0.001083 0.000072 0.000938 0.001264 
0.001078 0.000059 0.000946 0.001213 
0.001056 0.000081 0.000909 0.001243 
0.001060 0.000070 0.000936 0.001233 
0.001036 0.000072 0.000871 0.001176 
0.000999 0.000048 0.000881 0.001111 
0.000985 0.000042 0.000878 0.001089 
0.001016 0.000053 0.000877 0.001164 
0.001042 0.000069 0.000850 0.001188 
0.001007 0.000059 0.000869 0.001139 
0.001050 0.000054 0.000934 0.001174 
0.001012 0.000058 0.000868 0.001137 
0.001021 0.000057 0.000888 0.001151 
0.001023 0.000050 0.000894 0.001166 
0.001032 0.000051 0.000910 0.001184 
0.001017 0.000041 0.000910 0.001108 
0.001018 0.000052 0.000881 0.001157 
0.001024 0.000057 0.000909 0.001196 
0.001004 0.000062 0.000874 0.001160 
0.001005 0.000059 0.000855 0.001170 
0.001021 0.000048 0.000896 0.001141 
0.000991 0.000062 0.000824 0.001129 
0.001026 0.000079 0.000864 0.001190 
0.001014 0.000061 0.000842 0.001160 
0.001007 0.000056 0.000838 0.001139 
0.000983 0.000052 0.000864 0.001108 
0.000997 0.000058 0.000823 0.001151 
0.000999 0.000055 0.000887 0.001132 
0.001002 0.000069 0.000855 0.001169 
0.000983 0.000055 0.000823 0.001121 
0.000958 0.000050 0.000820 0.001078 
0.001019 0.000066 0.000862 0.001165 
0.000981 0.000065 0.000804 0.001162 
0.000987 0.000066 0.000845 0.001170 
0.001030 0.000079 0.000861 0.001224 
0.001002 0.000051 0.000885 0.001117 
0.001024 0.000056 0.000892 0.001155 
0.000988 0.000039 0.000907 0.001096 
0.001022 0.000069 0.000894 0.001217 
0.000983 0.000052 0.000870 0.001145 
0.000976 0.000036 0.000876 0.001091 
0.000982 0.000042 0.000898 0.001112 
0.000980 0.000057 0.000875 0.001135 
0.000974 0.000041 0.000870 0.001098 
0.000976 0.000059 0.000849 0.001137 
0.001012 0.000058 0.000894 0.001160 
0.000967 0.000057 0.000801 0.001105 
0.000986 0.000037 0.000888 0.001076 
0.000974 0.000034 0.000899 0.001082 
0.001048 0.000071 0.000922 0.001259 
0.001035 0.000097 0.000821 0.001350 
0.001044 0.000087 0.000888 0.001361 
0.001051 0.000090 0.000845 0.001387 
0.001052 0.000096 0.000888 0.001379 
0.001043 0.000096 0.000856 0.001405 
0.001070 0.000073 0.000917 0.001373 
0.001061 0.000080 0.000924 0.001374 
0.001000 0.000078 0.000855 0.001222 
0.001018 0.000091 0.000879 0.001374 
0.001048 0.000104 0.000869 0.001392 
0.001039 0.000091 0.000850 0.001294 
0.001004 0.000104 0.000818 0.001348 
0.001036 0.000036 0.000932 0.001132 
0.001042 0.000049 0.000912 0.001181 
0.001022 0.000052 0.000887 0.001148 
0.001027 0.000052 0.000884 0.001173 
0.001024 0.000055 0.000895 0.001155 
0.001010 0.000045 0.000877 0.001126 
0.000994 0.000047 0.000879 0.001110 
0.001031 0.000050 0.000920 0.001163 
0.000993 0.000045 0.000892 0.001096 
0.001034 0.000054 0.000877 0.001155 
0.001051 0.000049 0.000914 0.001190 
0.001043 0.000047 0.000928 0.001181 
0.000971 0.000049 0.000864 0.001103 
0.000946 0.000047 0.000822 0.001075 
0.000957 0.000060 0.000811 0.001106 
0.000956 0.000056 0.000836 0.001103 
0.000960 0.000053 0.000850 0.001077 
0.000980 0.000060 0.000829 0.001126 
0.000947 0.000050 0.000834 0.001077 
0.000974 0.000058 0.000852 0.001112 
0.000978 0.000066 0.000802 0.001137 
0.000945 0.000062 0.000802 0.001115 
0.000970 0.000044 0.000847 0.001078 
0.000977 0.000053 0.000863 0.001111 
0.000967 0.000055 0.000871 0.001102 
0.001024 0.000063 0.000879 0.001178 
0.001007 0.000067 0.000863 0.001179 
0.001018 0.000054 0.000872 0.001151 
0.000992 0.000055 0.000859 0.001101 
0.000986 0.000059 0.000840 0.001137 
0.000970 0.000056 0.000856 0.001099 
0.001008 0.000066 0.000878 0.001181 
0.001002 0.000061 0.000887 0.001134 
0.000958 0.000052 0.000871 0.001076 
0.000964 0.000064 0.000854 0.001121 
0.000958 0.000053 0.000848 0.001101 
0.000983 0.000065 0.000852 0.001138 
0.000974 0.000056 0.000845 0.001120 
0.001006 0.000046 0.000868 0.001123 
0.000994 0.000044 0.000903 0.001086 
0.000996 0.000040 0.000891 0.001076 
0.001029 0.000049 0.000916 0.001188 
0.000995 0.000043 0.000897 0.001096 
0.001023 0.000050 0.000924 0.001167 
0.000995 0.000046 0.000841 0.001108 
0.000995 0.000052 0.000883 0.001102 
0.000987 0.000034 0.000892 0.001086 
0.001011 0.000047 0.000887 0.001121 
0.000987 0.000041 0.000884 0.001103 
0.000989 0.000028 0.000907 0.001048 
0.001004 0.000055 0.000858 0.001108 
0.000991 0.000040 0.000889 0.001081 
0.001051 0.000048 0.000952 0.001206 
0.000993 0.000059 0.000867 0.001149 
0.000975 0.000038 0.000903 0.001073 
0.001007 0.000046 0.000911 0.001138 
0.001029 0.000034 0.000937 0.001126 
0.000985 0.000042 0.000876 0.001096 
0.001000 0.000047 0.000894 0.001156 
0.000982 0.000041 0.000890 0.001088 
0.000981 0.000041 0.000899 0.001107 
0.001018 0.000057 0.000852 0.001158 
0.001003 0.000044 0.000879 0.001125 
0.001000 0.000052 0.000896 0.001144 
0.000975 0.000053 0.000845 0.001135 
