0.001060 0.000160 0.000713 0.001508 
0.001106 0.000173 0.000665 0.001682 
0.001069 0.000174 0.000672 0.001572 
0.001087 0.000169 0.000659 0.001551 
0.001078 0.000167 0.000725 0.001642 
0.001090 0.000179 0.000641 0.001570 
0.001068 0.000167 0.000738 0.001660 
0.001054 0.000160 0.000707 0.001591 
0.001057 0.000168 0.000686 0.001629 
0.001063 0.000182 0.000627 0.001614 
0.001108 0.000189 0.000685 0.001689 
0.001109 0.000200 0.000610 0.001780 
0.001080 0.000163 0.000698 0.001552 
0.001056 0.000155 0.000657 0.001457 
0.001046 0.000157 0.000641 0.001559 
0.001081 0.000163 0.000674 0.001510 
0.001075 0.000156 0.000672 0.001443 
0.001052 0.000151 0.000688 0.001504 
0.001070 0.000161 0.000593 0.001594 
0.001051 0.000176 0.000686 0.001557 
0.001054 0.000156 0.000683 0.001505 
0.001075 0.000156 0.000630 0.001490 
0.001071 0.000158 0.000646 0.001464 
0.001045 0.000152 0.000674 0.001471 
0.001040 0.000149 0.000684 0.001495 
0.001077 0.000153 0.000690 0.001529 
0.001082 0.000184 0.000740 0.001667 
0.001087 0.000196 0.000730 0.001753 
0.001059 0.000184 0.000737 0.001598 
0.001129 0.000209 0.000673 0.001703 
0.001140 0.000204 0.000724 0.001751 
0.001147 0.000198 0.000713 0.001709 
0.001136 0.000201 0.000722 0.001670 
0.001097 0.000206 0.000676 0.001651 
0.001126 0.000232 0.000631 0.001800 
0.001077 0.000193 0.000715 0.001637 
0.001083 0.000185 0.000747 0.001585 
0.001102 0.000184 0.000653 0.001701 
0.001105 0.000175 0.000729 0.001688 
0.001098 0.000172 0.000648 0.001611 
0.001136 0.000182 0.000711 0.001615 
0.001136 0.000184 0.000725 0.001698 
0.001087 0.000160 0.000728 0.001613 
0.001106 0.000182 0.000693 0.001599 
0.001113 0.000154 0.000729 0.001554 
0.001125 0.000177 0.000671 0.001639 
0.001090 0.000150 0.000742 0.001562 
0.001125 0.000180 0.000675 0.001620 
0.001104 0.000161 0.000708 0.001604 
0.001057 0.000189 0.000641 0.001520 
0.001059 0.000184 0.000656 0.001497 
0.001056 0.000182 0.000642 0.001430 
0.001071 0.000177 0.000717 0.001530 
0.001078 0.000160 0.000755 0.001549 
0.001032 0.000160 0.000692 0.001432 
0.001054 0.000170 0.000707 0.001468 
0.001066 0.000174 0.000658 0.001460 
0.001055 0.000175 0.000678 0.001455 
0.001074 0.000179 0.000713 0.001495 
0.001051 0.000176 0.000660 0.001461 
0.001040 0.000161 0.000723 0.001601 
0.001056 0.000192 0.000650 0.001644 
0.001029 0.000175 0.000707 0.001729 
0.001058 0.000182 0.000694 0.001580 
0.001040 0.000178 0.000645 0.001527 
0.001036 0.000168 0.000713 0.001670 
0.001016 0.000190 0.000595 0.001567 
0.001045 0.000186 0.000676 0.001723 
0.001022 0.000172 0.000668 0.001712 
0.001041 0.000167 0.000669 0.001687 
0.001096 0.000180 0.000707 0.001617 
0.001115 0.000174 0.000752 0.001599 
0.001104 0.000180 0.000690 0.001637 
0.001119 0.000198 0.000731 0.001666 
0.001069 0.000171 0.000704 0.001544 
0.001109 0.000195 0.000701 0.001691 
0.001121 0.000189 0.000741 0.001633 
0.001099 0.000178 0.000716 0.001590 
0.001112 0.000195 0.000684 0.001652 
0.001108 0.000182 0.000768 0.001650 
0.001117 0.000199 0.000700 0.001689 
0.001125 0.000186 0.000747 0.001655 
0.001095 0.000184 0.000672 0.001582 
0.001073 0.000165 0.000725 0.001604 
0.001100 0.000168 0.000763 0.001608 
0.001093 0.000186 0.000726 0.001600 
0.001076 0.000175 0.000714 0.001634 
0.001096 0.000176 0.000730 0.001590 
0.001100 0.000184 0.000719 0.001557 
0.001089 0.000195 0.000718 0.001624 
0.001106 0.000192 0.000718 0.001658 
0.001119 0.000185 0.000766 0.001675 
0.001128 0.000202 0.000726 0.001710 
0.001141 0.000209 0.000623 0.001671 
0.001084 0.000178 0.000735 0.001582 
0.001079 0.000203 0.000679 0.001662 
0.001091 0.000185 0.000690 0.001607 
0.001126 0.000194 0.000740 0.001707 
0.001147 0.000204 0.000713 0.001656 
0.001143 0.000202 0.000719 0.001675 
0.001045 0.000201 0.000588 0.001623 
0.001076 0.000198 0.000649 0.001657 
0.001000 0.000179 0.000645 0.001586 
0.001020 0.000213 0.000497 0.001635 
0.001003 0.000186 0.000657 0.001585 
0.001041 0.000205 0.000575 0.001693 
0.001016 0.000168 0.000658 0.001562 
0.001020 0.000196 0.000590 0.001540 
0.000991 0.000179 0.000608 0.001473 
0.001051 0.000208 0.000615 0.001840 
0.001028 0.000188 0.000671 0.001693 
0.001070 0.000200 0.000644 0.001640 
0.001050 0.000176 0.000735 0.001752 
0.001053 0.000182 0.000641 0.001518 
0.001062 0.000160 0.000780 0.001666 
0.001042 0.000171 0.000677 0.001635 
0.001046 0.000177 0.000659 0.001668 
0.001025 0.000165 0.000608 0.001638 
0.001053 0.000185 0.000652 0.001729 
0.000996 0.000143 0.000744 0.001526 
0.001026 0.000192 0.000594 0.001693 
0.001055 0.000194 0.000666 0.001699 
0.001007 0.000183 0.000629 0.001589 
0.001061 0.000189 0.000641 0.001703 
0.001028 0.000175 0.000582 0.001657 
0.001013 0.000168 0.000642 0.001536 
0.001010 0.000177 0.000664 0.001613 
0.001019 0.000180 0.000654 0.001528 
0.001035 0.000174 0.000635 0.001624 
0.001011 0.000190 0.000596 0.001643 
0.000986 0.000168 0.000627 0.001581 
0.001002 0.000186 0.000595 0.001615 
0.000989 0.000185 0.000561 0.001582 
0.000998 0.000194 0.000553 0.001493 
0.000967 0.000157 0.000668 0.001493 
0.001002 0.000183 0.000583 0.001540 
0.001023 0.000190 0.000620 0.001530 
0.001007 0.000183 0.000638 0.001647 
0.001035 0.000186 0.000646 0.001577 
0.001044 0.000190 0.000622 0.001498 
0.001039 0.000200 0.000550 0.001529 
0.001031 0.000191 0.000572 0.001505 
0.001043 0.000181 0.000633 0.001475 
0.001033 0.000187 0.000572 0.001524 
0.001025 0.000184 0.000623 0.001658 
0.001030 0.000188 0.000611 0.001623 
0.001042 0.000180 0.000638 0.001498 
0.001065 0.000194 0.000607 0.001567 
0.001076 0.000181 0.000663 0.001508 
0.001036 0.000182 0.000622 0.001479 
0.001046 0.000181 0.000654 0.001476 
0.001028 0.000177 0.000623 0.001541 
0.001142 0.000204 0.000663 0.001672 
0.001164 0.000197 0.000690 0.001674 
0.001116 0.000198 0.000664 0.001633 
0.001148 0.000203 0.000702 0.001740 
0.001099 0.000195 0.000680 0.001790 
0.001111 0.000206 0.000640 0.001805 
0.001126 0.000202 0.000651 0.001689 
0.001120 0.000198 0.000667 0.001631 
0.001062 0.000187 0.000632 0.001544 
0.001070 0.000179 0.000650 0.001720 
0.001075 0.000188 0.000609 0.001694 
0.001148 0.000201 0.000687 0.001906 
0.001065 0.000185 0.000629 0.001575 
0.001095 0.000161 0.000708 0.001466 
0.001100 0.000144 0.000767 0.001487 
0.001112 0.000183 0.000613 0.001552 
0.001105 0.000155 0.000701 0.001477 
0.001121 0.000179 0.000662 0.001607 
0.001135 0.000184 0.000635 0.001584 
0.001140 0.000195 0.000614 0.001639 
0.001115 0.000168 0.000725 0.001512 
0.001073 0.000162 0.000707 0.001547 
0.001074 0.000177 0.000702 0.001523 
0.001051 0.000141 0.000680 0.001488 
0.001102 0.000168 0.000691 0.001561 
0.001115 0.000173 0.000656 0.001598 
0.001121 0.000199 0.000639 0.001610 
0.001141 0.000227 0.000717 0.001877 
0.001069 0.000214 0.000663 0.001771 
0.001088 0.000208 0.000629 0.001639 
0.001096 0.000219 0.000653 0.001733 
0.001127 0.000223 0.000662 0.001797 
0.001111 0.000229 0.000621 0.001738 
0.001081 0.000219 0.000661 0.001685 
0.001070 0.000208 0.000676 0.001660 
0.001099 0.000230 0.000649 0.001808 
0.001101 0.000237 0.000651 0.001839 
0.001082 0.000211 0.000725 0.001721 
0.001115 0.000216 0.000670 0.001784 
0.001086 0.000212 0.000662 0.001774 
