0.000857 0.000114 0.000596 0.001357 
0.000832 0.000115 0.000559 0.001282 
0.000851 0.000113 0.000581 0.001275 
0.000859 0.000124 0.000571 0.001378 
0.000842 0.000119 0.000583 0.001282 
0.000861 0.000121 0.000562 0.001397 
0.000857 0.000119 0.000591 0.001333 
0.000857 0.000118 0.000568 0.001308 
0.000824 0.000111 0.000567 0.001232 
0.000843 0.000119 0.000554 0.001341 
0.000853 0.000115 0.000619 0.001370 
0.000843 0.000111 0.000577 0.001325 
0.000865 0.000123 0.000589 0.001319 
0.000802 0.000109 0.000526 0.001228 
0.000802 0.000102 0.000530 0.001226 
0.000809 0.000109 0.000480 0.001221 
0.000815 0.000104 0.000538 0.001186 
0.000830 0.000107 0.000518 0.001290 
0.000799 0.000104 0.000514 0.001174 
0.000802 0.000100 0.000529 0.001102 
0.000793 0.000100 0.000525 0.001140 
0.000794 0.000102 0.000518 0.001172 
0.000784 0.000101 0.000508 0.001125 
0.000800 0.000102 0.000543 0.001150 
0.000814 0.000113 0.000497 0.001189 
0.000795 0.000100 0.000527 0.001132 
0.000816 0.000099 0.000539 0.001159 
0.000778 0.000106 0.000466 0.001069 
0.000809 0.000101 0.000537 0.001099 
0.000829 0.000107 0.000554 0.001242 
0.000846 0.000107 0.000573 0.001216 
0.000829 0.000105 0.000574 0.001231 
0.000809 0.000101 0.000557 0.001131 
0.000798 0.000089 0.000575 0.001099 
0.000830 0.000101 0.000557 0.001149 
0.000791 0.000092 0.000548 0.001093 
0.000801 0.000098 0.000528 0.001102 
0.000774 0.000082 0.000569 0.001096 
0.000785 0.000084 0.000562 0.001116 
0.000783 0.000077 0.000572 0.001096 
0.000766 0.000081 0.000561 0.001126 
0.000768 0.000080 0.000576 0.001083 
0.000784 0.000090 0.000558 0.001226 
0.000758 0.000076 0.000562 0.001054 
0.000784 0.000084 0.000528 0.001109 
0.000775 0.000083 0.000560 0.001129 
0.000798 0.000084 0.000587 0.001113 
0.000773 0.000082 0.000564 0.001102 
0.000807 0.000073 0.000635 0.001066 
0.000881 0.000102 0.000586 0.001263 
0.000845 0.000109 0.000587 0.001238 
0.000867 0.000115 0.000573 0.001305 
0.000858 0.000108 0.000575 0.001197 
0.000881 0.000111 0.000577 0.001209 
0.000878 0.000104 0.000567 0.001200 
0.000854 0.000110 0.000564 0.001247 
0.000876 0.000109 0.000577 0.001289 
0.000865 0.000105 0.000552 0.001175 
0.000867 0.000110 0.000568 0.001178 
0.000852 0.000114 0.000560 0.001305 
0.000790 0.000105 0.000525 0.001083 
0.000801 0.000104 0.000515 0.001075 
0.000787 0.000099 0.000502 0.001012 
0.000799 0.000099 0.000520 0.001074 
0.000782 0.000108 0.000466 0.001087 
0.000780 0.000098 0.000524 0.001056 
0.000785 0.000099 0.000525 0.001050 
0.000773 0.000092 0.000529 0.000997 
0.000791 0.000112 0.000467 0.001058 
0.000790 0.000098 0.000500 0.001011 
0.000805 0.000085 0.000617 0.001112 
0.000767 0.000091 0.000531 0.001103 
0.000799 0.000085 0.000591 0.001105 
0.000769 0.000091 0.000572 0.001071 
0.000785 0.000082 0.000615 0.001104 
0.000822 0.000101 0.000592 0.001305 
0.000791 0.000086 0.000581 0.001116 
0.000798 0.000085 0.000599 0.001108 
0.000780 0.000084 0.000594 0.001091 
0.000789 0.000082 0.000612 0.001147 
0.000768 0.000090 0.000571 0.001106 
0.000793 0.000080 0.000604 0.001084 
0.000797 0.000087 0.000604 0.001081 
0.000790 0.000095 0.000553 0.001161 
0.000783 0.000080 0.000611 0.001057 
0.000764 0.000091 0.000534 0.001069 
0.000829 0.000103 0.000549 0.001167 
0.000828 0.000105 0.000550 0.001158 
0.000833 0.000108 0.000531 0.001199 
0.000827 0.000107 0.000521 0.001186 
0.000838 0.000101 0.000550 0.001153 
0.000836 0.000105 0.000565 0.001204 
0.000823 0.000105 0.000520 0.001207 
0.000853 0.000109 0.000534 0.001260 
0.000829 0.000103 0.000533 0.001193 
0.000823 0.000100 0.000470 0.001147 
0.000823 0.000104 0.000522 0.001168 
0.000845 0.000105 0.000534 0.001197 
0.000845 0.000102 0.000559 0.001211 
0.000827 0.000110 0.000521 0.001193 
0.000837 0.000085 0.000587 0.001148 
0.000812 0.000085 0.000548 0.001103 
0.000845 0.000086 0.000603 0.001223 
0.000829 0.000086 0.000557 0.001153 
0.000846 0.000098 0.000608 0.001342 
0.000823 0.000085 0.000543 0.001125 
0.000846 0.000093 0.000521 0.001177 
0.000830 0.000093 0.000573 0.001188 
0.000838 0.000082 0.000603 0.001156 
0.000798 0.000087 0.000537 0.001097 
0.000818 0.000086 0.000567 0.001098 
0.000811 0.000083 0.000587 0.001159 
0.000844 0.000087 0.000571 0.001174 
0.000832 0.000077 0.000581 0.001089 
0.000846 0.000108 0.000546 0.001089 
0.000816 0.000106 0.000539 0.001118 
0.000820 0.000104 0.000546 0.001104 
0.000833 0.000109 0.000549 0.001111 
0.000835 0.000101 0.000544 0.001153 
0.000825 0.000102 0.000567 0.001123 
0.000840 0.000111 0.000559 0.001183 
0.000834 0.000105 0.000555 0.001161 
0.000818 0.000098 0.000562 0.001106 
0.000836 0.000104 0.000560 0.001173 
0.000819 0.000111 0.000557 0.001139 
0.000821 0.000104 0.000525 0.001134 
0.000830 0.000108 0.000532 0.001147 
0.000830 0.000108 0.000558 0.001123 
0.000801 0.000103 0.000539 0.001061 
0.000811 0.000100 0.000568 0.001125 
0.000822 0.000104 0.000567 0.001085 
0.000822 0.000103 0.000557 0.001115 
0.000801 0.000103 0.000519 0.001103 
0.000811 0.000097 0.000570 0.001059 
0.000822 0.000102 0.000586 0.001136 
0.000820 0.000099 0.000573 0.001099 
0.000835 0.000110 0.000565 0.001144 
0.000814 0.000098 0.000553 0.001107 
0.000818 0.000103 0.000512 0.001083 
0.000823 0.000100 0.000531 0.001165 
0.000801 0.000091 0.000533 0.001082 
0.000816 0.000093 0.000544 0.001146 
0.000830 0.000103 0.000520 0.001158 
0.000818 0.000104 0.000507 0.001176 
0.000824 0.000103 0.000506 0.001153 
0.000806 0.000097 0.000524 0.001131 
0.000849 0.000108 0.000531 0.001236 
0.000816 0.000108 0.000521 0.001207 
0.000831 0.000099 0.000537 0.001229 
0.000829 0.000097 0.000565 0.001130 
0.000835 0.000097 0.000566 0.001163 
0.000806 0.000093 0.000507 0.001095 
0.000841 0.000093 0.000608 0.001206 
0.000850 0.000111 0.000610 0.001423 
0.000849 0.000098 0.000595 0.001343 
0.000864 0.000101 0.000629 0.001349 
0.000855 0.000103 0.000605 0.001321 
0.000834 0.000095 0.000592 0.001113 
0.000825 0.000088 0.000574 0.001153 
0.000838 0.000099 0.000623 0.001314 
0.000838 0.000092 0.000588 0.001159 
0.000829 0.000093 0.000621 0.001248 
0.000829 0.000090 0.000584 0.001174 
0.000850 0.000106 0.000623 0.001252 
0.000832 0.000101 0.000594 0.001262 
0.000801 0.000092 0.000563 0.001138 
0.000792 0.000096 0.000508 0.001082 
0.000797 0.000100 0.000544 0.001091 
0.000792 0.000095 0.000540 0.001129 
0.000808 0.000107 0.000550 0.001162 
0.000795 0.000092 0.000576 0.001094 
0.000783 0.000088 0.000577 0.001095 
0.000812 0.000102 0.000535 0.001095 
0.000790 0.000093 0.000530 0.001144 
0.000813 0.000102 0.000544 0.001192 
0.000801 0.000103 0.000543 0.001179 
0.000789 0.000093 0.000563 0.001077 
0.000805 0.000096 0.000571 0.001081 
0.000774 0.000097 0.000530 0.001097 
0.000855 0.000087 0.000636 0.001182 
0.000794 0.000097 0.000566 0.001163 
0.000862 0.000096 0.000632 0.001233 
0.000843 0.000095 0.000625 0.001206 
0.000852 0.000103 0.000642 0.001323 
0.000818 0.000091 0.000582 0.001135 
0.000863 0.000083 0.000661 0.001215 
0.000819 0.000095 0.000600 0.001168 
0.000829 0.000087 0.000637 0.001141 
0.000836 0.000096 0.000615 0.001175 
0.000826 0.000092 0.000620 0.001112 
0.000810 0.000100 0.000611 0.001183 
0.000799 0.000093 0.000581 0.001082 
