0.001361 0.000416 0.000709 0.002937 
0.001341 0.000424 0.000663 0.002907 
0.001377 0.000436 0.000686 0.002891 
0.001356 0.000402 0.000663 0.002958 
0.001364 0.000419 0.000653 0.002900 
0.001395 0.000421 0.000686 0.003026 
0.001334 0.000393 0.000665 0.002832 
0.001351 0.000398 0.000643 0.002714 
0.001343 0.000419 0.000623 0.002802 
0.001380 0.000413 0.000639 0.002913 
0.001343 0.000402 0.000692 0.002843 
0.001351 0.000406 0.000616 0.002689 
0.001355 0.000412 0.000623 0.002889 
0.001381 0.000471 0.000611 0.003037 
0.001382 0.000479 0.000589 0.003042 
0.001380 0.000471 0.000602 0.002931 
0.001460 0.000503 0.000604 0.003191 
0.001337 0.000429 0.000630 0.003055 
0.001363 0.000469 0.000593 0.002954 
0.001379 0.000457 0.000626 0.002998 
0.001361 0.000469 0.000610 0.003030 
0.001358 0.000470 0.000620 0.003061 
0.001429 0.000491 0.000636 0.003113 
0.001342 0.000460 0.000635 0.002892 
0.001320 0.000430 0.000607 0.002867 
0.001406 0.000489 0.000656 0.002980 
0.001461 0.000476 0.000613 0.002992 
0.001384 0.000456 0.000623 0.002908 
0.001422 0.000472 0.000640 0.002921 
0.001433 0.000449 0.000593 0.002975 
0.001444 0.000464 0.000652 0.003032 
0.001431 0.000461 0.000625 0.003003 
0.001418 0.000469 0.000590 0.003077 
0.001467 0.000488 0.000639 0.003069 
0.001508 0.000472 0.000667 0.003169 
0.001397 0.000434 0.000641 0.002803 
0.001505 0.000488 0.000691 0.002912 
0.001418 0.000467 0.000684 0.002941 
0.001379 0.000462 0.000619 0.002934 
0.001365 0.000452 0.000709 0.003027 
0.001372 0.000469 0.000628 0.002858 
0.001425 0.000478 0.000671 0.002936 
0.001287 0.000408 0.000634 0.002851 
0.001367 0.000447 0.000684 0.002867 
0.001340 0.000445 0.000645 0.002968 
0.001397 0.000478 0.000684 0.002902 
0.001343 0.000434 0.000649 0.002904 
0.001364 0.000471 0.000661 0.002954 
0.001389 0.000454 0.000693 0.003008 
0.001572 0.000540 0.000720 0.003152 
0.001420 0.000484 0.000670 0.003047 
0.001487 0.000505 0.000667 0.003066 
0.001604 0.000551 0.000698 0.003084 
0.001496 0.000529 0.000627 0.003107 
0.001496 0.000526 0.000658 0.003067 
0.001411 0.000487 0.000645 0.003021 
0.001480 0.000511 0.000677 0.003030 
0.001563 0.000526 0.000704 0.003091 
0.001527 0.000540 0.000660 0.003090 
0.001487 0.000494 0.000689 0.002943 
0.001379 0.000454 0.000648 0.002912 
0.001423 0.000466 0.000665 0.003024 
0.001376 0.000441 0.000672 0.002972 
0.001410 0.000439 0.000735 0.002946 
0.001363 0.000439 0.000642 0.002996 
0.001367 0.000442 0.000642 0.002913 
0.001399 0.000458 0.000610 0.003016 
0.001425 0.000459 0.000621 0.002853 
0.001387 0.000451 0.000568 0.002960 
0.001428 0.000470 0.000697 0.003022 
0.001570 0.000464 0.000682 0.002951 
0.001520 0.000471 0.000661 0.003067 
0.001475 0.000431 0.000707 0.002800 
0.001463 0.000425 0.000701 0.002847 
0.001440 0.000419 0.000700 0.002944 
0.001504 0.000452 0.000743 0.002977 
0.001504 0.000438 0.000678 0.002888 
0.001563 0.000460 0.000747 0.002893 
0.001508 0.000457 0.000678 0.003031 
0.001505 0.000436 0.000725 0.002904 
0.001566 0.000470 0.000736 0.003036 
0.001577 0.000469 0.000757 0.003027 
0.001518 0.000436 0.000715 0.002883 
0.001432 0.000410 0.000674 0.002723 
0.001462 0.000412 0.000661 0.002776 
0.001428 0.000430 0.000698 0.002898 
0.001368 0.000416 0.000670 0.002790 
0.001288 0.000370 0.000631 0.002544 
0.001369 0.000412 0.000606 0.002802 
0.001369 0.000421 0.000602 0.002776 
0.001402 0.000427 0.000636 0.002923 
0.001384 0.000408 0.000673 0.002720 
0.001377 0.000431 0.000653 0.002836 
0.001405 0.000430 0.000648 0.002860 
0.001370 0.000416 0.000645 0.002744 
0.001435 0.000457 0.000698 0.003014 
0.001379 0.000416 0.000649 0.002862 
0.001407 0.000424 0.000633 0.002860 
0.001420 0.000431 0.000659 0.002851 
0.001330 0.000398 0.000648 0.002722 
0.001497 0.000541 0.000648 0.003120 
0.001407 0.000519 0.000606 0.003101 
0.001419 0.000503 0.000643 0.003070 
0.001400 0.000493 0.000624 0.002994 
0.001497 0.000543 0.000655 0.003216 
0.001530 0.000556 0.000660 0.003241 
0.001429 0.000512 0.000627 0.003079 
0.001415 0.000511 0.000648 0.003050 
0.001486 0.000538 0.000686 0.003143 
0.001426 0.000532 0.000632 0.003186 
0.001360 0.000482 0.000648 0.002999 
0.001356 0.000489 0.000622 0.003031 
0.001414 0.000507 0.000621 0.003092 
0.001480 0.000526 0.000660 0.003062 
0.001320 0.000405 0.000636 0.002954 
0.001373 0.000437 0.000634 0.002814 
0.001462 0.000476 0.000684 0.002892 
0.001445 0.000482 0.000632 0.002886 
0.001398 0.000453 0.000609 0.002975 
0.001407 0.000461 0.000630 0.002787 
0.001480 0.000474 0.000731 0.003007 
0.001459 0.000486 0.000687 0.002943 
0.001360 0.000412 0.000641 0.002903 
0.001442 0.000474 0.000649 0.003035 
0.001399 0.000439 0.000659 0.002792 
0.001436 0.000460 0.000698 0.003125 
0.001376 0.000450 0.000622 0.002941 
0.001491 0.000501 0.000688 0.003024 
0.001455 0.000500 0.000662 0.003038 
0.001429 0.000478 0.000611 0.002900 
0.001400 0.000450 0.000623 0.002851 
0.001480 0.000498 0.000679 0.003109 
0.001512 0.000523 0.000691 0.003016 
0.001595 0.000547 0.000715 0.003134 
0.001422 0.000475 0.000627 0.003002 
0.001568 0.000543 0.000626 0.003059 
0.001488 0.000491 0.000641 0.002949 
0.001450 0.000481 0.000630 0.002963 
0.001420 0.000473 0.000652 0.002914 
0.001502 0.000522 0.000612 0.003044 
0.001456 0.000528 0.000549 0.003090 
0.001509 0.000546 0.000643 0.003126 
0.001521 0.000556 0.000590 0.003248 
0.001449 0.000524 0.000622 0.003063 
0.001360 0.000470 0.000582 0.003109 
0.001464 0.000529 0.000604 0.003098 
0.001507 0.000551 0.000636 0.003180 
0.001384 0.000473 0.000585 0.003144 
0.001465 0.000531 0.000613 0.003118 
0.001475 0.000535 0.000625 0.003102 
0.001492 0.000534 0.000646 0.003093 
0.001383 0.000478 0.000601 0.002994 
0.001372 0.000383 0.000730 0.002733 
0.001404 0.000407 0.000690 0.002884 
0.001444 0.000433 0.000742 0.002972 
0.001410 0.000394 0.000726 0.002818 
0.001385 0.000385 0.000777 0.002682 
0.001375 0.000397 0.000701 0.002893 
0.001392 0.000422 0.000666 0.002850 
0.001431 0.000425 0.000738 0.002908 
0.001382 0.000406 0.000693 0.002922 
0.001381 0.000412 0.000673 0.002882 
0.001420 0.000433 0.000666 0.002967 
0.001425 0.000418 0.000679 0.002845 
0.001409 0.000418 0.000670 0.002940 
0.001340 0.000395 0.000636 0.002765 
0.001326 0.000383 0.000600 0.002845 
0.001355 0.000402 0.000707 0.002966 
0.001337 0.000391 0.000654 0.002847 
0.001413 0.000432 0.000647 0.002998 
0.001412 0.000435 0.000701 0.003040 
0.001372 0.000420 0.000671 0.002998 
0.001331 0.000402 0.000667 0.002886 
0.001340 0.000388 0.000599 0.002784 
0.001348 0.000388 0.000717 0.002943 
0.001402 0.000430 0.000645 0.002930 
0.001404 0.000421 0.000622 0.002878 
0.001362 0.000394 0.000617 0.002947 
0.001388 0.000439 0.000648 0.002893 
0.001609 0.000518 0.000705 0.003312 
0.001569 0.000534 0.000632 0.003252 
0.001775 0.000551 0.000759 0.003229 
0.001612 0.000513 0.000790 0.003180 
0.001602 0.000528 0.000730 0.003293 
0.001733 0.000555 0.000774 0.003248 
0.001826 0.000577 0.000810 0.003366 
0.001624 0.000521 0.000731 0.003179 
0.001784 0.000600 0.000767 0.003373 
0.001661 0.000549 0.000767 0.003169 
0.001737 0.000565 0.000726 0.003239 
0.001510 0.000504 0.000640 0.003230 
0.001700 0.000565 0.000733 0.003177 
