0.000898 0.000074 0.000674 0.001130 
0.000866 0.000057 0.000696 0.001089 
0.000864 0.000056 0.000652 0.001084 
0.000892 0.000064 0.000668 0.001106 
0.000901 0.000070 0.000646 0.001157 
0.000898 0.000069 0.000716 0.001161 
0.000873 0.000071 0.000615 0.001113 
0.000900 0.000065 0.000701 0.001123 
0.000881 0.000073 0.000650 0.001147 
0.000894 0.000066 0.000685 0.001094 
0.000867 0.000056 0.000725 0.001092 
0.000880 0.000072 0.000695 0.001108 
0.000898 0.000064 0.000700 0.001109 
0.000876 0.000071 0.000652 0.001116 
0.000866 0.000069 0.000668 0.001088 
0.000865 0.000070 0.000640 0.001140 
0.000888 0.000075 0.000663 0.001194 
0.000873 0.000082 0.000643 0.001148 
0.000869 0.000070 0.000616 0.001136 
0.000876 0.000067 0.000669 0.001100 
0.000870 0.000075 0.000648 0.001137 
0.000880 0.000084 0.000654 0.001286 
0.000878 0.000077 0.000671 0.001187 
0.000860 0.000071 0.000656 0.001097 
0.000879 0.000083 0.000643 0.001168 
0.000868 0.000072 0.000637 0.001155 
0.000916 0.000098 0.000622 0.001189 
0.000891 0.000091 0.000617 0.001180 
0.000920 0.000105 0.000672 0.001246 
0.000943 0.000098 0.000730 0.001251 
0.000916 0.000091 0.000653 0.001159 
0.000935 0.000111 0.000652 0.001297 
0.000896 0.000087 0.000675 0.001182 
0.000893 0.000078 0.000709 0.001180 
0.000928 0.000089 0.000703 0.001192 
0.000917 0.000092 0.000687 0.001182 
0.000950 0.000116 0.000724 0.001269 
0.000924 0.000088 0.000726 0.001157 
0.000923 0.000075 0.000658 0.001183 
0.000903 0.000070 0.000715 0.001105 
0.000901 0.000065 0.000724 0.001129 
0.000921 0.000086 0.000703 0.001151 
0.000876 0.000074 0.000590 0.001102 
0.000919 0.000093 0.000724 0.001158 
0.000903 0.000078 0.000706 0.001126 
0.000924 0.000078 0.000739 0.001192 
0.000861 0.000066 0.000687 0.001064 
0.000908 0.000076 0.000723 0.001135 
0.000913 0.000073 0.000707 0.001093 
0.000913 0.000084 0.000722 0.001220 
0.000858 0.000069 0.000677 0.001222 
0.000877 0.000088 0.000671 0.001257 
0.000902 0.000087 0.000683 0.001411 
0.000904 0.000112 0.000687 0.001490 
0.000921 0.000080 0.000703 0.001278 
0.000893 0.000087 0.000697 0.001438 
0.000889 0.000083 0.000659 0.001254 
0.000911 0.000096 0.000657 0.001367 
0.000889 0.000088 0.000666 0.001290 
0.000911 0.000086 0.000670 0.001235 
0.000895 0.000076 0.000689 0.001163 
0.000887 0.000066 0.000693 0.001116 
0.000867 0.000069 0.000662 0.001055 
0.000930 0.000072 0.000685 0.001126 
0.000864 0.000066 0.000690 0.001055 
0.000886 0.000074 0.000676 0.001175 
0.000886 0.000073 0.000696 0.001135 
0.000882 0.000069 0.000697 0.001131 
0.000901 0.000077 0.000683 0.001127 
0.000855 0.000071 0.000678 0.001121 
0.000902 0.000091 0.000734 0.001254 
0.000874 0.000086 0.000668 0.001192 
0.000890 0.000091 0.000672 0.001177 
0.000912 0.000093 0.000736 0.001189 
0.000916 0.000092 0.000682 0.001192 
0.000925 0.000092 0.000701 0.001185 
0.000903 0.000101 0.000696 0.001191 
0.000900 0.000084 0.000734 0.001211 
0.000884 0.000077 0.000704 0.001197 
0.000923 0.000090 0.000675 0.001186 
0.000874 0.000084 0.000686 0.001239 
0.000914 0.000094 0.000688 0.001204 
0.000940 0.000107 0.000697 0.001226 
0.000877 0.000094 0.000636 0.001180 
0.000905 0.000101 0.000681 0.001216 
0.000898 0.000072 0.000703 0.001144 
0.000907 0.000074 0.000673 0.001111 
0.000887 0.000067 0.000722 0.001091 
0.000902 0.000071 0.000669 0.001106 
0.000892 0.000064 0.000686 0.001115 
0.000918 0.000081 0.000662 0.001211 
0.000929 0.000077 0.000741 0.001165 
0.000918 0.000074 0.000717 0.001126 
0.000911 0.000071 0.000723 0.001150 
0.000913 0.000075 0.000735 0.001124 
0.000906 0.000072 0.000732 0.001168 
0.000910 0.000070 0.000669 0.001104 
0.000916 0.000073 0.000701 0.001145 
0.000925 0.000079 0.000723 0.001122 
0.000896 0.000070 0.000700 0.001136 
0.000898 0.000063 0.000692 0.001128 
0.000876 0.000074 0.000671 0.001095 
0.000881 0.000072 0.000678 0.001104 
0.000878 0.000064 0.000678 0.001157 
0.000904 0.000078 0.000641 0.001159 
0.000882 0.000072 0.000640 0.001162 
0.000893 0.000079 0.000709 0.001142 
0.000875 0.000075 0.000691 0.001113 
0.000896 0.000073 0.000688 0.001172 
0.000867 0.000066 0.000669 0.001085 
0.000865 0.000054 0.000682 0.001033 
0.000859 0.000062 0.000622 0.001043 
0.000879 0.000068 0.000683 0.001098 
0.000867 0.000061 0.000707 0.001141 
0.000887 0.000059 0.000699 0.001122 
0.000894 0.000068 0.000674 0.001098 
0.000882 0.000068 0.000724 0.001261 
0.000912 0.000073 0.000734 0.001181 
0.000891 0.000070 0.000634 0.001128 
0.000915 0.000075 0.000700 0.001160 
0.000900 0.000068 0.000720 0.001152 
0.000880 0.000081 0.000675 0.001246 
0.000882 0.000076 0.000621 0.001176 
0.000862 0.000081 0.000639 0.001174 
0.000915 0.000062 0.000728 0.001095 
0.000898 0.000061 0.000714 0.001127 
0.000869 0.000067 0.000671 0.001108 
0.000960 0.000095 0.000729 0.001353 
0.000947 0.000086 0.000723 0.001345 
0.000938 0.000086 0.000697 0.001228 
0.000977 0.000104 0.000711 0.001429 
0.000953 0.000091 0.000738 0.001226 
0.000939 0.000089 0.000736 0.001300 
0.000975 0.000099 0.000733 0.001345 
0.000940 0.000077 0.000724 0.001171 
0.000956 0.000098 0.000722 0.001346 
0.000976 0.000105 0.000682 0.001428 
0.000958 0.000093 0.000725 0.001249 
0.000941 0.000093 0.000762 0.001253 
0.000945 0.000084 0.000753 0.001378 
0.000918 0.000077 0.000692 0.001253 
0.000930 0.000083 0.000692 0.001373 
0.000902 0.000085 0.000700 0.001272 
0.000932 0.000076 0.000729 0.001355 
0.000918 0.000083 0.000663 0.001373 
0.000940 0.000085 0.000708 0.001416 
0.000931 0.000087 0.000717 0.001419 
0.000924 0.000090 0.000643 0.001438 
0.000919 0.000087 0.000698 0.001300 
0.000943 0.000086 0.000700 0.001284 
0.000926 0.000089 0.000722 0.001296 
0.000942 0.000089 0.000654 0.001303 
0.000930 0.000076 0.000723 0.001154 
0.000910 0.000067 0.000662 0.001177 
0.000936 0.000075 0.000702 0.001206 
0.000937 0.000078 0.000723 0.001148 
0.000920 0.000069 0.000741 0.001162 
0.000907 0.000073 0.000681 0.001134 
0.000888 0.000066 0.000676 0.001105 
0.000926 0.000089 0.000633 0.001227 
0.000919 0.000076 0.000640 0.001167 
0.000888 0.000059 0.000724 0.001188 
0.000923 0.000071 0.000713 0.001194 
0.000929 0.000068 0.000747 0.001242 
0.000904 0.000076 0.000681 0.001143 
0.000885 0.000057 0.000718 0.001113 
0.000885 0.000070 0.000676 0.001114 
0.000910 0.000066 0.000707 0.001107 
0.000914 0.000073 0.000694 0.001114 
0.000916 0.000066 0.000668 0.001113 
0.000908 0.000067 0.000671 0.001120 
0.000879 0.000058 0.000640 0.001092 
0.000921 0.000077 0.000703 0.001155 
0.000889 0.000060 0.000675 0.001080 
0.000914 0.000068 0.000651 0.001108 
0.000880 0.000051 0.000742 0.001091 
0.000912 0.000081 0.000702 0.001164 
0.000894 0.000067 0.000694 0.001123 
0.000904 0.000056 0.000729 0.001080 
0.000904 0.000110 0.000716 0.001482 
0.000905 0.000118 0.000634 0.001453 
0.000930 0.000129 0.000758 0.001647 
0.000930 0.000117 0.000731 0.001469 
0.000939 0.000117 0.000720 0.001463 
0.000913 0.000132 0.000712 0.001666 
0.000953 0.000140 0.000745 0.001642 
0.000900 0.000140 0.000702 0.001642 
0.000937 0.000144 0.000723 0.001737 
0.000895 0.000116 0.000716 0.001477 
0.000931 0.000137 0.000759 0.001701 
0.000889 0.000102 0.000673 0.001399 
0.000914 0.000113 0.000765 0.001471 
