0.000995 0.000113 0.000686 0.001375 
0.000979 0.000098 0.000718 0.001242 
0.000970 0.000103 0.000686 0.001268 
0.000988 0.000114 0.000695 0.001311 
0.000988 0.000105 0.000689 0.001359 
0.000989 0.000118 0.000659 0.001349 
0.000987 0.000103 0.000720 0.001338 
0.000999 0.000118 0.000699 0.001334 
0.000955 0.000103 0.000672 0.001257 
0.000993 0.000105 0.000723 0.001288 
0.000989 0.000114 0.000693 0.001381 
0.000966 0.000095 0.000720 0.001202 
0.001002 0.000124 0.000659 0.001352 
0.000974 0.000110 0.000632 0.001244 
0.000965 0.000099 0.000655 0.001236 
0.000964 0.000096 0.000666 0.001207 
0.000983 0.000103 0.000720 0.001260 
0.001004 0.000117 0.000675 0.001283 
0.000964 0.000107 0.000680 0.001243 
0.000986 0.000105 0.000693 0.001271 
0.000979 0.000107 0.000638 0.001257 
0.000955 0.000102 0.000665 0.001213 
0.000972 0.000098 0.000672 0.001243 
0.000973 0.000105 0.000685 0.001267 
0.000978 0.000111 0.000642 0.001243 
0.000955 0.000104 0.000664 0.001214 
0.000997 0.000094 0.000641 0.001226 
0.000957 0.000086 0.000646 0.001208 
0.000992 0.000105 0.000646 0.001290 
0.000996 0.000109 0.000631 0.001291 
0.001022 0.000124 0.000636 0.001404 
0.000982 0.000105 0.000633 0.001219 
0.000988 0.000095 0.000644 0.001276 
0.000979 0.000094 0.000636 0.001225 
0.000990 0.000094 0.000643 0.001226 
0.000976 0.000110 0.000611 0.001252 
0.000980 0.000096 0.000645 0.001261 
0.000972 0.000075 0.000720 0.001182 
0.000980 0.000080 0.000737 0.001200 
0.000998 0.000091 0.000736 0.001287 
0.000965 0.000076 0.000776 0.001168 
0.000968 0.000074 0.000739 0.001203 
0.000991 0.000086 0.000746 0.001202 
0.000956 0.000063 0.000762 0.001121 
0.001000 0.000089 0.000742 0.001267 
0.000960 0.000071 0.000744 0.001170 
0.000982 0.000095 0.000755 0.001251 
0.000953 0.000074 0.000766 0.001147 
0.000998 0.000083 0.000773 0.001252 
0.000945 0.000082 0.000754 0.001208 
0.000930 0.000076 0.000750 0.001174 
0.000943 0.000080 0.000769 0.001216 
0.000917 0.000079 0.000713 0.001153 
0.000956 0.000084 0.000758 0.001228 
0.000960 0.000087 0.000775 0.001241 
0.000957 0.000088 0.000742 0.001205 
0.000934 0.000085 0.000754 0.001201 
0.000943 0.000077 0.000763 0.001179 
0.000940 0.000071 0.000778 0.001157 
0.000939 0.000073 0.000786 0.001151 
0.000964 0.000100 0.000650 0.001234 
0.000953 0.000092 0.000663 0.001210 
0.000966 0.000105 0.000630 0.001304 
0.000963 0.000099 0.000654 0.001254 
0.000933 0.000087 0.000678 0.001224 
0.000943 0.000095 0.000642 0.001202 
0.000950 0.000095 0.000693 0.001271 
0.000932 0.000089 0.000656 0.001228 
0.000945 0.000091 0.000648 0.001208 
0.000937 0.000094 0.000674 0.001194 
0.001026 0.000093 0.000762 0.001277 
0.000987 0.000083 0.000699 0.001236 
0.001027 0.000106 0.000720 0.001327 
0.001019 0.000098 0.000729 0.001307 
0.001024 0.000111 0.000732 0.001317 
0.001056 0.000117 0.000715 0.001428 
0.001026 0.000096 0.000765 0.001281 
0.001023 0.000091 0.000770 0.001316 
0.000999 0.000094 0.000683 0.001270 
0.001039 0.000106 0.000725 0.001326 
0.000999 0.000084 0.000746 0.001285 
0.001009 0.000090 0.000751 0.001289 
0.001017 0.000105 0.000715 0.001381 
0.001022 0.000107 0.000726 0.001325 
0.001018 0.000113 0.000706 0.001294 
0.001000 0.000096 0.000736 0.001300 
0.001018 0.000107 0.000758 0.001264 
0.001020 0.000110 0.000737 0.001309 
0.001010 0.000101 0.000740 0.001277 
0.001008 0.000107 0.000759 0.001332 
0.001004 0.000108 0.000706 0.001279 
0.001014 0.000099 0.000735 0.001282 
0.000993 0.000099 0.000737 0.001276 
0.000990 0.000097 0.000715 0.001299 
0.000999 0.000097 0.000715 0.001266 
0.000974 0.000110 0.000727 0.001285 
0.000996 0.000095 0.000749 0.001234 
0.001011 0.000106 0.000715 0.001288 
0.000999 0.000111 0.000704 0.001288 
0.000998 0.000110 0.000724 0.001321 
0.000974 0.000087 0.000755 0.001210 
0.000969 0.000090 0.000769 0.001235 
0.001022 0.000105 0.000730 0.001329 
0.001000 0.000096 0.000755 0.001270 
0.000967 0.000106 0.000735 0.001314 
0.000942 0.000088 0.000708 0.001189 
0.000979 0.000120 0.000660 0.001256 
0.000978 0.000086 0.000764 0.001313 
0.000972 0.000087 0.000728 0.001203 
0.000969 0.000091 0.000777 0.001279 
0.000997 0.000092 0.000751 0.001254 
0.000978 0.000099 0.000763 0.001308 
0.001009 0.000124 0.000693 0.001321 
0.000995 0.000105 0.000711 0.001282 
0.000946 0.000085 0.000724 0.001243 
0.000924 0.000084 0.000722 0.001173 
0.000888 0.000096 0.000642 0.001160 
0.000918 0.000101 0.000668 0.001175 
0.000930 0.000090 0.000620 0.001194 
0.000890 0.000111 0.000580 0.001206 
0.000925 0.000098 0.000669 0.001235 
0.000890 0.000100 0.000657 0.001257 
0.000952 0.000083 0.000722 0.001231 
0.000902 0.000117 0.000592 0.001238 
0.000875 0.000091 0.000646 0.001146 
0.000902 0.000085 0.000682 0.001156 
0.000862 0.000111 0.000593 0.001172 
0.000930 0.000084 0.000631 0.001285 
0.000899 0.000087 0.000623 0.001239 
0.000911 0.000090 0.000580 0.001268 
0.000942 0.000103 0.000643 0.001287 
0.000929 0.000093 0.000675 0.001387 
0.000903 0.000085 0.000619 0.001284 
0.000890 0.000083 0.000661 0.001306 
0.000954 0.000090 0.000689 0.001237 
0.000914 0.000095 0.000679 0.001353 
0.000932 0.000081 0.000685 0.001250 
0.000915 0.000091 0.000639 0.001237 
0.000945 0.000089 0.000700 0.001235 
0.000954 0.000087 0.000730 0.001395 
0.000948 0.000097 0.000750 0.001619 
0.000938 0.000095 0.000743 0.001686 
0.000944 0.000090 0.000728 0.001548 
0.000943 0.000088 0.000758 0.001544 
0.000958 0.000087 0.000644 0.001367 
0.000946 0.000085 0.000704 0.001498 
0.000966 0.000083 0.000754 0.001481 
0.000954 0.000093 0.000739 0.001567 
0.000950 0.000087 0.000755 0.001499 
0.000947 0.000088 0.000731 0.001353 
0.000953 0.000095 0.000710 0.001640 
0.000940 0.000090 0.000701 0.001462 
0.001026 0.000105 0.000720 0.001355 
0.001004 0.000088 0.000751 0.001265 
0.001020 0.000092 0.000754 0.001320 
0.001046 0.000100 0.000720 0.001336 
0.001034 0.000102 0.000739 0.001329 
0.000990 0.000081 0.000764 0.001236 
0.001017 0.000090 0.000720 0.001285 
0.000987 0.000077 0.000743 0.001216 
0.000992 0.000092 0.000752 0.001317 
0.000986 0.000094 0.000746 0.001229 
0.001013 0.000092 0.000729 0.001278 
0.001006 0.000092 0.000740 0.001262 
0.000994 0.000087 0.000733 0.001216 
0.001025 0.000096 0.000749 0.001294 
0.001008 0.000097 0.000761 0.001308 
0.001005 0.000093 0.000709 0.001313 
0.001037 0.000104 0.000761 0.001380 
0.001024 0.000105 0.000765 0.001392 
0.001019 0.000098 0.000713 0.001353 
0.000992 0.000084 0.000752 0.001248 
0.000996 0.000092 0.000744 0.001363 
0.001014 0.000102 0.000756 0.001325 
0.001048 0.000107 0.000748 0.001391 
0.000976 0.000103 0.000750 0.001330 
0.000997 0.000098 0.000726 0.001314 
0.001013 0.000102 0.000730 0.001361 
0.000965 0.000071 0.000785 0.001272 
0.001017 0.000100 0.000787 0.001331 
0.000985 0.000105 0.000743 0.001329 
0.000980 0.000092 0.000773 0.001312 
0.001023 0.000106 0.000782 0.001384 
0.001003 0.000105 0.000763 0.001302 
0.000954 0.000080 0.000754 0.001224 
0.000993 0.000096 0.000768 0.001307 
0.000999 0.000114 0.000760 0.001331 
0.000974 0.000095 0.000736 0.001277 
0.000994 0.000095 0.000750 0.001299 
0.000985 0.000091 0.000768 0.001289 
0.000987 0.000113 0.000690 0.001364 
0.000975 0.000095 0.000704 0.001293 
