0.001054 0.000147 0.000865 0.001692 
0.001033 0.000146 0.000831 0.001620 
0.001031 0.000137 0.000820 0.001633 
0.001034 0.000140 0.000847 0.001739 
0.001043 0.000157 0.000858 0.001840 
0.001038 0.000146 0.000808 0.001730 
0.001035 0.000129 0.000796 0.001668 
0.001038 0.000135 0.000809 0.001672 
0.001029 0.000137 0.000793 0.001647 
0.001034 0.000148 0.000816 0.001641 
0.001018 0.000122 0.000849 0.001639 
0.001036 0.000145 0.000802 0.001634 
0.001046 0.000145 0.000822 0.001696 
0.000967 0.000113 0.000788 0.001417 
0.000988 0.000114 0.000773 0.001475 
0.000987 0.000107 0.000764 0.001417 
0.000985 0.000111 0.000779 0.001420 
0.000973 0.000098 0.000764 0.001370 
0.000979 0.000113 0.000770 0.001493 
0.001003 0.000134 0.000759 0.001550 
0.000984 0.000117 0.000781 0.001478 
0.000975 0.000102 0.000768 0.001412 
0.000983 0.000120 0.000793 0.001525 
0.000996 0.000119 0.000763 0.001497 
0.000965 0.000103 0.000780 0.001448 
0.000983 0.000102 0.000803 0.001435 
0.001071 0.000127 0.000794 0.001507 
0.001062 0.000147 0.000778 0.001563 
0.001085 0.000137 0.000748 0.001506 
0.001097 0.000157 0.000780 0.001633 
0.001108 0.000162 0.000744 0.001617 
0.001067 0.000145 0.000757 0.001621 
0.001085 0.000152 0.000771 0.001589 
0.001082 0.000163 0.000765 0.001643 
0.001105 0.000161 0.000762 0.001794 
0.001083 0.000157 0.000786 0.001658 
0.001074 0.000149 0.000749 0.001579 
0.001024 0.000100 0.000834 0.001444 
0.001066 0.000135 0.000852 0.001598 
0.001049 0.000121 0.000851 0.001536 
0.001047 0.000101 0.000826 0.001577 
0.001055 0.000119 0.000864 0.001606 
0.001052 0.000103 0.000806 0.001432 
0.001054 0.000130 0.000802 0.001561 
0.001068 0.000115 0.000832 0.001516 
0.001027 0.000115 0.000819 0.001620 
0.001045 0.000121 0.000796 0.001414 
0.001044 0.000135 0.000826 0.001519 
0.001036 0.000115 0.000823 0.001535 
0.000993 0.000113 0.000805 0.001431 
0.001028 0.000125 0.000808 0.001476 
0.001005 0.000106 0.000815 0.001395 
0.000989 0.000110 0.000830 0.001465 
0.001029 0.000116 0.000843 0.001477 
0.001009 0.000107 0.000834 0.001449 
0.001003 0.000110 0.000812 0.001411 
0.001005 0.000110 0.000810 0.001431 
0.000994 0.000119 0.000822 0.001483 
0.001005 0.000114 0.000815 0.001449 
0.001015 0.000115 0.000836 0.001455 
0.001077 0.000251 0.000772 0.002054 
0.001050 0.000232 0.000761 0.002070 
0.001059 0.000254 0.000760 0.002089 
0.001080 0.000266 0.000779 0.002019 
0.001030 0.000215 0.000727 0.001850 
0.001073 0.000239 0.000775 0.001978 
0.001063 0.000241 0.000756 0.002019 
0.001037 0.000237 0.000764 0.001964 
0.001086 0.000264 0.000750 0.002013 
0.001010 0.000212 0.000754 0.001892 
0.001016 0.000137 0.000750 0.001496 
0.001029 0.000137 0.000783 0.001503 
0.001018 0.000145 0.000727 0.001413 
0.001080 0.000173 0.000765 0.001686 
0.000998 0.000136 0.000729 0.001496 
0.001039 0.000158 0.000740 0.001574 
0.001060 0.000146 0.000763 0.001484 
0.001020 0.000133 0.000770 0.001417 
0.001020 0.000144 0.000732 0.001468 
0.001069 0.000160 0.000702 0.001578 
0.001023 0.000142 0.000730 0.001434 
0.001035 0.000136 0.000792 0.001466 
0.001041 0.000154 0.000745 0.001484 
0.001032 0.000138 0.000770 0.001420 
0.001038 0.000151 0.000741 0.001496 
0.001023 0.000151 0.000745 0.001500 
0.001058 0.000136 0.000772 0.001607 
0.001037 0.000125 0.000777 0.001529 
0.001060 0.000135 0.000825 0.001582 
0.001042 0.000138 0.000808 0.001724 
0.001029 0.000137 0.000788 0.001622 
0.001041 0.000131 0.000809 0.001588 
0.001058 0.000137 0.000816 0.001638 
0.001037 0.000142 0.000809 0.001635 
0.001005 0.000125 0.000787 0.001545 
0.001057 0.000133 0.000828 0.001582 
0.001031 0.000135 0.000796 0.001588 
0.001047 0.000140 0.000790 0.001595 
0.001010 0.000143 0.000811 0.001518 
0.001044 0.000139 0.000786 0.001607 
0.001096 0.000177 0.000828 0.001728 
0.001100 0.000168 0.000849 0.001773 
0.001108 0.000187 0.000823 0.001820 
0.001108 0.000182 0.000851 0.001892 
0.001094 0.000185 0.000832 0.001956 
0.001091 0.000169 0.000823 0.001787 
0.001114 0.000180 0.000836 0.001901 
0.001106 0.000173 0.000847 0.001884 
0.001095 0.000186 0.000838 0.001852 
0.001079 0.000180 0.000830 0.002023 
0.001082 0.000177 0.000846 0.001759 
0.001088 0.000175 0.000828 0.001880 
0.001098 0.000170 0.000858 0.001861 
0.001085 0.000173 0.000821 0.001741 
0.001052 0.000183 0.000790 0.001724 
0.001036 0.000170 0.000775 0.001733 
0.001054 0.000161 0.000742 0.001649 
0.001043 0.000165 0.000805 0.001676 
0.001045 0.000197 0.000771 0.001796 
0.001040 0.000173 0.000764 0.001696 
0.001058 0.000183 0.000777 0.001781 
0.001043 0.000169 0.000780 0.001646 
0.001021 0.000153 0.000772 0.001741 
0.001028 0.000168 0.000768 0.001632 
0.001049 0.000176 0.000804 0.001742 
0.001053 0.000171 0.000767 0.001758 
0.001023 0.000170 0.000779 0.001726 
0.001000 0.000133 0.000824 0.001624 
0.001015 0.000133 0.000831 0.001601 
0.001004 0.000118 0.000827 0.001556 
0.001014 0.000134 0.000800 0.001713 
0.001005 0.000122 0.000827 0.001549 
0.000993 0.000118 0.000775 0.001579 
0.000988 0.000123 0.000807 0.001587 
0.001020 0.000159 0.000827 0.001681 
0.000984 0.000137 0.000786 0.001614 
0.000985 0.000119 0.000808 0.001627 
0.000989 0.000129 0.000823 0.001602 
0.001030 0.000155 0.000820 0.001701 
0.001054 0.000125 0.000824 0.001576 
0.001009 0.000102 0.000787 0.001356 
0.001029 0.000109 0.000795 0.001470 
0.001032 0.000120 0.000815 0.001509 
0.001064 0.000110 0.000778 0.001438 
0.001051 0.000128 0.000804 0.001492 
0.001046 0.000126 0.000815 0.001490 
0.001033 0.000119 0.000799 0.001408 
0.001069 0.000116 0.000766 0.001524 
0.001053 0.000113 0.000803 0.001480 
0.001060 0.000121 0.000822 0.001489 
0.001032 0.000116 0.000819 0.001437 
0.001047 0.000083 0.000856 0.001354 
0.001013 0.000085 0.000857 0.001332 
0.000998 0.000075 0.000856 0.001365 
0.000995 0.000073 0.000859 0.001317 
0.001014 0.000079 0.000857 0.001274 
0.000986 0.000074 0.000851 0.001309 
0.000979 0.000066 0.000823 0.001229 
0.001017 0.000080 0.000872 0.001423 
0.000983 0.000066 0.000831 0.001289 
0.000974 0.000072 0.000817 0.001296 
0.000988 0.000070 0.000853 0.001331 
0.000966 0.000069 0.000813 0.001226 
0.001003 0.000083 0.000836 0.001313 
0.000970 0.000087 0.000801 0.001387 
0.001040 0.000122 0.000837 0.001613 
0.001050 0.000112 0.000860 0.001624 
0.001019 0.000129 0.000830 0.001658 
0.001050 0.000130 0.000839 0.001636 
0.001025 0.000119 0.000838 0.001560 
0.001028 0.000125 0.000832 0.001581 
0.001048 0.000126 0.000818 0.001626 
0.001035 0.000124 0.000837 0.001632 
0.001024 0.000126 0.000837 0.001599 
0.001036 0.000133 0.000844 0.001567 
0.001046 0.000139 0.000857 0.001616 
0.001032 0.000114 0.000833 0.001648 
0.001054 0.000113 0.000857 0.001734 
0.001024 0.000125 0.000809 0.001677 
0.001115 0.000201 0.000844 0.001956 
0.001098 0.000195 0.000811 0.001835 
0.001087 0.000188 0.000803 0.001750 
0.001114 0.000206 0.000840 0.001873 
0.001118 0.000188 0.000849 0.001814 
0.001080 0.000179 0.000816 0.001799 
0.001102 0.000196 0.000815 0.001776 
0.001063 0.000175 0.000800 0.001714 
0.001080 0.000169 0.000827 0.001699 
0.001086 0.000195 0.000824 0.001815 
0.001072 0.000181 0.000817 0.001803 
0.001105 0.000189 0.000818 0.001844 
0.001094 0.000176 0.000815 0.001706 
