0.001112 0.000172 0.000730 0.001624 
0.001135 0.000183 0.000664 0.001704 
0.001089 0.000177 0.000683 0.001642 
0.001094 0.000180 0.000676 0.001691 
0.001131 0.000163 0.000681 0.001620 
0.001121 0.000174 0.000648 0.001635 
0.001111 0.000166 0.000731 0.001684 
0.001093 0.000161 0.000749 0.001668 
0.001079 0.000166 0.000677 0.001591 
0.001090 0.000180 0.000669 0.001686 
0.001092 0.000183 0.000702 0.001687 
0.001098 0.000176 0.000661 0.001640 
0.001091 0.000164 0.000677 0.001563 
0.001052 0.000155 0.000656 0.001507 
0.001031 0.000156 0.000673 0.001552 
0.001074 0.000164 0.000688 0.001601 
0.001095 0.000161 0.000681 0.001486 
0.001024 0.000139 0.000711 0.001436 
0.001045 0.000152 0.000635 0.001459 
0.001058 0.000157 0.000615 0.001463 
0.001077 0.000160 0.000648 0.001547 
0.001036 0.000145 0.000645 0.001510 
0.001054 0.000147 0.000687 0.001487 
0.001068 0.000159 0.000682 0.001564 
0.001046 0.000152 0.000670 0.001572 
0.001030 0.000153 0.000672 0.001559 
0.001086 0.000190 0.000719 0.001670 
0.001107 0.000218 0.000657 0.001731 
0.001074 0.000194 0.000681 0.001618 
0.001108 0.000218 0.000675 0.001719 
0.001121 0.000201 0.000732 0.001706 
0.001097 0.000208 0.000707 0.001720 
0.001113 0.000194 0.000727 0.001713 
0.001085 0.000205 0.000688 0.001684 
0.001167 0.000229 0.000630 0.001839 
0.001077 0.000197 0.000702 0.001690 
0.001101 0.000198 0.000683 0.001625 
0.001114 0.000196 0.000662 0.001649 
0.001140 0.000186 0.000728 0.001628 
0.001159 0.000218 0.000676 0.001905 
0.001138 0.000174 0.000753 0.001645 
0.001140 0.000186 0.000685 0.001644 
0.001129 0.000191 0.000700 0.001678 
0.001135 0.000196 0.000684 0.001619 
0.001186 0.000203 0.000743 0.001973 
0.001148 0.000195 0.000684 0.001710 
0.001127 0.000196 0.000718 0.001911 
0.001160 0.000204 0.000695 0.001709 
0.001148 0.000194 0.000737 0.001932 
0.001073 0.000187 0.000669 0.001730 
0.001114 0.000193 0.000667 0.001720 
0.001098 0.000187 0.000690 0.001700 
0.001100 0.000191 0.000712 0.001680 
0.001138 0.000182 0.000747 0.001844 
0.001098 0.000173 0.000755 0.001566 
0.001077 0.000177 0.000761 0.001726 
0.001093 0.000179 0.000724 0.001547 
0.001106 0.000191 0.000684 0.001722 
0.001111 0.000181 0.000714 0.001578 
0.001120 0.000191 0.000687 0.001607 
0.001063 0.000186 0.000696 0.001651 
0.001091 0.000171 0.000716 0.001563 
0.001050 0.000178 0.000667 0.001657 
0.001061 0.000181 0.000698 0.001588 
0.001074 0.000189 0.000539 0.001562 
0.001026 0.000183 0.000663 0.001558 
0.001040 0.000184 0.000653 0.001600 
0.001030 0.000185 0.000664 0.001580 
0.001072 0.000190 0.000662 0.001663 
0.001053 0.000198 0.000613 0.001664 
0.001133 0.000188 0.000776 0.001630 
0.001127 0.000199 0.000725 0.001689 
0.001132 0.000192 0.000760 0.001770 
0.001136 0.000194 0.000760 0.001716 
0.001080 0.000183 0.000757 0.001589 
0.001143 0.000194 0.000749 0.001692 
0.001126 0.000191 0.000773 0.001734 
0.001166 0.000191 0.000770 0.001800 
0.001094 0.000196 0.000706 0.001626 
0.001127 0.000207 0.000723 0.001773 
0.001113 0.000194 0.000740 0.001632 
0.001142 0.000194 0.000772 0.001731 
0.001108 0.000188 0.000768 0.001643 
0.001144 0.000185 0.000807 0.001724 
0.001097 0.000183 0.000768 0.001638 
0.001112 0.000184 0.000695 0.001623 
0.001133 0.000188 0.000799 0.001722 
0.001118 0.000166 0.000811 0.001682 
0.001178 0.000200 0.000778 0.001730 
0.001151 0.000196 0.000710 0.001659 
0.001153 0.000205 0.000777 0.001708 
0.001138 0.000186 0.000797 0.001715 
0.001155 0.000192 0.000795 0.001714 
0.001187 0.000203 0.000768 0.001785 
0.001138 0.000192 0.000759 0.001720 
0.001185 0.000228 0.000674 0.001760 
0.001153 0.000206 0.000708 0.001787 
0.001140 0.000204 0.000764 0.001794 
0.001140 0.000206 0.000749 0.001756 
0.001127 0.000188 0.000766 0.001701 
0.001057 0.000216 0.000663 0.001689 
0.001070 0.000200 0.000667 0.001668 
0.001037 0.000193 0.000657 0.001707 
0.001052 0.000221 0.000604 0.001655 
0.001073 0.000216 0.000690 0.001774 
0.001059 0.000236 0.000665 0.001871 
0.001054 0.000197 0.000717 0.001876 
0.001058 0.000201 0.000646 0.001718 
0.001037 0.000207 0.000614 0.001677 
0.001081 0.000219 0.000587 0.001727 
0.001040 0.000182 0.000677 0.001610 
0.001045 0.000187 0.000653 0.001563 
0.001059 0.000204 0.000711 0.001894 
0.001106 0.000212 0.000653 0.001840 
0.001114 0.000185 0.000699 0.001656 
0.001026 0.000175 0.000618 0.001550 
0.001046 0.000205 0.000628 0.001711 
0.001052 0.000200 0.000680 0.001624 
0.001069 0.000192 0.000632 0.001595 
0.001040 0.000180 0.000707 0.001678 
0.001055 0.000213 0.000639 0.001649 
0.001057 0.000186 0.000674 0.001653 
0.001052 0.000178 0.000662 0.001609 
0.001044 0.000176 0.000696 0.001571 
0.001028 0.000182 0.000663 0.001554 
0.001044 0.000202 0.000648 0.001590 
0.001033 0.000180 0.000648 0.001593 
0.001055 0.000218 0.000588 0.001992 
0.001058 0.000203 0.000596 0.001957 
0.001016 0.000203 0.000671 0.001997 
0.001011 0.000171 0.000710 0.002041 
0.001021 0.000203 0.000604 0.001958 
0.001015 0.000215 0.000552 0.001884 
0.001003 0.000199 0.000594 0.001709 
0.001055 0.000226 0.000636 0.002132 
0.001031 0.000206 0.000610 0.001817 
0.001053 0.000211 0.000655 0.001999 
0.000998 0.000192 0.000624 0.001950 
0.001068 0.000176 0.000714 0.001802 
0.001068 0.000166 0.000684 0.001557 
0.001025 0.000170 0.000641 0.001634 
0.001017 0.000177 0.000649 0.001576 
0.001058 0.000179 0.000688 0.001600 
0.001065 0.000188 0.000688 0.001566 
0.001052 0.000197 0.000613 0.001621 
0.001030 0.000193 0.000604 0.001590 
0.001059 0.000191 0.000653 0.001658 
0.001062 0.000184 0.000669 0.001887 
0.001060 0.000182 0.000678 0.001669 
0.001037 0.000172 0.000675 0.001657 
0.001080 0.000179 0.000669 0.001674 
0.001027 0.000164 0.000717 0.001653 
0.001184 0.000209 0.000712 0.001698 
0.001209 0.000194 0.000728 0.001762 
0.001172 0.000198 0.000721 0.001581 
0.001169 0.000195 0.000776 0.001612 
0.001161 0.000195 0.000710 0.001645 
0.001170 0.000213 0.000701 0.001752 
0.001155 0.000205 0.000664 0.001602 
0.001158 0.000201 0.000691 0.001619 
0.001117 0.000187 0.000683 0.001585 
0.001136 0.000178 0.000710 0.001665 
0.001103 0.000196 0.000598 0.001479 
0.001179 0.000195 0.000714 0.001671 
0.001107 0.000196 0.000690 0.001558 
0.001083 0.000173 0.000722 0.001611 
0.001080 0.000138 0.000772 0.001469 
0.001085 0.000169 0.000683 0.001511 
0.001111 0.000182 0.000687 0.001618 
0.001125 0.000172 0.000675 0.001559 
0.001100 0.000171 0.000691 0.001526 
0.001100 0.000180 0.000695 0.001599 
0.001138 0.000168 0.000674 0.001584 
0.001084 0.000170 0.000653 0.001517 
0.001082 0.000166 0.000702 0.001609 
0.001115 0.000170 0.000703 0.001699 
0.001101 0.000165 0.000693 0.001503 
0.001104 0.000168 0.000711 0.001575 
0.001111 0.000186 0.000623 0.001554 
0.001153 0.000218 0.000704 0.001874 
0.001076 0.000210 0.000652 0.001721 
0.001135 0.000225 0.000661 0.001788 
0.001152 0.000240 0.000676 0.001986 
0.001186 0.000231 0.000663 0.001919 
0.001150 0.000244 0.000631 0.001813 
0.001145 0.000239 0.000665 0.001899 
0.001124 0.000244 0.000670 0.001967 
0.001069 0.000216 0.000664 0.001747 
0.001133 0.000247 0.000649 0.001781 
0.001133 0.000229 0.000667 0.001885 
0.001087 0.000210 0.000719 0.001841 
0.001100 0.000217 0.000721 0.001856 
