0.001615 0.000425 0.000824 0.002861 
0.001625 0.000437 0.000860 0.002949 
0.001654 0.000450 0.000802 0.002914 
0.001633 0.000450 0.000800 0.002987 
0.001599 0.000435 0.000813 0.002882 
0.001631 0.000445 0.000822 0.003097 
0.001620 0.000424 0.000869 0.002922 
0.001649 0.000434 0.000818 0.002887 
0.001582 0.000431 0.000796 0.002913 
0.001607 0.000421 0.000804 0.002885 
0.001602 0.000422 0.000808 0.002866 
0.001575 0.000398 0.000840 0.002729 
0.001639 0.000452 0.000795 0.003010 
0.001702 0.000488 0.000805 0.003016 
0.001717 0.000484 0.000833 0.002926 
0.001662 0.000452 0.000806 0.002824 
0.001723 0.000472 0.000834 0.003062 
0.001713 0.000493 0.000818 0.003025 
0.001645 0.000454 0.000817 0.002933 
0.001656 0.000449 0.000828 0.002782 
0.001722 0.000461 0.000819 0.002911 
0.001677 0.000468 0.000802 0.002961 
0.001701 0.000464 0.000824 0.002984 
0.001658 0.000451 0.000785 0.002778 
0.001694 0.000452 0.000821 0.002811 
0.001695 0.000462 0.000835 0.002903 
0.001770 0.000451 0.000879 0.002891 
0.001733 0.000460 0.000841 0.002975 
0.001790 0.000498 0.000842 0.003006 
0.001735 0.000478 0.000846 0.002994 
0.001750 0.000493 0.000841 0.003018 
0.001752 0.000487 0.000830 0.003035 
0.001798 0.000498 0.000845 0.003033 
0.001763 0.000494 0.000879 0.003056 
0.001716 0.000475 0.000830 0.003011 
0.001700 0.000441 0.000876 0.002876 
0.001766 0.000482 0.000862 0.002962 
0.001492 0.000387 0.000806 0.002762 
0.001502 0.000391 0.000809 0.002824 
0.001521 0.000399 0.000853 0.002735 
0.001503 0.000401 0.000828 0.002747 
0.001498 0.000397 0.000772 0.002755 
0.001466 0.000366 0.000817 0.002678 
0.001459 0.000371 0.000757 0.002718 
0.001519 0.000401 0.000810 0.002839 
0.001506 0.000398 0.000791 0.002783 
0.001551 0.000427 0.000829 0.002821 
0.001474 0.000393 0.000785 0.002771 
0.001547 0.000411 0.000835 0.002885 
0.001879 0.000525 0.000819 0.003115 
0.001844 0.000509 0.000796 0.003067 
0.001802 0.000496 0.000843 0.003056 
0.001838 0.000541 0.000821 0.003136 
0.001904 0.000525 0.000809 0.003162 
0.001837 0.000499 0.000835 0.003002 
0.001987 0.000532 0.000820 0.003204 
0.001898 0.000513 0.000811 0.003102 
0.001847 0.000504 0.000814 0.003098 
0.001774 0.000486 0.000831 0.003013 
0.001712 0.000468 0.000826 0.002978 
0.001677 0.000465 0.000799 0.002895 
0.001664 0.000469 0.000786 0.002887 
0.001683 0.000483 0.000811 0.003003 
0.001615 0.000431 0.000809 0.002818 
0.001651 0.000463 0.000737 0.002851 
0.001625 0.000447 0.000788 0.002840 
0.001661 0.000478 0.000799 0.002925 
0.001626 0.000443 0.000794 0.002756 
0.001647 0.000466 0.000683 0.002938 
0.001668 0.000464 0.000793 0.002913 
0.001739 0.000451 0.000789 0.002925 
0.001766 0.000486 0.000796 0.003125 
0.001711 0.000456 0.000824 0.002977 
0.001713 0.000442 0.000823 0.002928 
0.001757 0.000483 0.000833 0.003071 
0.001751 0.000478 0.000821 0.003023 
0.001715 0.000443 0.000840 0.002885 
0.001735 0.000447 0.000828 0.002957 
0.001735 0.000463 0.000803 0.003062 
0.001773 0.000468 0.000882 0.002997 
0.001704 0.000455 0.000808 0.003175 
0.001745 0.000461 0.000847 0.003084 
0.001702 0.000460 0.000843 0.003004 
0.001708 0.000418 0.000834 0.002866 
0.001763 0.000469 0.000840 0.003061 
0.001696 0.000452 0.000817 0.003002 
0.001658 0.000462 0.000802 0.002895 
0.001602 0.000438 0.000805 0.002765 
0.001592 0.000420 0.000827 0.002697 
0.001684 0.000467 0.000836 0.002866 
0.001619 0.000459 0.000825 0.002894 
0.001630 0.000455 0.000812 0.002877 
0.001659 0.000480 0.000809 0.002965 
0.001665 0.000467 0.000805 0.002879 
0.001637 0.000441 0.000836 0.002760 
0.001728 0.000495 0.000841 0.003047 
0.001621 0.000440 0.000816 0.002770 
0.001696 0.000487 0.000831 0.002962 
0.001664 0.000469 0.000783 0.002987 
0.001627 0.000440 0.000792 0.002799 
0.001849 0.000547 0.000857 0.003153 
0.001816 0.000556 0.000825 0.003115 
0.001765 0.000534 0.000794 0.003109 
0.001792 0.000542 0.000815 0.003141 
0.001779 0.000528 0.000827 0.003118 
0.001807 0.000539 0.000832 0.003204 
0.001829 0.000549 0.000814 0.003165 
0.001787 0.000538 0.000814 0.003063 
0.001832 0.000548 0.000826 0.003108 
0.001727 0.000514 0.000789 0.003080 
0.001821 0.000572 0.000802 0.003090 
0.001824 0.000577 0.000778 0.003079 
0.001895 0.000567 0.000813 0.003175 
0.001836 0.000536 0.000796 0.003091 
0.001511 0.000387 0.000782 0.002665 
0.001537 0.000391 0.000776 0.002715 
0.001627 0.000404 0.000831 0.002739 
0.001616 0.000417 0.000833 0.002863 
0.001571 0.000379 0.000854 0.002830 
0.001633 0.000428 0.000784 0.002799 
0.001615 0.000412 0.000822 0.002821 
0.001583 0.000399 0.000854 0.002767 
0.001532 0.000356 0.000839 0.002626 
0.001624 0.000428 0.000801 0.002852 
0.001550 0.000381 0.000819 0.002695 
0.001599 0.000405 0.000852 0.002784 
0.001561 0.000377 0.000832 0.002585 
0.001787 0.000505 0.000804 0.003056 
0.001830 0.000503 0.000823 0.003050 
0.001773 0.000490 0.000830 0.003027 
0.001806 0.000520 0.000796 0.003039 
0.001818 0.000514 0.000802 0.003025 
0.001819 0.000509 0.000766 0.003015 
0.001847 0.000503 0.000801 0.003041 
0.001793 0.000506 0.000798 0.003030 
0.001806 0.000505 0.000811 0.002998 
0.001774 0.000478 0.000786 0.003026 
0.001777 0.000495 0.000831 0.002942 
0.001762 0.000481 0.000776 0.003035 
0.001836 0.000553 0.000719 0.003087 
0.001859 0.000562 0.000702 0.003121 
0.001814 0.000545 0.000741 0.003092 
0.001865 0.000554 0.000762 0.003115 
0.001851 0.000554 0.000747 0.003147 
0.001825 0.000577 0.000747 0.003199 
0.001828 0.000542 0.000685 0.003118 
0.001814 0.000526 0.000710 0.003128 
0.001840 0.000568 0.000749 0.003238 
0.001822 0.000559 0.000763 0.003099 
0.001849 0.000567 0.000709 0.003138 
0.001850 0.000542 0.000786 0.003105 
0.001898 0.000580 0.000714 0.003241 
0.001573 0.000328 0.000876 0.002544 
0.001583 0.000379 0.000869 0.002767 
0.001615 0.000375 0.000862 0.002721 
0.001652 0.000396 0.000862 0.002774 
0.001661 0.000409 0.000839 0.002819 
0.001553 0.000341 0.000866 0.002640 
0.001575 0.000360 0.000877 0.002705 
0.001563 0.000346 0.000872 0.002674 
0.001558 0.000342 0.000863 0.002562 
0.001626 0.000396 0.000883 0.002741 
0.001589 0.000348 0.000865 0.002522 
0.001642 0.000414 0.000862 0.002848 
0.001591 0.000361 0.000852 0.002682 
0.001645 0.000421 0.000848 0.002889 
0.001616 0.000396 0.000809 0.002861 
0.001622 0.000427 0.000814 0.003000 
0.001657 0.000440 0.000847 0.002958 
0.001651 0.000441 0.000832 0.003009 
0.001685 0.000455 0.000835 0.003143 
0.001614 0.000431 0.000828 0.003055 
0.001626 0.000424 0.000827 0.002942 
0.001638 0.000404 0.000858 0.002830 
0.001688 0.000449 0.000842 0.003146 
0.001687 0.000422 0.000854 0.002936 
0.001605 0.000404 0.000839 0.002916 
0.001667 0.000456 0.000826 0.003040 
0.001635 0.000416 0.000810 0.002856 
0.001991 0.000553 0.000912 0.003260 
0.001967 0.000540 0.000883 0.003292 
0.001915 0.000501 0.000881 0.003069 
0.001914 0.000508 0.000908 0.003075 
0.001940 0.000523 0.000882 0.003214 
0.001959 0.000505 0.000907 0.003128 
0.002029 0.000523 0.000973 0.003187 
0.001918 0.000530 0.000894 0.003118 
0.002051 0.000559 0.000858 0.003226 
0.001875 0.000494 0.000877 0.003059 
0.001960 0.000525 0.000899 0.003136 
0.001989 0.000577 0.000880 0.003214 
0.001913 0.000503 0.000845 0.003070 
