0.000759 0.000118 0.000000 0.001193 
0.000697 0.000072 0.000000 0.000998 
0.000704 0.000082 0.000000 0.001049 
0.000677 0.000080 0.000000 0.001014 
0.000721 0.000078 0.000000 0.001030 
0.000717 0.000126 0.000000 0.001263 
0.000729 0.000073 0.000000 0.001007 
0.000719 0.000075 0.000000 0.000962 
0.000723 0.000084 0.000000 0.001145 
0.000673 0.000093 0.000000 0.001104 
0.000705 0.000080 0.000000 0.001042 
0.000721 0.000091 0.000000 0.001149 
0.000735 0.000097 0.000000 0.001111 
0.000702 0.000080 0.000000 0.000905 
0.000641 0.000059 0.000000 0.000878 
0.000712 0.000076 0.000000 0.000918 
0.000679 0.000058 0.000000 0.000868 
0.000648 0.000054 0.000000 0.000835 
0.000681 0.000082 0.000000 0.000890 
0.000633 0.000062 0.000000 0.000817 
0.000661 0.000064 0.000000 0.000891 
0.000726 0.000090 0.000000 0.000980 
0.000670 0.000060 0.000000 0.000824 
0.000690 0.000068 0.000000 0.000929 
0.000668 0.000065 0.000000 0.000920 
0.000684 0.000068 0.000000 0.000913 
0.000671 0.000066 0.000000 0.001034 
0.000720 0.000067 0.000000 0.001029 
0.000675 0.000057 0.000000 0.000912 
0.000682 0.000064 0.000000 0.000954 
0.000703 0.000068 0.000000 0.001023 
0.000671 0.000058 0.000000 0.001025 
0.000662 0.000049 0.000000 0.000930 
0.000691 0.000066 0.000000 0.000958 
0.000675 0.000078 0.000000 0.001108 
0.000671 0.000059 0.000000 0.000932 
0.000664 0.000053 0.000000 0.000980 
0.000703 0.000048 0.000000 0.000935 
0.000709 0.000060 0.000000 0.000938 
0.000732 0.000064 0.000000 0.000978 
0.000737 0.000063 0.000000 0.000958 
0.000707 0.000052 0.000000 0.000932 
0.000713 0.000066 0.000000 0.000938 
0.000721 0.000066 0.000000 0.000932 
0.000695 0.000069 0.000000 0.001006 
0.000706 0.000062 0.000000 0.000902 
0.000718 0.000062 0.000000 0.001034 
0.000680 0.000048 0.000000 0.000943 
0.000695 0.000063 0.000000 0.000982 
0.000728 0.000073 0.000000 0.001023 
0.000702 0.000042 0.000000 0.000940 
0.000711 0.000061 0.000000 0.000901 
0.000724 0.000061 0.000000 0.001023 
0.000747 0.000053 0.000000 0.001006 
0.000756 0.000063 0.000000 0.000978 
0.000690 0.000052 0.000000 0.000854 
0.000728 0.000052 0.000000 0.000923 
0.000701 0.000049 0.000000 0.000969 
0.000742 0.000042 0.000000 0.000908 
0.000731 0.000056 0.000000 0.000916 
0.000820 0.000130 0.000000 0.001277 
0.000775 0.000085 0.000000 0.001113 
0.000795 0.000104 0.000000 0.001213 
0.000833 0.000154 0.000000 0.001571 
0.000744 0.000074 0.000000 0.001042 
0.000789 0.000107 0.000000 0.001247 
0.000788 0.000120 0.000000 0.001179 
0.000767 0.000121 0.000000 0.001401 
0.000758 0.000090 0.000000 0.001133 
0.000731 0.000099 0.000000 0.001256 
0.000696 0.000039 0.000000 0.000882 
0.000723 0.000038 0.000000 0.000915 
0.000721 0.000047 0.000000 0.000913 
0.000705 0.000052 0.000000 0.000931 
0.000687 0.000053 0.000000 0.000899 
0.000726 0.000047 0.000000 0.000879 
0.000714 0.000059 0.000000 0.000971 
0.000711 0.000040 0.000000 0.000891 
0.000727 0.000058 0.000000 0.000989 
0.000708 0.000043 0.000000 0.000880 
0.000704 0.000043 0.000000 0.000879 
0.000711 0.000048 0.000000 0.000885 
0.000714 0.000053 0.000000 0.000884 
0.000714 0.000050 0.000000 0.000910 
0.000716 0.000062 0.000000 0.000987 
0.000778 0.000079 0.000000 0.000974 
0.000735 0.000171 0.000000 0.001352 
0.000729 0.000159 0.000000 0.001214 
0.000861 0.000212 0.000000 0.001509 
0.000706 0.000152 0.000000 0.001257 
0.000804 0.000198 0.000000 0.001309 
0.000867 0.000190 0.000000 0.001459 
0.000797 0.000176 0.000000 0.001238 
0.000749 0.000140 0.000000 0.001197 
0.000776 0.000191 0.000000 0.001324 
0.000698 0.000135 0.000000 0.001284 
0.000728 0.000190 0.000000 0.001339 
0.000804 0.000178 0.000000 0.001398 
0.000717 0.000190 0.000000 0.001421 
0.000675 0.000103 0.000000 0.001097 
0.000720 0.000101 0.000000 0.001176 
0.000744 0.000089 0.000000 0.001060 
0.000755 0.000080 0.000000 0.001024 
0.000809 0.000088 0.000000 0.001171 
0.000766 0.000131 0.000000 0.001228 
0.000735 0.000097 0.000000 0.001225 
0.000720 0.000103 0.000000 0.001220 
0.000756 0.000084 0.000000 0.001059 
0.000725 0.000104 0.000000 0.001071 
0.000749 0.000110 0.000000 0.001073 
0.000723 0.000105 0.000000 0.001088 
0.000723 0.000077 0.000000 0.001079 
0.000725 0.000076 0.000000 0.001031 
0.000726 0.000054 0.000000 0.001086 
0.000646 0.000060 0.000000 0.000885 
0.000732 0.000135 0.000000 0.001306 
0.000612 0.000057 0.000000 0.000816 
0.000610 0.000086 0.000000 0.000961 
0.000681 0.000092 0.000000 0.001041 
0.000609 0.000066 0.000000 0.000941 
0.000669 0.000093 0.000000 0.001151 
0.000652 0.000080 0.000000 0.000932 
0.000660 0.000083 0.000000 0.001084 
0.000667 0.000099 0.000000 0.001129 
0.000641 0.000063 0.000000 0.000917 
0.000694 0.000126 0.000000 0.001397 
0.000623 0.000055 0.000000 0.000841 
0.000669 0.000058 0.000000 0.000848 
0.000701 0.000072 0.000000 0.000928 
0.000644 0.000063 0.000000 0.000929 
0.000652 0.000064 0.000000 0.000856 
0.000653 0.000058 0.000000 0.000819 
0.000638 0.000059 0.000000 0.000882 
0.000662 0.000101 0.000000 0.001100 
0.000625 0.000056 0.000000 0.000841 
0.000688 0.000101 0.000000 0.001088 
0.000673 0.000072 0.000000 0.000910 
0.000655 0.000059 0.000000 0.000866 
0.000731 0.000086 0.000000 0.001097 
0.000706 0.000072 0.000000 0.001029 
0.000699 0.000085 0.000000 0.001105 
0.000704 0.000082 0.000000 0.001067 
0.000702 0.000078 0.000000 0.001084 
0.000722 0.000088 0.000000 0.001228 
0.000704 0.000082 0.000000 0.001085 
0.000700 0.000088 0.000000 0.001151 
0.000669 0.000060 0.000000 0.000987 
0.000736 0.000098 0.000000 0.001285 
0.000676 0.000063 0.000000 0.000909 
0.000683 0.000053 0.000000 0.000919 
0.000698 0.000073 0.000000 0.001117 
0.000735 0.000095 0.000000 0.001214 
0.000753 0.000092 0.000000 0.001066 
0.000671 0.000052 0.000000 0.000894 
0.000688 0.000063 0.000000 0.000919 
0.000692 0.000068 0.000000 0.000940 
0.000703 0.000077 0.000000 0.000966 
0.000679 0.000051 0.000000 0.000884 
0.000679 0.000056 0.000000 0.000893 
0.000678 0.000054 0.000000 0.000923 
0.000647 0.000051 0.000000 0.000907 
0.000673 0.000055 0.000000 0.000953 
0.000665 0.000050 0.000000 0.000860 
0.000724 0.000073 0.000000 0.000967 
0.000636 0.000056 0.000000 0.000908 
0.000724 0.000068 0.000000 0.000961 
0.000773 0.000074 0.000000 0.000973 
0.000726 0.000064 0.000000 0.000901 
0.000756 0.000077 0.000000 0.000981 
0.000749 0.000071 0.000000 0.000951 
0.000725 0.000062 0.000000 0.000892 
0.000717 0.000070 0.000000 0.000961 
0.000785 0.000078 0.000000 0.000987 
0.000764 0.000083 0.000000 0.001100 
0.000749 0.000083 0.000000 0.001057 
0.000766 0.000065 0.000000 0.000940 
0.000755 0.000067 0.000000 0.000958 
0.000759 0.000072 0.000000 0.000957 
0.000754 0.000067 0.000000 0.000970 
0.000769 0.000098 0.000000 0.001226 
0.000770 0.000095 0.000000 0.001211 
0.000777 0.000111 0.000000 0.001309 
0.000757 0.000100 0.000000 0.001283 
0.000783 0.000090 0.000000 0.001258 
0.000800 0.000116 0.000000 0.001283 
0.000761 0.000099 0.000000 0.001160 
0.000741 0.000082 0.000000 0.001161 
0.000741 0.000077 0.000000 0.001139 
0.000780 0.000133 0.000000 0.001359 
0.000787 0.000119 0.000000 0.001362 
0.000753 0.000091 0.000000 0.001212 
0.000766 0.000091 0.000000 0.001191 
