0.000959 0.000135 0.000681 0.001811 
0.000920 0.000140 0.000633 0.001617 
0.000932 0.000149 0.000654 0.001656 
0.000952 0.000133 0.000648 0.001665 
0.000942 0.000139 0.000671 0.001759 
0.000953 0.000140 0.000668 0.001726 
0.000940 0.000146 0.000683 0.001647 
0.000962 0.000137 0.000707 0.001749 
0.000896 0.000132 0.000630 0.001591 
0.000946 0.000133 0.000694 0.001734 
0.000933 0.000141 0.000671 0.001743 
0.000942 0.000137 0.000697 0.001744 
0.000960 0.000140 0.000687 0.001742 
0.000913 0.000149 0.000630 0.001854 
0.000923 0.000149 0.000650 0.001742 
0.000905 0.000150 0.000640 0.001782 
0.000920 0.000153 0.000662 0.001778 
0.000924 0.000142 0.000634 0.001946 
0.000902 0.000143 0.000633 0.001668 
0.000895 0.000136 0.000656 0.001773 
0.000910 0.000154 0.000615 0.001777 
0.000913 0.000162 0.000641 0.002005 
0.000901 0.000159 0.000636 0.001852 
0.000890 0.000158 0.000632 0.001810 
0.000920 0.000156 0.000631 0.001675 
0.000922 0.000152 0.000647 0.001903 
0.000960 0.000162 0.000696 0.001884 
0.000922 0.000165 0.000678 0.001947 
0.000954 0.000182 0.000695 0.001985 
0.000933 0.000169 0.000671 0.002150 
0.000938 0.000145 0.000685 0.002007 
0.000953 0.000179 0.000673 0.001981 
0.000944 0.000189 0.000680 0.002116 
0.000933 0.000170 0.000664 0.001937 
0.000927 0.000156 0.000684 0.001940 
0.000931 0.000165 0.000677 0.001911 
0.000972 0.000172 0.000699 0.001933 
0.000901 0.000082 0.000702 0.001225 
0.000906 0.000085 0.000709 0.001203 
0.000895 0.000081 0.000687 0.001235 
0.000897 0.000093 0.000681 0.001305 
0.000900 0.000085 0.000699 0.001247 
0.000879 0.000096 0.000657 0.001254 
0.000881 0.000086 0.000684 0.001203 
0.000900 0.000085 0.000707 0.001250 
0.000903 0.000087 0.000681 0.001228 
0.000914 0.000091 0.000698 0.001370 
0.000890 0.000085 0.000690 0.001145 
0.000917 0.000082 0.000722 0.001276 
0.000992 0.000180 0.000712 0.001954 
0.001004 0.000228 0.000668 0.002224 
0.000999 0.000202 0.000709 0.002125 
0.001024 0.000214 0.000728 0.001982 
0.001033 0.000240 0.000715 0.002404 
0.000977 0.000176 0.000698 0.001900 
0.001047 0.000265 0.000690 0.002445 
0.001017 0.000228 0.000723 0.002205 
0.000996 0.000184 0.000709 0.001937 
0.000991 0.000197 0.000703 0.002003 
0.000986 0.000182 0.000706 0.001889 
0.000899 0.000126 0.000639 0.001599 
0.000886 0.000122 0.000626 0.001627 
0.000889 0.000123 0.000655 0.001698 
0.000892 0.000117 0.000640 0.001357 
0.000878 0.000121 0.000629 0.001560 
0.000875 0.000114 0.000621 0.001477 
0.000878 0.000114 0.000645 0.001501 
0.000878 0.000116 0.000640 0.001502 
0.000889 0.000119 0.000619 0.001608 
0.000882 0.000122 0.000641 0.001600 
0.000976 0.000174 0.000703 0.001831 
0.000955 0.000198 0.000640 0.002012 
0.000947 0.000176 0.000651 0.001935 
0.000951 0.000172 0.000676 0.001848 
0.000973 0.000178 0.000684 0.002146 
0.000964 0.000162 0.000684 0.001869 
0.000981 0.000190 0.000676 0.001968 
0.000974 0.000172 0.000697 0.001867 
0.000990 0.000187 0.000694 0.002094 
0.000974 0.000176 0.000683 0.001894 
0.000979 0.000172 0.000702 0.001968 
0.000970 0.000180 0.000699 0.001927 
0.000975 0.000197 0.000661 0.002052 
0.000981 0.000186 0.000690 0.001937 
0.000986 0.000207 0.000667 0.002116 
0.000941 0.000199 0.000646 0.001958 
0.000904 0.000123 0.000679 0.001520 
0.000897 0.000134 0.000669 0.001738 
0.000892 0.000117 0.000676 0.001471 
0.000905 0.000127 0.000670 0.001636 
0.000908 0.000111 0.000676 0.001333 
0.000923 0.000121 0.000686 0.001625 
0.000898 0.000118 0.000668 0.001436 
0.000908 0.000125 0.000660 0.001712 
0.000910 0.000113 0.000686 0.001440 
0.000890 0.000123 0.000667 0.001512 
0.000891 0.000118 0.000662 0.001474 
0.000922 0.000112 0.000710 0.001486 
0.000917 0.000123 0.000659 0.001664 
0.000901 0.000129 0.000664 0.001788 
0.000937 0.000142 0.000707 0.001786 
0.000924 0.000161 0.000677 0.001836 
0.000922 0.000136 0.000691 0.001692 
0.000925 0.000145 0.000669 0.001823 
0.000921 0.000138 0.000674 0.001699 
0.000917 0.000145 0.000640 0.001642 
0.000931 0.000151 0.000682 0.001716 
0.000900 0.000151 0.000630 0.001893 
0.000913 0.000142 0.000652 0.001687 
0.000893 0.000142 0.000672 0.001869 
0.000908 0.000144 0.000638 0.001919 
0.000907 0.000171 0.000681 0.002030 
0.000952 0.000180 0.000696 0.002075 
0.000917 0.000167 0.000691 0.001805 
0.000888 0.000124 0.000641 0.001576 
0.000916 0.000128 0.000690 0.001618 
0.000935 0.000142 0.000691 0.001671 
0.000932 0.000126 0.000684 0.001590 
0.000913 0.000125 0.000675 0.001535 
0.000935 0.000142 0.000694 0.001749 
0.000931 0.000141 0.000697 0.001692 
0.000924 0.000120 0.000705 0.001558 
0.000907 0.000126 0.000682 0.001619 
0.000912 0.000122 0.000692 0.001564 
0.000923 0.000127 0.000689 0.001639 
0.000927 0.000126 0.000676 0.001629 
0.000909 0.000135 0.000659 0.001574 
0.001022 0.000199 0.000719 0.002077 
0.001031 0.000217 0.000710 0.002137 
0.001041 0.000219 0.000717 0.002235 
0.001039 0.000228 0.000730 0.002167 
0.001045 0.000217 0.000742 0.002194 
0.001029 0.000215 0.000715 0.002084 
0.001035 0.000172 0.000743 0.002097 
0.001022 0.000212 0.000731 0.002151 
0.001034 0.000192 0.000726 0.002197 
0.001036 0.000191 0.000739 0.001977 
0.001006 0.000182 0.000719 0.001985 
0.000992 0.000181 0.000691 0.001920 
0.000999 0.000212 0.000711 0.002134 
0.001005 0.000220 0.000702 0.002127 
0.001006 0.000224 0.000711 0.002075 
0.001023 0.000225 0.000724 0.002105 
0.000978 0.000208 0.000697 0.002001 
0.000997 0.000198 0.000696 0.001979 
0.001024 0.000226 0.000715 0.002096 
0.001002 0.000200 0.000732 0.002022 
0.000996 0.000210 0.000692 0.002126 
0.001014 0.000236 0.000726 0.002189 
0.000986 0.000211 0.000721 0.002019 
0.001018 0.000234 0.000696 0.002157 
0.001012 0.000249 0.000699 0.002165 
0.001009 0.000153 0.000692 0.001722 
0.000988 0.000134 0.000710 0.001672 
0.000981 0.000138 0.000667 0.001647 
0.001000 0.000137 0.000718 0.001798 
0.001004 0.000164 0.000675 0.001940 
0.000983 0.000144 0.000680 0.001635 
0.000991 0.000144 0.000697 0.001684 
0.000978 0.000142 0.000669 0.001640 
0.000975 0.000142 0.000645 0.001663 
0.000994 0.000164 0.000655 0.001862 
0.000983 0.000146 0.000697 0.001707 
0.000999 0.000159 0.000685 0.001916 
0.000973 0.000134 0.000680 0.001558 
0.000983 0.000187 0.000661 0.002204 
0.000967 0.000192 0.000651 0.002102 
0.000958 0.000185 0.000649 0.002082 
0.000973 0.000168 0.000684 0.001872 
0.000967 0.000181 0.000661 0.002222 
0.000967 0.000168 0.000683 0.002093 
0.000974 0.000193 0.000657 0.002204 
0.000957 0.000191 0.000655 0.002248 
0.000946 0.000169 0.000651 0.001913 
0.000979 0.000189 0.000674 0.002362 
0.000965 0.000196 0.000652 0.001952 
0.000946 0.000170 0.000626 0.001847 
0.000986 0.000204 0.000655 0.002264 
0.000959 0.000186 0.000654 0.001998 
0.001033 0.000199 0.000757 0.002140 
0.001017 0.000231 0.000702 0.002305 
0.000998 0.000184 0.000740 0.001949 
0.001005 0.000194 0.000708 0.002000 
0.001007 0.000188 0.000723 0.001958 
0.001036 0.000251 0.000714 0.002328 
0.001060 0.000195 0.000750 0.002071 
0.000997 0.000196 0.000718 0.002008 
0.001017 0.000217 0.000707 0.002120 
0.001006 0.000197 0.000725 0.002049 
0.000994 0.000182 0.000725 0.001886 
0.001013 0.000225 0.000723 0.002301 
0.001005 0.000200 0.000728 0.002079 
