0.000870 0.000073 0.000672 0.001105 
0.000854 0.000056 0.000705 0.001033 
0.000865 0.000059 0.000686 0.001064 
0.000880 0.000065 0.000739 0.001077 
0.000861 0.000059 0.000688 0.001093 
0.000868 0.000064 0.000715 0.001094 
0.000850 0.000060 0.000681 0.001042 
0.000865 0.000069 0.000629 0.001099 
0.000843 0.000059 0.000674 0.001079 
0.000860 0.000060 0.000681 0.001115 
0.000868 0.000069 0.000710 0.001109 
0.000863 0.000058 0.000717 0.001116 
0.000872 0.000073 0.000686 0.001111 
0.000854 0.000066 0.000658 0.001078 
0.000836 0.000058 0.000688 0.001100 
0.000867 0.000065 0.000689 0.001100 
0.000891 0.000071 0.000692 0.001197 
0.000870 0.000063 0.000657 0.001057 
0.000852 0.000059 0.000670 0.001060 
0.000866 0.000066 0.000686 0.001087 
0.000843 0.000067 0.000691 0.001119 
0.000860 0.000067 0.000683 0.001111 
0.000868 0.000071 0.000680 0.001152 
0.000862 0.000061 0.000700 0.001089 
0.000854 0.000068 0.000662 0.001104 
0.000876 0.000067 0.000687 0.001067 
0.000901 0.000069 0.000704 0.001121 
0.000854 0.000073 0.000677 0.001127 
0.000895 0.000074 0.000707 0.001141 
0.000922 0.000079 0.000713 0.001125 
0.000908 0.000081 0.000683 0.001140 
0.000937 0.000087 0.000735 0.001235 
0.000876 0.000077 0.000671 0.001122 
0.000874 0.000076 0.000709 0.001085 
0.000895 0.000064 0.000740 0.001098 
0.000885 0.000071 0.000712 0.001104 
0.000908 0.000083 0.000735 0.001137 
0.000881 0.000054 0.000734 0.001082 
0.000883 0.000058 0.000693 0.001087 
0.000912 0.000061 0.000736 0.001131 
0.000868 0.000065 0.000694 0.001128 
0.000883 0.000057 0.000724 0.001100 
0.000879 0.000059 0.000684 0.001079 
0.000874 0.000056 0.000722 0.001080 
0.000901 0.000050 0.000746 0.001103 
0.000896 0.000059 0.000707 0.001103 
0.000887 0.000061 0.000711 0.001130 
0.000883 0.000058 0.000738 0.001104 
0.000915 0.000068 0.000704 0.001149 
0.000912 0.000072 0.000720 0.001193 
0.000891 0.000073 0.000719 0.001176 
0.000892 0.000078 0.000701 0.001194 
0.000915 0.000078 0.000727 0.001345 
0.000912 0.000083 0.000735 0.001219 
0.000918 0.000078 0.000706 0.001228 
0.000887 0.000070 0.000722 0.001237 
0.000902 0.000081 0.000709 0.001199 
0.000899 0.000078 0.000714 0.001221 
0.000886 0.000075 0.000673 0.001173 
0.000885 0.000067 0.000705 0.001208 
0.000855 0.000076 0.000652 0.001328 
0.000857 0.000072 0.000641 0.001207 
0.000848 0.000073 0.000676 0.001234 
0.000860 0.000061 0.000703 0.001216 
0.000843 0.000066 0.000656 0.001246 
0.000851 0.000066 0.000683 0.001232 
0.000853 0.000068 0.000684 0.001283 
0.000839 0.000070 0.000643 0.001218 
0.000850 0.000073 0.000683 0.001281 
0.000856 0.000071 0.000706 0.001156 
0.000897 0.000062 0.000701 0.001123 
0.000850 0.000079 0.000666 0.001142 
0.000878 0.000071 0.000672 0.001132 
0.000855 0.000061 0.000678 0.001201 
0.000874 0.000069 0.000703 0.001190 
0.000893 0.000070 0.000685 0.001170 
0.000875 0.000075 0.000700 0.001213 
0.000882 0.000070 0.000715 0.001202 
0.000865 0.000063 0.000727 0.001161 
0.000887 0.000069 0.000694 0.001147 
0.000868 0.000065 0.000710 0.001186 
0.000882 0.000066 0.000703 0.001181 
0.000895 0.000083 0.000645 0.001220 
0.000864 0.000067 0.000677 0.001178 
0.000870 0.000083 0.000639 0.001192 
0.000852 0.000060 0.000687 0.001156 
0.000885 0.000073 0.000721 0.001106 
0.000868 0.000062 0.000647 0.001103 
0.000867 0.000063 0.000707 0.001134 
0.000878 0.000063 0.000714 0.001149 
0.000882 0.000070 0.000710 0.001108 
0.000897 0.000066 0.000727 0.001099 
0.000897 0.000068 0.000727 0.001142 
0.000887 0.000066 0.000697 0.001192 
0.000904 0.000067 0.000734 0.001106 
0.000894 0.000059 0.000743 0.001200 
0.000882 0.000057 0.000751 0.001090 
0.000900 0.000065 0.000735 0.001171 
0.000901 0.000066 0.000724 0.001114 
0.000869 0.000066 0.000671 0.001122 
0.000888 0.000088 0.000668 0.001356 
0.000875 0.000070 0.000716 0.001217 
0.000880 0.000077 0.000704 0.001225 
0.000872 0.000067 0.000653 0.001188 
0.000935 0.000083 0.000735 0.001259 
0.000873 0.000085 0.000712 0.001387 
0.000896 0.000063 0.000714 0.001261 
0.000880 0.000085 0.000662 0.001301 
0.000895 0.000081 0.000707 0.001281 
0.000889 0.000074 0.000706 0.001361 
0.000854 0.000068 0.000679 0.001213 
0.000868 0.000075 0.000677 0.001305 
0.000881 0.000081 0.000684 0.001327 
0.000883 0.000075 0.000692 0.001246 
0.000852 0.000051 0.000692 0.001037 
0.000822 0.000057 0.000671 0.001083 
0.000835 0.000057 0.000715 0.001184 
0.000832 0.000050 0.000707 0.001111 
0.000857 0.000058 0.000687 0.001105 
0.000820 0.000063 0.000640 0.001088 
0.000854 0.000056 0.000706 0.001087 
0.000861 0.000066 0.000677 0.001244 
0.000827 0.000056 0.000698 0.001141 
0.000844 0.000053 0.000722 0.001149 
0.000849 0.000054 0.000696 0.001061 
0.000851 0.000059 0.000633 0.001084 
0.000818 0.000047 0.000664 0.001083 
0.000915 0.000061 0.000748 0.001114 
0.000864 0.000060 0.000712 0.001149 
0.000884 0.000064 0.000715 0.001044 
0.000905 0.000065 0.000769 0.001137 
0.000907 0.000063 0.000729 0.001124 
0.000877 0.000062 0.000710 0.001067 
0.000890 0.000065 0.000776 0.001144 
0.000891 0.000060 0.000723 0.001084 
0.000912 0.000076 0.000702 0.001160 
0.000911 0.000056 0.000756 0.001123 
0.000887 0.000059 0.000740 0.001044 
0.000889 0.000051 0.000782 0.001123 
0.000883 0.000071 0.000691 0.001202 
0.000893 0.000077 0.000706 0.001143 
0.000883 0.000070 0.000687 0.001120 
0.000874 0.000076 0.000672 0.001170 
0.000887 0.000084 0.000703 0.001166 
0.000851 0.000067 0.000689 0.001135 
0.000881 0.000081 0.000694 0.001173 
0.000912 0.000074 0.000721 0.001180 
0.000880 0.000065 0.000665 0.001168 
0.000876 0.000065 0.000707 0.001087 
0.000885 0.000063 0.000711 0.001150 
0.000886 0.000063 0.000720 0.001085 
0.000858 0.000060 0.000679 0.001093 
0.000897 0.000070 0.000739 0.001183 
0.000886 0.000073 0.000673 0.001157 
0.000893 0.000081 0.000650 0.001247 
0.000899 0.000086 0.000705 0.001213 
0.000888 0.000075 0.000721 0.001178 
0.000872 0.000072 0.000686 0.001190 
0.000872 0.000070 0.000685 0.001177 
0.000899 0.000077 0.000729 0.001172 
0.000871 0.000083 0.000697 0.001182 
0.000863 0.000066 0.000717 0.001161 
0.000884 0.000064 0.000722 0.001137 
0.000901 0.000073 0.000720 0.001192 
0.000881 0.000078 0.000656 0.001191 
0.000867 0.000063 0.000671 0.001118 
0.000868 0.000063 0.000694 0.001128 
0.000885 0.000061 0.000718 0.001152 
0.000874 0.000055 0.000683 0.001090 
0.000889 0.000060 0.000701 0.001162 
0.000879 0.000057 0.000725 0.001132 
0.000875 0.000057 0.000714 0.001138 
0.000896 0.000068 0.000712 0.001136 
0.000896 0.000068 0.000709 0.001137 
0.000912 0.000062 0.000732 0.001157 
0.000876 0.000058 0.000727 0.001137 
0.000877 0.000063 0.000716 0.001108 
0.000872 0.000058 0.000644 0.001127 
0.000851 0.000054 0.000690 0.001082 
0.000882 0.000060 0.000731 0.001149 
0.000853 0.000065 0.000720 0.001150 
0.000888 0.000063 0.000744 0.001236 
0.000909 0.000066 0.000722 0.001253 
0.000908 0.000062 0.000727 0.001222 
0.000861 0.000097 0.000684 0.001408 
0.000899 0.000094 0.000695 0.001357 
0.000850 0.000068 0.000668 0.001203 
0.000880 0.000077 0.000715 0.001295 
0.000856 0.000064 0.000687 0.001123 
0.000873 0.000067 0.000703 0.001205 
0.000864 0.000066 0.000711 0.001215 
0.000872 0.000082 0.000691 0.001270 
