0.001321 0.000277 0.000764 0.002390 
0.001335 0.000298 0.000728 0.002508 
0.001340 0.000282 0.000724 0.002467 
0.001344 0.000282 0.000764 0.002501 
0.001334 0.000293 0.000694 0.002461 
0.001351 0.000289 0.000741 0.002488 
0.001319 0.000280 0.000685 0.002453 
0.001323 0.000276 0.000740 0.002336 
0.001309 0.000289 0.000697 0.002413 
0.001343 0.000302 0.000713 0.002537 
0.001330 0.000293 0.000701 0.002514 
0.001331 0.000288 0.000731 0.002533 
0.001322 0.000281 0.000695 0.002525 
0.001336 0.000336 0.000678 0.002781 
0.001354 0.000353 0.000635 0.002928 
0.001365 0.000330 0.000700 0.002782 
0.001359 0.000326 0.000731 0.002825 
0.001322 0.000315 0.000660 0.002746 
0.001337 0.000337 0.000676 0.002783 
0.001381 0.000362 0.000692 0.002922 
0.001322 0.000336 0.000631 0.002862 
0.001340 0.000324 0.000614 0.002803 
0.001316 0.000318 0.000631 0.002696 
0.001325 0.000331 0.000660 0.002854 
0.001329 0.000314 0.000705 0.002671 
0.001333 0.000333 0.000676 0.002767 
0.001345 0.000310 0.000753 0.002621 
0.001341 0.000337 0.000703 0.002701 
0.001329 0.000293 0.000758 0.002524 
0.001345 0.000283 0.000799 0.002570 
0.001347 0.000293 0.000760 0.002473 
0.001335 0.000297 0.000717 0.002620 
0.001318 0.000289 0.000724 0.002510 
0.001312 0.000303 0.000752 0.002455 
0.001398 0.000316 0.000762 0.002639 
0.001312 0.000311 0.000731 0.002521 
0.001355 0.000310 0.000726 0.002618 
0.001424 0.000361 0.000789 0.002906 
0.001402 0.000344 0.000771 0.002859 
0.001423 0.000349 0.000794 0.002799 
0.001374 0.000325 0.000771 0.002734 
0.001404 0.000349 0.000779 0.002859 
0.001358 0.000311 0.000770 0.002610 
0.001368 0.000338 0.000749 0.002849 
0.001378 0.000328 0.000780 0.002801 
0.001404 0.000347 0.000807 0.002964 
0.001361 0.000322 0.000783 0.002601 
0.001382 0.000334 0.000783 0.002859 
0.001381 0.000333 0.000756 0.002668 
0.001441 0.000365 0.000761 0.002902 
0.001401 0.000364 0.000751 0.002710 
0.001390 0.000343 0.000707 0.002802 
0.001435 0.000372 0.000778 0.002909 
0.001378 0.000349 0.000737 0.002797 
0.001413 0.000366 0.000729 0.002845 
0.001364 0.000349 0.000713 0.002675 
0.001413 0.000364 0.000739 0.002818 
0.001425 0.000368 0.000720 0.002941 
0.001427 0.000378 0.000775 0.002855 
0.001412 0.000362 0.000723 0.002798 
0.001295 0.000324 0.000725 0.002861 
0.001294 0.000302 0.000723 0.002757 
0.001292 0.000317 0.000664 0.002712 
0.001316 0.000338 0.000727 0.002791 
0.001292 0.000307 0.000675 0.002818 
0.001274 0.000323 0.000630 0.002788 
0.001305 0.000324 0.000730 0.002811 
0.001289 0.000331 0.000725 0.002863 
0.001263 0.000305 0.000654 0.002736 
0.001290 0.000322 0.000714 0.002869 
0.001434 0.000359 0.000677 0.002838 
0.001354 0.000338 0.000710 0.002671 
0.001399 0.000370 0.000692 0.002844 
0.001394 0.000354 0.000706 0.002750 
0.001380 0.000350 0.000674 0.002780 
0.001406 0.000358 0.000633 0.002734 
0.001387 0.000363 0.000708 0.002749 
0.001431 0.000367 0.000729 0.002916 
0.001408 0.000361 0.000703 0.002741 
0.001404 0.000381 0.000663 0.002775 
0.001426 0.000369 0.000740 0.002940 
0.001408 0.000369 0.000722 0.002779 
0.001399 0.000369 0.000734 0.002821 
0.001411 0.000352 0.000727 0.002718 
0.001359 0.000353 0.000690 0.002620 
0.001397 0.000362 0.000724 0.002859 
0.001375 0.000359 0.000699 0.002699 
0.001336 0.000330 0.000722 0.002501 
0.001373 0.000353 0.000719 0.002661 
0.001392 0.000344 0.000729 0.002698 
0.001388 0.000328 0.000745 0.002571 
0.001394 0.000330 0.000773 0.002627 
0.001401 0.000339 0.000734 0.002723 
0.001423 0.000339 0.000784 0.002758 
0.001385 0.000339 0.000743 0.002719 
0.001402 0.000362 0.000692 0.003007 
0.001391 0.000350 0.000660 0.002809 
0.001387 0.000318 0.000766 0.002573 
0.001422 0.000353 0.000719 0.002814 
0.001383 0.000342 0.000709 0.002685 
0.001428 0.000361 0.000750 0.002873 
0.001415 0.000348 0.000736 0.002890 
0.001412 0.000369 0.000722 0.002792 
0.001508 0.000378 0.000775 0.003029 
0.001466 0.000367 0.000833 0.002943 
0.001425 0.000353 0.000752 0.002911 
0.001424 0.000363 0.000760 0.002796 
0.001426 0.000349 0.000747 0.002923 
0.001420 0.000363 0.000769 0.002944 
0.001425 0.000372 0.000751 0.003061 
0.001428 0.000365 0.000731 0.002842 
0.001409 0.000350 0.000720 0.002914 
0.001398 0.000348 0.000738 0.002739 
0.001440 0.000356 0.000747 0.002961 
0.001404 0.000359 0.000676 0.002825 
0.001369 0.000324 0.000667 0.002639 
0.001399 0.000341 0.000745 0.002716 
0.001405 0.000347 0.000730 0.002806 
0.001404 0.000343 0.000722 0.002817 
0.001379 0.000339 0.000691 0.002707 
0.001433 0.000375 0.000701 0.002964 
0.001389 0.000359 0.000718 0.002743 
0.001406 0.000368 0.000658 0.002778 
0.001394 0.000344 0.000669 0.002739 
0.001421 0.000334 0.000701 0.002650 
0.001455 0.000366 0.000727 0.002884 
0.001415 0.000352 0.000694 0.002799 
0.001359 0.000339 0.000760 0.002826 
0.001351 0.000322 0.000712 0.002775 
0.001343 0.000326 0.000728 0.002699 
0.001333 0.000300 0.000759 0.002599 
0.001358 0.000335 0.000764 0.002765 
0.001334 0.000330 0.000748 0.002749 
0.001368 0.000356 0.000750 0.002781 
0.001332 0.000338 0.000765 0.002791 
0.001380 0.000339 0.000756 0.002717 
0.001405 0.000336 0.000777 0.002727 
0.001332 0.000335 0.000744 0.002660 
0.001368 0.000325 0.000747 0.002635 
0.001381 0.000334 0.000726 0.002732 
0.001377 0.000334 0.000698 0.002833 
0.001386 0.000343 0.000730 0.002815 
0.001390 0.000333 0.000705 0.002686 
0.001394 0.000328 0.000700 0.002678 
0.001399 0.000326 0.000735 0.002724 
0.001391 0.000334 0.000747 0.002741 
0.001421 0.000334 0.000715 0.002749 
0.001421 0.000327 0.000716 0.002741 
0.001363 0.000320 0.000664 0.002677 
0.001399 0.000343 0.000727 0.002730 
0.001398 0.000333 0.000711 0.002775 
0.001363 0.000320 0.000689 0.002609 
0.001375 0.000308 0.000796 0.002770 
0.001406 0.000330 0.000758 0.002912 
0.001387 0.000341 0.000752 0.002893 
0.001362 0.000321 0.000719 0.002763 
0.001363 0.000299 0.000765 0.002789 
0.001352 0.000328 0.000777 0.002954 
0.001378 0.000335 0.000732 0.002860 
0.001381 0.000337 0.000749 0.002951 
0.001361 0.000326 0.000778 0.002905 
0.001338 0.000309 0.000723 0.002826 
0.001406 0.000332 0.000804 0.003046 
0.001404 0.000300 0.000777 0.002936 
0.001384 0.000357 0.000730 0.002952 
0.001306 0.000284 0.000723 0.002440 
0.001273 0.000283 0.000736 0.002215 
0.001317 0.000279 0.000732 0.002525 
0.001314 0.000276 0.000751 0.002291 
0.001339 0.000283 0.000782 0.002431 
0.001352 0.000301 0.000762 0.002593 
0.001297 0.000278 0.000743 0.002394 
0.001303 0.000268 0.000739 0.002601 
0.001304 0.000284 0.000774 0.002469 
0.001318 0.000288 0.000760 0.002400 
0.001314 0.000274 0.000760 0.002475 
0.001298 0.000297 0.000725 0.002383 
0.001320 0.000267 0.000775 0.002452 
0.001333 0.000294 0.000742 0.002395 
0.001485 0.000473 0.000732 0.003213 
0.001442 0.000448 0.000775 0.003086 
0.001518 0.000473 0.000757 0.003145 
0.001515 0.000464 0.000744 0.003206 
0.001489 0.000442 0.000780 0.003061 
0.001491 0.000461 0.000736 0.003107 
0.001493 0.000485 0.000735 0.003075 
0.001431 0.000445 0.000724 0.002955 
0.001480 0.000463 0.000738 0.003138 
0.001509 0.000496 0.000756 0.003230 
0.001460 0.000459 0.000680 0.003109 
0.001422 0.000435 0.000748 0.002931 
0.001445 0.000456 0.000726 0.003126 
