0.001009 0.000172 0.000000 0.001542 
0.001021 0.000208 0.000000 0.001618 
0.001030 0.000225 0.000000 0.001739 
0.001021 0.000195 0.000000 0.001622 
0.001010 0.000179 0.000000 0.001672 
0.001008 0.000179 0.000000 0.001526 
0.001098 0.000232 0.000000 0.001932 
0.001056 0.000245 0.000000 0.001874 
0.001060 0.000241 0.000000 0.001881 
0.000996 0.000212 0.000000 0.001680 
0.001043 0.000213 0.000000 0.001717 
0.001009 0.000231 0.000000 0.001714 
0.001045 0.000175 0.000000 0.001627 
0.001032 0.000232 0.000000 0.001778 
0.000983 0.000194 0.000000 0.001495 
0.001070 0.000252 0.000000 0.001843 
0.001109 0.000248 0.000000 0.001830 
0.001027 0.000215 0.000000 0.001645 
0.001013 0.000204 0.000000 0.001655 
0.000996 0.000207 0.000000 0.001597 
0.001018 0.000185 0.000000 0.001509 
0.001050 0.000218 0.000000 0.001717 
0.001052 0.000250 0.000000 0.001765 
0.001071 0.000210 0.000000 0.001640 
0.001073 0.000244 0.000000 0.001740 
0.001032 0.000195 0.000000 0.001593 
0.001079 0.000249 0.000000 0.001711 
0.001154 0.000233 0.000000 0.001725 
0.001062 0.000216 0.000000 0.001639 
0.001082 0.000218 0.000000 0.001628 
0.001091 0.000190 0.000000 0.001528 
0.001087 0.000213 0.000000 0.001608 
0.001096 0.000220 0.000000 0.001675 
0.001095 0.000221 0.000000 0.001738 
0.001015 0.000211 0.000000 0.001477 
0.001107 0.000221 0.000000 0.001657 
0.001067 0.000239 0.000000 0.001711 
0.000997 0.000194 0.000000 0.001538 
0.000989 0.000206 0.000000 0.001501 
0.001000 0.000184 0.000000 0.001438 
0.001073 0.000200 0.000000 0.001613 
0.001033 0.000164 0.000000 0.001489 
0.000981 0.000163 0.000000 0.001436 
0.001003 0.000216 0.000000 0.001583 
0.001048 0.000190 0.000000 0.001498 
0.001037 0.000200 0.000000 0.001569 
0.001091 0.000218 0.000000 0.001762 
0.001008 0.000173 0.000000 0.001510 
0.001031 0.000192 0.000000 0.001548 
0.001049 0.000256 0.000000 0.001757 
0.001070 0.000229 0.000000 0.001770 
0.001007 0.000210 0.000000 0.001661 
0.001103 0.000217 0.000000 0.001765 
0.001120 0.000244 0.000000 0.001878 
0.001086 0.000193 0.000000 0.001672 
0.001083 0.000251 0.000000 0.001805 
0.001070 0.000179 0.000000 0.001664 
0.001049 0.000205 0.000000 0.001639 
0.001030 0.000197 0.000000 0.001619 
0.001059 0.000233 0.000000 0.001742 
0.001092 0.000177 0.000000 0.001638 
0.001078 0.000181 0.000000 0.001600 
0.001059 0.000176 0.000000 0.001617 
0.001063 0.000161 0.000000 0.001495 
0.001044 0.000195 0.000000 0.001625 
0.001060 0.000173 0.000000 0.001614 
0.001049 0.000173 0.000000 0.001535 
0.001001 0.000152 0.000000 0.001479 
0.001041 0.000167 0.000000 0.001559 
0.001009 0.000175 0.000000 0.001599 
0.001004 0.000194 0.000000 0.001544 
0.001109 0.000226 0.000000 0.001754 
0.001011 0.000175 0.000000 0.001514 
0.001043 0.000194 0.000000 0.001541 
0.001002 0.000202 0.000000 0.001549 
0.001017 0.000166 0.000000 0.001494 
0.001029 0.000190 0.000000 0.001562 
0.001039 0.000196 0.000000 0.001587 
0.001001 0.000159 0.000000 0.001475 
0.001037 0.000209 0.000000 0.001629 
0.001019 0.000195 0.000000 0.001589 
0.001024 0.000189 0.000000 0.001578 
0.000978 0.000163 0.000000 0.001436 
0.001014 0.000172 0.000000 0.001478 
0.001076 0.000206 0.000000 0.001637 
0.001080 0.000180 0.000000 0.001531 
0.001087 0.000197 0.000000 0.001609 
0.001043 0.000205 0.000000 0.001531 
0.001096 0.000205 0.000000 0.001655 
0.000978 0.000208 0.000000 0.001547 
0.001032 0.000206 0.000000 0.001562 
0.001102 0.000196 0.000000 0.001623 
0.001084 0.000227 0.000000 0.001717 
0.001028 0.000194 0.000000 0.001530 
0.001027 0.000211 0.000000 0.001618 
0.001035 0.000222 0.000000 0.001662 
0.001001 0.000204 0.000000 0.001521 
0.001116 0.000222 0.000000 0.001707 
0.000961 0.000168 0.000000 0.001358 
0.001009 0.000177 0.000000 0.001475 
0.000980 0.000161 0.000000 0.001464 
0.001059 0.000204 0.000000 0.001627 
0.001007 0.000211 0.000000 0.001701 
0.000940 0.000222 0.000000 0.001533 
0.000969 0.000163 0.000000 0.001399 
0.001049 0.000205 0.000000 0.001673 
0.001005 0.000192 0.000000 0.001626 
0.000996 0.000190 0.000000 0.001566 
0.000967 0.000197 0.000000 0.001548 
0.000977 0.000186 0.000000 0.001496 
0.000964 0.000186 0.000000 0.001514 
0.000989 0.000198 0.000000 0.001518 
0.001021 0.000212 0.000000 0.001664 
0.001015 0.000200 0.000000 0.001577 
0.000974 0.000187 0.000000 0.001400 
0.001195 0.000253 0.000000 0.002021 
0.000979 0.000198 0.000000 0.001537 
0.000954 0.000223 0.000000 0.001512 
0.001051 0.000254 0.000000 0.001633 
0.000987 0.000200 0.000000 0.001511 
0.001085 0.000249 0.000000 0.001885 
0.001025 0.000189 0.000000 0.001558 
0.001057 0.000242 0.000000 0.001657 
0.001192 0.000237 0.000000 0.002057 
0.001047 0.000215 0.000000 0.001631 
0.001104 0.000263 0.000000 0.001735 
0.001002 0.000191 0.000000 0.001496 
0.000966 0.000192 0.000000 0.001542 
0.001027 0.000254 0.000000 0.001768 
0.000902 0.000162 0.000000 0.001388 
0.000977 0.000236 0.000000 0.001614 
0.000959 0.000185 0.000000 0.001497 
0.000912 0.000197 0.000000 0.001523 
0.000933 0.000188 0.000000 0.001524 
0.000960 0.000233 0.000000 0.001631 
0.000968 0.000191 0.000000 0.001500 
0.000942 0.000171 0.000000 0.001384 
0.000924 0.000176 0.000000 0.001462 
0.001004 0.000167 0.000000 0.001433 
0.001038 0.000182 0.000000 0.001553 
0.001041 0.000184 0.000000 0.001544 
0.001079 0.000197 0.000000 0.001638 
0.001043 0.000181 0.000000 0.001665 
0.001008 0.000161 0.000000 0.001467 
0.001060 0.000155 0.000000 0.001503 
0.001006 0.000186 0.000000 0.001580 
0.001027 0.000198 0.000000 0.001538 
0.001049 0.000169 0.000000 0.001501 
0.001051 0.000208 0.000000 0.001577 
0.001039 0.000183 0.000000 0.001619 
0.001067 0.000182 0.000000 0.001575 
0.001072 0.000208 0.000000 0.001392 
0.001097 0.000214 0.000000 0.001696 
0.001073 0.000208 0.000000 0.001619 
0.001091 0.000234 0.000000 0.001820 
0.001085 0.000229 0.000000 0.001820 
0.001109 0.000240 0.000000 0.001833 
0.001050 0.000213 0.000000 0.001630 
0.001098 0.000266 0.000000 0.001925 
0.001084 0.000250 0.000000 0.001845 
0.001014 0.000218 0.000000 0.001656 
0.001136 0.000251 0.000000 0.001841 
0.001039 0.000257 0.000000 0.001808 
0.001169 0.000244 0.000000 0.001885 
0.001040 0.000220 0.000000 0.001649 
0.001035 0.000231 0.000000 0.001723 
0.001057 0.000217 0.000000 0.001623 
0.000993 0.000227 0.000000 0.001653 
0.001041 0.000246 0.000000 0.001765 
0.001051 0.000229 0.000000 0.001722 
0.000998 0.000221 0.000000 0.001629 
0.000977 0.000220 0.000000 0.001554 
0.001032 0.000220 0.000000 0.001718 
0.000944 0.000199 0.000000 0.001492 
0.001019 0.000219 0.000000 0.001705 
0.001154 0.000299 0.000000 0.001952 
0.001072 0.000208 0.000000 0.001656 
0.001065 0.000253 0.000000 0.001841 
0.001012 0.000198 0.000000 0.001617 
0.001087 0.000237 0.000000 0.001761 
0.001087 0.000250 0.000000 0.001762 
0.001065 0.000263 0.000000 0.001777 
0.001114 0.000272 0.000000 0.001870 
0.001134 0.000265 0.000000 0.001897 
0.001070 0.000286 0.000000 0.001806 
0.001042 0.000265 0.000000 0.001800 
0.001140 0.000294 0.000000 0.001935 
0.001109 0.000287 0.000000 0.001848 
0.000984 0.000228 0.000000 0.001603 
0.001052 0.000285 0.000000 0.001796 
0.001108 0.000263 0.000000 0.001813 
0.001114 0.000272 0.000000 0.001891 
