0.000925 0.000094 0.000683 0.001198 
0.000907 0.000092 0.000689 0.001190 
0.000900 0.000093 0.000678 0.001186 
0.000929 0.000093 0.000671 0.001226 
0.000914 0.000092 0.000685 0.001242 
0.000921 0.000094 0.000658 0.001212 
0.000919 0.000093 0.000683 0.001231 
0.000921 0.000086 0.000668 0.001173 
0.000882 0.000086 0.000622 0.001114 
0.000927 0.000089 0.000715 0.001223 
0.000911 0.000093 0.000686 0.001253 
0.000914 0.000093 0.000665 0.001297 
0.000927 0.000090 0.000674 0.001236 
0.000901 0.000099 0.000603 0.001244 
0.000918 0.000110 0.000641 0.001301 
0.000910 0.000102 0.000605 0.001236 
0.000909 0.000095 0.000705 0.001213 
0.000922 0.000097 0.000703 0.001264 
0.000896 0.000096 0.000667 0.001204 
0.000900 0.000109 0.000596 0.001291 
0.000909 0.000102 0.000642 0.001243 
0.000912 0.000106 0.000678 0.001279 
0.000898 0.000092 0.000685 0.001223 
0.000897 0.000098 0.000617 0.001239 
0.000896 0.000095 0.000634 0.001190 
0.000912 0.000099 0.000643 0.001249 
0.000912 0.000084 0.000683 0.001134 
0.000907 0.000092 0.000641 0.001157 
0.000912 0.000095 0.000667 0.001167 
0.000932 0.000104 0.000660 0.001209 
0.000945 0.000099 0.000671 0.001228 
0.000932 0.000096 0.000637 0.001159 
0.000939 0.000100 0.000667 0.001195 
0.000918 0.000100 0.000615 0.001197 
0.000932 0.000105 0.000676 0.001197 
0.000903 0.000090 0.000643 0.001129 
0.000926 0.000093 0.000718 0.001177 
0.000909 0.000080 0.000730 0.001147 
0.000913 0.000080 0.000745 0.001197 
0.000916 0.000088 0.000708 0.001220 
0.000934 0.000083 0.000754 0.001245 
0.000927 0.000090 0.000736 0.001238 
0.000902 0.000089 0.000723 0.001246 
0.000899 0.000083 0.000729 0.001199 
0.000921 0.000087 0.000745 0.001234 
0.000920 0.000088 0.000717 0.001209 
0.000923 0.000080 0.000738 0.001190 
0.000919 0.000084 0.000719 0.001248 
0.000923 0.000078 0.000751 0.001207 
0.000961 0.000088 0.000755 0.001241 
0.000945 0.000090 0.000737 0.001267 
0.000943 0.000081 0.000739 0.001227 
0.000952 0.000088 0.000727 0.001240 
0.000950 0.000086 0.000756 0.001273 
0.000948 0.000087 0.000736 0.001258 
0.000946 0.000086 0.000711 0.001231 
0.000948 0.000078 0.000730 0.001200 
0.000937 0.000084 0.000751 0.001241 
0.000938 0.000074 0.000758 0.001254 
0.000952 0.000089 0.000750 0.001278 
0.000892 0.000096 0.000626 0.001269 
0.000881 0.000103 0.000605 0.001231 
0.000879 0.000087 0.000605 0.001218 
0.000877 0.000098 0.000616 0.001221 
0.000880 0.000104 0.000592 0.001282 
0.000881 0.000096 0.000610 0.001269 
0.000877 0.000092 0.000637 0.001191 
0.000866 0.000102 0.000607 0.001221 
0.000868 0.000095 0.000645 0.001271 
0.000857 0.000107 0.000613 0.001223 
0.000900 0.000079 0.000715 0.001154 
0.000896 0.000081 0.000673 0.001182 
0.000906 0.000083 0.000712 0.001206 
0.000918 0.000087 0.000664 0.001262 
0.000917 0.000081 0.000716 0.001207 
0.000938 0.000088 0.000715 0.001271 
0.000927 0.000078 0.000747 0.001206 
0.000919 0.000081 0.000706 0.001209 
0.000908 0.000083 0.000683 0.001192 
0.000920 0.000083 0.000733 0.001232 
0.000902 0.000083 0.000711 0.001205 
0.000917 0.000083 0.000721 0.001218 
0.000936 0.000085 0.000728 0.001259 
0.000897 0.000077 0.000708 0.001198 
0.000909 0.000075 0.000726 0.001175 
0.000903 0.000081 0.000660 0.001178 
0.000936 0.000085 0.000726 0.001173 
0.000960 0.000081 0.000712 0.001223 
0.000954 0.000091 0.000667 0.001205 
0.000931 0.000085 0.000702 0.001184 
0.000963 0.000086 0.000731 0.001225 
0.000967 0.000083 0.000736 0.001208 
0.000966 0.000091 0.000721 0.001243 
0.000964 0.000089 0.000706 0.001172 
0.000943 0.000081 0.000708 0.001176 
0.000910 0.000092 0.000672 0.001183 
0.000927 0.000092 0.000704 0.001207 
0.000971 0.000088 0.000729 0.001228 
0.000969 0.000087 0.000705 0.001218 
0.000962 0.000089 0.000710 0.001240 
0.000922 0.000090 0.000681 0.001227 
0.000932 0.000097 0.000711 0.001248 
0.000925 0.000100 0.000718 0.001364 
0.000942 0.000091 0.000697 0.001217 
0.000914 0.000093 0.000644 0.001186 
0.000909 0.000100 0.000627 0.001201 
0.000927 0.000092 0.000667 0.001248 
0.000924 0.000091 0.000669 0.001265 
0.000920 0.000094 0.000646 0.001248 
0.000921 0.000087 0.000686 0.001231 
0.000909 0.000094 0.000701 0.001257 
0.000910 0.000093 0.000664 0.001215 
0.000926 0.000093 0.000703 0.001212 
0.000909 0.000095 0.000630 0.001231 
0.000905 0.000083 0.000687 0.001296 
0.000915 0.000077 0.000713 0.001295 
0.000928 0.000072 0.000727 0.001271 
0.000915 0.000079 0.000701 0.001240 
0.000898 0.000084 0.000635 0.001304 
0.000909 0.000078 0.000696 0.001256 
0.000914 0.000085 0.000701 0.001277 
0.000920 0.000087 0.000705 0.001321 
0.000917 0.000074 0.000710 0.001256 
0.000898 0.000075 0.000684 0.001270 
0.000931 0.000076 0.000698 0.001328 
0.000930 0.000071 0.000712 0.001237 
0.000872 0.000090 0.000591 0.001305 
0.000931 0.000114 0.000651 0.001250 
0.000923 0.000120 0.000666 0.001280 
0.000939 0.000109 0.000705 0.001250 
0.000949 0.000098 0.000696 0.001245 
0.000939 0.000110 0.000706 0.001274 
0.000924 0.000107 0.000653 0.001214 
0.000921 0.000107 0.000668 0.001213 
0.000909 0.000116 0.000632 0.001295 
0.000917 0.000116 0.000574 0.001226 
0.000948 0.000109 0.000670 0.001302 
0.000934 0.000119 0.000562 0.001243 
0.000939 0.000107 0.000690 0.001246 
0.000919 0.000095 0.000676 0.001222 
0.000923 0.000088 0.000678 0.001192 
0.000924 0.000089 0.000700 0.001179 
0.000930 0.000097 0.000742 0.001261 
0.000937 0.000094 0.000750 0.001220 
0.000931 0.000091 0.000725 0.001280 
0.000900 0.000086 0.000747 0.001188 
0.000943 0.000090 0.000754 0.001245 
0.000956 0.000099 0.000724 0.001299 
0.000936 0.000093 0.000733 0.001238 
0.000909 0.000086 0.000736 0.001220 
0.000914 0.000097 0.000722 0.001179 
0.000895 0.000085 0.000703 0.001229 
0.000982 0.000119 0.000733 0.001353 
0.000986 0.000109 0.000734 0.001331 
0.000962 0.000111 0.000715 0.001304 
0.000997 0.000097 0.000732 0.001269 
0.000976 0.000113 0.000700 0.001354 
0.000954 0.000097 0.000722 0.001232 
0.000971 0.000117 0.000707 0.001410 
0.000956 0.000099 0.000752 0.001258 
0.000935 0.000091 0.000741 0.001245 
0.000943 0.000098 0.000698 0.001188 
0.000944 0.000102 0.000723 0.001268 
0.000965 0.000108 0.000716 0.001323 
0.000950 0.000106 0.000738 0.001349 
0.000942 0.000076 0.000728 0.001202 
0.000927 0.000073 0.000748 0.001191 
0.000925 0.000077 0.000724 0.001214 
0.000951 0.000081 0.000749 0.001191 
0.000936 0.000082 0.000721 0.001232 
0.000960 0.000086 0.000761 0.001232 
0.000940 0.000078 0.000734 0.001173 
0.000929 0.000078 0.000733 0.001195 
0.000919 0.000075 0.000732 0.001163 
0.000942 0.000079 0.000733 0.001237 
0.000909 0.000076 0.000736 0.001166 
0.000925 0.000075 0.000750 0.001200 
0.000953 0.000083 0.000736 0.001229 
0.000923 0.000078 0.000722 0.001237 
0.000935 0.000092 0.000716 0.001262 
0.000901 0.000080 0.000704 0.001215 
0.000892 0.000077 0.000708 0.001239 
0.000909 0.000084 0.000703 0.001248 
0.000928 0.000089 0.000693 0.001224 
0.000895 0.000084 0.000661 0.001221 
0.000916 0.000077 0.000715 0.001256 
0.000901 0.000081 0.000668 0.001225 
0.000906 0.000074 0.000721 0.001189 
0.000909 0.000087 0.000695 0.001205 
0.000896 0.000087 0.000700 0.001201 
0.000911 0.000079 0.000698 0.001224 
0.000906 0.000076 0.000702 0.001214 
