0.000951 0.000085 0.000624 0.001426 
0.000958 0.000098 0.000637 0.001644 
0.000974 0.000091 0.000637 0.001544 
0.000979 0.000089 0.000662 0.001588 
0.000953 0.000082 0.000683 0.001457 
0.000972 0.000094 0.000639 0.001621 
0.000952 0.000081 0.000646 0.001485 
0.000958 0.000083 0.000637 0.001482 
0.000924 0.000085 0.000619 0.001414 
0.000957 0.000095 0.000689 0.001663 
0.000957 0.000095 0.000691 0.001704 
0.000961 0.000092 0.000714 0.001533 
0.000957 0.000087 0.000693 0.001476 
0.000912 0.000087 0.000632 0.001437 
0.000918 0.000085 0.000654 0.001402 
0.000923 0.000087 0.000663 0.001431 
0.000928 0.000088 0.000695 0.001408 
0.000936 0.000084 0.000720 0.001369 
0.000912 0.000084 0.000704 0.001431 
0.000925 0.000085 0.000721 0.001464 
0.000897 0.000081 0.000646 0.001371 
0.000905 0.000089 0.000683 0.001453 
0.000894 0.000085 0.000673 0.001428 
0.000904 0.000083 0.000687 0.001441 
0.000909 0.000077 0.000710 0.001296 
0.000908 0.000086 0.000665 0.001440 
0.000949 0.000112 0.000753 0.001633 
0.000911 0.000113 0.000656 0.001691 
0.000938 0.000109 0.000710 0.001582 
0.000954 0.000137 0.000724 0.001941 
0.000956 0.000122 0.000742 0.001764 
0.000959 0.000137 0.000730 0.001916 
0.000943 0.000119 0.000709 0.001658 
0.000907 0.000117 0.000734 0.001552 
0.000963 0.000124 0.000762 0.001691 
0.000914 0.000121 0.000710 0.001632 
0.000937 0.000117 0.000692 0.001627 
0.000939 0.000128 0.000630 0.001601 
0.000947 0.000122 0.000637 0.001591 
0.000951 0.000127 0.000632 0.001650 
0.000942 0.000139 0.000580 0.001601 
0.000946 0.000140 0.000597 0.001626 
0.000944 0.000124 0.000634 0.001585 
0.000931 0.000129 0.000608 0.001619 
0.000957 0.000128 0.000581 0.001657 
0.000947 0.000133 0.000637 0.001568 
0.000953 0.000122 0.000634 0.001577 
0.000948 0.000138 0.000606 0.001687 
0.000965 0.000118 0.000666 0.001564 
0.001081 0.000244 0.000697 0.002212 
0.001003 0.000238 0.000733 0.002102 
0.001072 0.000254 0.000676 0.002175 
0.001074 0.000227 0.000710 0.002023 
0.001052 0.000247 0.000664 0.002228 
0.001062 0.000237 0.000630 0.002275 
0.001029 0.000250 0.000739 0.002182 
0.001063 0.000238 0.000722 0.002195 
0.001065 0.000235 0.000631 0.002373 
0.001064 0.000236 0.000637 0.002085 
0.001052 0.000250 0.000750 0.002181 
0.000911 0.000160 0.000585 0.002023 
0.000929 0.000175 0.000588 0.002026 
0.000920 0.000165 0.000577 0.001847 
0.000908 0.000149 0.000590 0.001778 
0.000932 0.000171 0.000578 0.002001 
0.000907 0.000164 0.000559 0.001866 
0.000917 0.000164 0.000582 0.002034 
0.000919 0.000176 0.000563 0.001954 
0.000930 0.000171 0.000561 0.002019 
0.000922 0.000168 0.000580 0.002022 
0.000935 0.000142 0.000679 0.001715 
0.000886 0.000135 0.000609 0.001598 
0.000915 0.000146 0.000626 0.001753 
0.000907 0.000149 0.000632 0.001673 
0.000907 0.000136 0.000637 0.001565 
0.000931 0.000143 0.000658 0.001697 
0.000924 0.000148 0.000650 0.001715 
0.000921 0.000143 0.000668 0.001641 
0.000907 0.000146 0.000641 0.001712 
0.000906 0.000129 0.000640 0.001635 
0.000908 0.000149 0.000623 0.001624 
0.000919 0.000140 0.000667 0.001660 
0.000910 0.000142 0.000648 0.001686 
0.000920 0.000145 0.000629 0.001689 
0.000902 0.000129 0.000667 0.001602 
0.000900 0.000151 0.000637 0.001722 
0.000938 0.000142 0.000731 0.001776 
0.000934 0.000165 0.000703 0.001857 
0.000934 0.000156 0.000707 0.001749 
0.000953 0.000154 0.000730 0.001841 
0.000941 0.000145 0.000709 0.001699 
0.000963 0.000150 0.000752 0.001796 
0.000938 0.000153 0.000726 0.001757 
0.000978 0.000161 0.000726 0.001834 
0.000964 0.000145 0.000765 0.001804 
0.000974 0.000167 0.000701 0.001963 
0.000947 0.000150 0.000724 0.001804 
0.000970 0.000154 0.000741 0.001834 
0.000955 0.000144 0.000749 0.001847 
0.000958 0.000169 0.000716 0.001989 
0.001087 0.000313 0.000713 0.002567 
0.001080 0.000316 0.000723 0.002519 
0.001066 0.000279 0.000728 0.002489 
0.001074 0.000295 0.000752 0.002651 
0.001090 0.000315 0.000773 0.002671 
0.001086 0.000304 0.000714 0.002498 
0.001066 0.000286 0.000700 0.002657 
0.001073 0.000328 0.000706 0.002628 
0.001077 0.000315 0.000728 0.002522 
0.001074 0.000319 0.000736 0.002612 
0.001076 0.000299 0.000733 0.002490 
0.001064 0.000304 0.000732 0.002525 
0.001069 0.000296 0.000771 0.002522 
0.001096 0.000318 0.000713 0.002608 
0.000998 0.000162 0.000752 0.001877 
0.000990 0.000159 0.000723 0.001770 
0.001020 0.000179 0.000725 0.002012 
0.001024 0.000163 0.000736 0.001881 
0.001015 0.000163 0.000733 0.001839 
0.001019 0.000152 0.000715 0.001821 
0.001017 0.000142 0.000730 0.001930 
0.001014 0.000165 0.000734 0.001909 
0.001001 0.000187 0.000721 0.001874 
0.001021 0.000194 0.000717 0.002157 
0.001001 0.000173 0.000705 0.001893 
0.001002 0.000145 0.000700 0.001872 
0.001017 0.000179 0.000758 0.001985 
0.000963 0.000138 0.000676 0.001664 
0.000938 0.000140 0.000679 0.001671 
0.000948 0.000161 0.000694 0.001689 
0.000956 0.000141 0.000691 0.001550 
0.000965 0.000147 0.000689 0.001709 
0.000948 0.000148 0.000660 0.001654 
0.000951 0.000160 0.000667 0.001686 
0.000942 0.000131 0.000676 0.001715 
0.000961 0.000156 0.000699 0.001692 
0.000970 0.000146 0.000701 0.001713 
0.000946 0.000153 0.000693 0.001737 
0.000960 0.000152 0.000695 0.001743 
0.001012 0.000229 0.000619 0.002014 
0.000985 0.000231 0.000634 0.001979 
0.001004 0.000231 0.000625 0.002055 
0.001011 0.000228 0.000620 0.002106 
0.000984 0.000214 0.000632 0.002009 
0.000979 0.000186 0.000632 0.001932 
0.000956 0.000191 0.000625 0.001927 
0.001032 0.000222 0.000662 0.002220 
0.000976 0.000201 0.000573 0.002011 
0.001001 0.000228 0.000627 0.002068 
0.000990 0.000206 0.000669 0.001909 
0.001006 0.000234 0.000618 0.002205 
0.000942 0.000182 0.000610 0.001754 
0.000980 0.000154 0.000713 0.001793 
0.000987 0.000148 0.000703 0.001842 
0.000977 0.000155 0.000665 0.001966 
0.000971 0.000154 0.000681 0.001928 
0.000985 0.000151 0.000695 0.001865 
0.000959 0.000154 0.000699 0.001854 
0.000956 0.000145 0.000697 0.001756 
0.000953 0.000141 0.000697 0.001724 
0.000968 0.000142 0.000701 0.001716 
0.000952 0.000170 0.000708 0.001879 
0.000961 0.000141 0.000708 0.001753 
0.000990 0.000161 0.000680 0.001942 
0.000957 0.000164 0.000715 0.001827 
0.000941 0.000120 0.000744 0.001693 
0.000935 0.000127 0.000652 0.001561 
0.000934 0.000124 0.000641 0.001610 
0.000948 0.000122 0.000657 0.001597 
0.000953 0.000123 0.000646 0.001618 
0.000944 0.000116 0.000641 0.001575 
0.000925 0.000116 0.000746 0.001487 
0.000946 0.000128 0.000663 0.001630 
0.000930 0.000123 0.000708 0.001585 
0.000957 0.000127 0.000688 0.001658 
0.000961 0.000131 0.000678 0.001761 
0.000918 0.000121 0.000656 0.001627 
0.000942 0.000122 0.000632 0.001561 
0.000917 0.000132 0.000729 0.001713 
0.000935 0.000160 0.000731 0.001764 
0.000916 0.000179 0.000614 0.001716 
0.000972 0.000168 0.000737 0.001796 
0.000943 0.000161 0.000695 0.001782 
0.000967 0.000180 0.000729 0.001823 
0.000938 0.000185 0.000642 0.002030 
0.000974 0.000183 0.000733 0.002104 
0.000920 0.000184 0.000666 0.001844 
0.000933 0.000168 0.000699 0.001784 
0.000933 0.000165 0.000669 0.001801 
0.000950 0.000167 0.000701 0.001762 
0.000908 0.000174 0.000622 0.001693 
0.000919 0.000180 0.000618 0.001812 
