0.001861 0.000320 0.001276 0.002672 
0.001888 0.000275 0.001227 0.002483 
0.001950 0.000332 0.001239 0.002720 
0.001982 0.000361 0.001243 0.002875 
0.001899 0.000325 0.001232 0.002717 
0.002009 0.000354 0.001289 0.002817 
0.001916 0.000354 0.001217 0.002777 
0.001920 0.000340 0.001261 0.002773 
0.001804 0.000307 0.001125 0.002545 
0.002037 0.000353 0.001240 0.002864 
0.002015 0.000341 0.001316 0.002901 
0.001988 0.000342 0.001139 0.002809 
0.001868 0.000318 0.001216 0.002646 
0.001835 0.000387 0.000977 0.003077 
0.001914 0.000401 0.001044 0.002942 
0.001693 0.000302 0.001066 0.002404 
0.001800 0.000341 0.001059 0.002646 
0.001844 0.000387 0.001021 0.002901 
0.001745 0.000343 0.001075 0.002635 
0.001708 0.000340 0.000994 0.002523 
0.001708 0.000350 0.000939 0.002603 
0.001657 0.000297 0.001011 0.002464 
0.001596 0.000287 0.001016 0.002286 
0.001671 0.000325 0.000996 0.002386 
0.001608 0.000297 0.000946 0.002315 
0.001689 0.000327 0.000979 0.002469 
0.001886 0.000349 0.001007 0.002664 
0.001975 0.000389 0.001006 0.002884 
0.001839 0.000352 0.000996 0.002653 
0.002063 0.000454 0.001013 0.003121 
0.001996 0.000417 0.000992 0.002971 
0.002058 0.000448 0.000962 0.003004 
0.002027 0.000423 0.001013 0.003158 
0.001719 0.000332 0.000911 0.002463 
0.002023 0.000392 0.001052 0.002835 
0.001746 0.000352 0.000898 0.002470 
0.001930 0.000354 0.001013 0.002689 
0.001805 0.000318 0.001159 0.002604 
0.001804 0.000318 0.001128 0.002611 
0.001841 0.000341 0.001132 0.002662 
0.001784 0.000309 0.001170 0.002572 
0.001836 0.000316 0.001170 0.002559 
0.001930 0.000366 0.001169 0.002824 
0.001755 0.000313 0.001118 0.002491 
0.001878 0.000356 0.001133 0.002737 
0.001812 0.000326 0.001089 0.002605 
0.001904 0.000347 0.001196 0.002746 
0.001839 0.000341 0.001119 0.002673 
0.001811 0.000330 0.001131 0.002596 
0.002054 0.000367 0.001252 0.002900 
0.001860 0.000310 0.001111 0.002607 
0.002069 0.000344 0.001230 0.002789 
0.001990 0.000346 0.001174 0.002769 
0.002029 0.000350 0.001178 0.002965 
0.002020 0.000377 0.001139 0.003091 
0.002040 0.000344 0.001167 0.002740 
0.002093 0.000381 0.001190 0.002910 
0.002058 0.000390 0.001202 0.002941 
0.002007 0.000335 0.001272 0.002830 
0.002053 0.000372 0.001201 0.002948 
0.001650 0.000327 0.000992 0.002449 
0.001788 0.000350 0.001017 0.002698 
0.001628 0.000284 0.000995 0.002371 
0.001602 0.000286 0.000953 0.002368 
0.001911 0.000371 0.001062 0.002791 
0.001659 0.000305 0.000969 0.002454 
0.001705 0.000315 0.001034 0.002477 
0.001675 0.000320 0.000970 0.002369 
0.001817 0.000385 0.000997 0.002889 
0.001756 0.000340 0.000994 0.002618 
0.001798 0.000260 0.001139 0.002385 
0.001602 0.000251 0.001033 0.002326 
0.001733 0.000246 0.001087 0.002349 
0.001677 0.000251 0.001014 0.002329 
0.001600 0.000250 0.001035 0.002213 
0.001917 0.000280 0.001157 0.002718 
0.001653 0.000246 0.001099 0.002276 
0.001681 0.000242 0.001155 0.002361 
0.001645 0.000269 0.001090 0.002340 
0.001663 0.000249 0.001099 0.002326 
0.001608 0.000246 0.001106 0.002214 
0.001707 0.000239 0.001182 0.002343 
0.001784 0.000264 0.001135 0.002525 
0.001752 0.000239 0.001161 0.002289 
0.001640 0.000243 0.001088 0.002252 
0.001706 0.000280 0.001136 0.002573 
0.001888 0.000376 0.000998 0.002848 
0.001929 0.000380 0.001059 0.002819 
0.001932 0.000390 0.001001 0.002846 
0.001910 0.000381 0.001040 0.002721 
0.001859 0.000381 0.001043 0.002778 
0.001860 0.000395 0.000986 0.002869 
0.001843 0.000390 0.000967 0.002779 
0.001893 0.000375 0.001059 0.002829 
0.001913 0.000390 0.000995 0.002820 
0.001978 0.000404 0.000982 0.002898 
0.001864 0.000380 0.001015 0.002697 
0.001875 0.000399 0.001009 0.002825 
0.001986 0.000433 0.000953 0.003079 
0.001991 0.000375 0.001071 0.002989 
0.001995 0.000411 0.001080 0.002884 
0.001960 0.000413 0.001075 0.002878 
0.002074 0.000428 0.001055 0.002927 
0.002112 0.000423 0.001173 0.002999 
0.002138 0.000418 0.001166 0.002931 
0.002014 0.000404 0.001067 0.002932 
0.001945 0.000420 0.001103 0.002926 
0.002087 0.000480 0.001151 0.003020 
0.002161 0.000430 0.001185 0.003016 
0.001973 0.000435 0.001141 0.002953 
0.001985 0.000410 0.001161 0.002848 
0.001912 0.000381 0.001109 0.002842 
0.001930 0.000380 0.001100 0.002847 
0.001905 0.000407 0.001132 0.002787 
0.001951 0.000282 0.001236 0.002600 
0.001887 0.000249 0.001230 0.002516 
0.002083 0.000278 0.001306 0.002810 
0.001987 0.000279 0.001284 0.002660 
0.001983 0.000271 0.001304 0.002545 
0.001953 0.000264 0.001331 0.002575 
0.002142 0.000282 0.001359 0.002764 
0.002032 0.000253 0.001371 0.002479 
0.002061 0.000272 0.001367 0.002757 
0.002129 0.000299 0.001325 0.003001 
0.001945 0.000271 0.001256 0.002632 
0.001956 0.000278 0.001320 0.002604 
0.002069 0.000279 0.001312 0.002835 
0.001863 0.000316 0.001272 0.002712 
0.001775 0.000290 0.001209 0.002534 
0.001821 0.000292 0.001176 0.002619 
0.001755 0.000256 0.001252 0.002459 
0.001868 0.000309 0.001270 0.002726 
0.001824 0.000285 0.001220 0.002524 
0.001877 0.000274 0.001340 0.002655 
0.001907 0.000370 0.001176 0.002851 
0.001858 0.000294 0.001280 0.002644 
0.001879 0.000290 0.001263 0.002700 
0.001857 0.000303 0.001196 0.002644 
0.001861 0.000279 0.001238 0.002657 
0.001796 0.000393 0.000867 0.002697 
0.001728 0.000382 0.000860 0.002483 
0.001824 0.000425 0.000883 0.002674 
0.001897 0.000420 0.000900 0.002680 
0.001775 0.000401 0.000833 0.002566 
0.001862 0.000434 0.000874 0.002889 
0.001682 0.000391 0.000786 0.002475 
0.001973 0.000464 0.000872 0.002822 
0.001829 0.000435 0.000820 0.002661 
0.001923 0.000433 0.000895 0.002746 
0.001758 0.000399 0.000881 0.002564 
0.001972 0.000446 0.000905 0.002773 
0.001651 0.000367 0.000824 0.002424 
0.001556 0.000341 0.000902 0.002398 
0.001730 0.000390 0.000961 0.002594 
0.001701 0.000397 0.000922 0.002582 
0.001715 0.000403 0.000885 0.002635 
0.001690 0.000396 0.000923 0.002585 
0.001566 0.000352 0.000831 0.002446 
0.001582 0.000353 0.000882 0.002483 
0.001622 0.000369 0.000899 0.002472 
0.001542 0.000332 0.000890 0.002239 
0.001506 0.000347 0.000827 0.002302 
0.001483 0.000318 0.000880 0.002285 
0.001750 0.000422 0.000904 0.002677 
0.001664 0.000381 0.000942 0.002625 
0.001754 0.000304 0.001081 0.002705 
0.001641 0.000290 0.000960 0.002534 
0.001860 0.000360 0.000983 0.002930 
0.001808 0.000340 0.001031 0.002914 
0.001828 0.000333 0.001111 0.002652 
0.001844 0.000325 0.001102 0.002581 
0.001761 0.000321 0.001058 0.002864 
0.001773 0.000359 0.001002 0.002887 
0.001704 0.000303 0.000953 0.002514 
0.001807 0.000336 0.001044 0.002605 
0.001766 0.000311 0.001038 0.002542 
0.001835 0.000364 0.001000 0.002872 
0.001817 0.000353 0.000885 0.002789 
0.001549 0.000252 0.000991 0.002205 
0.001950 0.000416 0.001179 0.002996 
0.001783 0.000308 0.001181 0.002603 
0.001978 0.000401 0.001213 0.002881 
0.001916 0.000375 0.001185 0.002843 
0.001947 0.000391 0.001249 0.002976 
0.001893 0.000352 0.001192 0.002764 
0.001852 0.000347 0.001168 0.002691 
0.001936 0.000420 0.001164 0.003016 
0.001809 0.000327 0.001159 0.002576 
0.002077 0.000444 0.001153 0.003163 
0.001845 0.000313 0.001132 0.002652 
0.001733 0.000311 0.001089 0.002639 
0.001844 0.000323 0.001176 0.002705 
