0.000926 0.000101 0.000676 0.001204 
0.000918 0.000111 0.000634 0.001272 
0.000903 0.000111 0.000635 0.001215 
0.000920 0.000109 0.000649 0.001243 
0.000918 0.000104 0.000635 0.001207 
0.000924 0.000104 0.000628 0.001257 
0.000927 0.000103 0.000665 0.001206 
0.000933 0.000105 0.000631 0.001246 
0.000900 0.000101 0.000669 0.001157 
0.000908 0.000108 0.000660 0.001239 
0.000903 0.000105 0.000631 0.001192 
0.000900 0.000103 0.000647 0.001219 
0.000923 0.000105 0.000662 0.001233 
0.000898 0.000106 0.000608 0.001246 
0.000898 0.000110 0.000594 0.001200 
0.000900 0.000108 0.000620 0.001209 
0.000916 0.000112 0.000641 0.001288 
0.000918 0.000106 0.000641 0.001253 
0.000894 0.000108 0.000649 0.001264 
0.000915 0.000112 0.000615 0.001252 
0.000906 0.000108 0.000620 0.001300 
0.000886 0.000107 0.000584 0.001221 
0.000900 0.000110 0.000628 0.001289 
0.000910 0.000113 0.000622 0.001352 
0.000905 0.000115 0.000627 0.001276 
0.000880 0.000109 0.000601 0.001186 
0.000930 0.000103 0.000661 0.001222 
0.000914 0.000108 0.000582 0.001195 
0.000932 0.000100 0.000665 0.001230 
0.000924 0.000113 0.000653 0.001229 
0.000934 0.000105 0.000656 0.001259 
0.000916 0.000115 0.000652 0.001191 
0.000947 0.000110 0.000641 0.001264 
0.000924 0.000106 0.000676 0.001201 
0.000933 0.000110 0.000589 0.001241 
0.000902 0.000103 0.000608 0.001172 
0.000930 0.000100 0.000631 0.001205 
0.000908 0.000099 0.000667 0.001277 
0.000922 0.000092 0.000678 0.001261 
0.000932 0.000112 0.000703 0.001347 
0.000900 0.000105 0.000664 0.001225 
0.000906 0.000098 0.000660 0.001224 
0.000915 0.000110 0.000673 0.001303 
0.000909 0.000092 0.000674 0.001225 
0.000936 0.000105 0.000685 0.001311 
0.000911 0.000102 0.000683 0.001288 
0.000920 0.000106 0.000704 0.001283 
0.000907 0.000112 0.000635 0.001265 
0.000921 0.000105 0.000675 0.001257 
0.000913 0.000090 0.000707 0.001252 
0.000912 0.000095 0.000702 0.001226 
0.000917 0.000090 0.000709 0.001187 
0.000894 0.000086 0.000693 0.001178 
0.000932 0.000094 0.000719 0.001192 
0.000932 0.000092 0.000725 0.001236 
0.000911 0.000094 0.000696 0.001182 
0.000909 0.000089 0.000733 0.001182 
0.000926 0.000093 0.000724 0.001234 
0.000930 0.000091 0.000735 0.001300 
0.000916 0.000090 0.000710 0.001237 
0.000867 0.000095 0.000651 0.001207 
0.000861 0.000101 0.000633 0.001204 
0.000856 0.000094 0.000672 0.001155 
0.000883 0.000097 0.000633 0.001252 
0.000851 0.000103 0.000597 0.001235 
0.000857 0.000100 0.000642 0.001208 
0.000847 0.000093 0.000628 0.001122 
0.000841 0.000100 0.000624 0.001186 
0.000860 0.000100 0.000595 0.001239 
0.000850 0.000102 0.000601 0.001170 
0.000893 0.000098 0.000614 0.001198 
0.000880 0.000091 0.000593 0.001134 
0.000887 0.000098 0.000595 0.001209 
0.000877 0.000095 0.000603 0.001176 
0.000860 0.000097 0.000653 0.001186 
0.000913 0.000097 0.000656 0.001206 
0.000885 0.000091 0.000684 0.001177 
0.000888 0.000100 0.000623 0.001176 
0.000871 0.000097 0.000639 0.001203 
0.000896 0.000096 0.000670 0.001208 
0.000876 0.000097 0.000614 0.001189 
0.000895 0.000097 0.000637 0.001219 
0.000892 0.000100 0.000659 0.001171 
0.000890 0.000096 0.000634 0.001257 
0.000889 0.000088 0.000665 0.001180 
0.000878 0.000097 0.000630 0.001209 
0.000933 0.000100 0.000648 0.001350 
0.000897 0.000107 0.000694 0.001264 
0.000930 0.000104 0.000675 0.001326 
0.000938 0.000105 0.000690 0.001243 
0.000920 0.000113 0.000682 0.001246 
0.000923 0.000113 0.000684 0.001298 
0.000918 0.000111 0.000641 0.001290 
0.000930 0.000123 0.000643 0.001327 
0.000917 0.000114 0.000617 0.001273 
0.000935 0.000121 0.000586 0.001281 
0.000927 0.000105 0.000660 0.001279 
0.000920 0.000124 0.000658 0.001348 
0.000905 0.000120 0.000614 0.001212 
0.000884 0.000133 0.000601 0.001319 
0.000885 0.000096 0.000692 0.001179 
0.000895 0.000106 0.000689 0.001231 
0.000900 0.000097 0.000678 0.001217 
0.000879 0.000091 0.000699 0.001234 
0.000873 0.000097 0.000594 0.001265 
0.000872 0.000111 0.000655 0.001240 
0.000870 0.000106 0.000655 0.001279 
0.000884 0.000098 0.000661 0.001180 
0.000874 0.000093 0.000700 0.001176 
0.000870 0.000102 0.000624 0.001269 
0.000889 0.000095 0.000716 0.001171 
0.000883 0.000099 0.000672 0.001156 
0.000893 0.000101 0.000661 0.001229 
0.000894 0.000104 0.000682 0.001211 
0.000904 0.000095 0.000682 0.001211 
0.000851 0.000090 0.000589 0.001209 
0.000845 0.000110 0.000572 0.001364 
0.000852 0.000100 0.000590 0.001293 
0.000892 0.000088 0.000650 0.001231 
0.000830 0.000126 0.000380 0.001251 
0.000868 0.000099 0.000563 0.001242 
0.000845 0.000118 0.000474 0.001170 
0.000878 0.000076 0.000661 0.001198 
0.000847 0.000103 0.000580 0.001283 
0.000843 0.000114 0.000523 0.001207 
0.000856 0.000114 0.000512 0.001203 
0.000879 0.000087 0.000646 0.001242 
0.000939 0.000144 0.000630 0.001521 
0.000940 0.000150 0.000617 0.001553 
0.000903 0.000140 0.000668 0.001600 
0.000911 0.000128 0.000660 0.001500 
0.000919 0.000141 0.000629 0.001411 
0.000910 0.000150 0.000630 0.001665 
0.000903 0.000136 0.000633 0.001399 
0.000960 0.000133 0.000655 0.001550 
0.000906 0.000134 0.000660 0.001439 
0.000926 0.000137 0.000675 0.001629 
0.000924 0.000149 0.000632 0.001526 
0.000930 0.000136 0.000676 0.001576 
0.000888 0.000093 0.000702 0.001200 
0.000847 0.000094 0.000664 0.001149 
0.000864 0.000097 0.000671 0.001251 
0.000892 0.000097 0.000641 0.001242 
0.000874 0.000101 0.000670 0.001287 
0.000912 0.000099 0.000711 0.001238 
0.000894 0.000089 0.000719 0.001184 
0.000890 0.000096 0.000690 0.001240 
0.000900 0.000109 0.000652 0.001347 
0.000893 0.000105 0.000701 0.001324 
0.000884 0.000092 0.000701 0.001209 
0.000912 0.000105 0.000685 0.001267 
0.000878 0.000089 0.000714 0.001184 
0.000948 0.000110 0.000714 0.001342 
0.000938 0.000103 0.000676 0.001313 
0.000936 0.000106 0.000669 0.001245 
0.000949 0.000111 0.000661 0.001276 
0.000940 0.000106 0.000661 0.001301 
0.000920 0.000104 0.000662 0.001249 
0.000937 0.000099 0.000687 0.001225 
0.000927 0.000104 0.000654 0.001274 
0.000916 0.000097 0.000609 0.001200 
0.000928 0.000104 0.000644 0.001221 
0.000928 0.000102 0.000707 0.001257 
0.000938 0.000105 0.000637 0.001321 
0.000912 0.000100 0.000672 0.001220 
0.000911 0.000095 0.000683 0.001180 
0.000917 0.000083 0.000704 0.001148 
0.000903 0.000099 0.000658 0.001162 
0.000920 0.000087 0.000697 0.001205 
0.000909 0.000091 0.000702 0.001195 
0.000905 0.000095 0.000635 0.001193 
0.000886 0.000093 0.000688 0.001153 
0.000905 0.000092 0.000700 0.001174 
0.000898 0.000089 0.000699 0.001191 
0.000924 0.000090 0.000725 0.001210 
0.000902 0.000097 0.000663 0.001216 
0.000912 0.000098 0.000682 0.001179 
0.000914 0.000098 0.000641 0.001264 
0.000886 0.000107 0.000624 0.001207 
0.000911 0.000084 0.000706 0.001206 
0.000887 0.000093 0.000666 0.001140 
0.000902 0.000098 0.000662 0.001206 
0.000913 0.000091 0.000667 0.001173 
0.000913 0.000103 0.000713 0.001180 
0.000886 0.000091 0.000698 0.001156 
0.000911 0.000092 0.000711 0.001167 
0.000898 0.000084 0.000703 0.001136 
0.000889 0.000085 0.000672 0.001126 
0.000878 0.000093 0.000652 0.001154 
0.000908 0.000094 0.000620 0.001162 
0.000890 0.000092 0.000655 0.001151 
0.000885 0.000091 0.000677 0.001165 
