0.001056 0.000124 0.000726 0.001690 
0.001072 0.000124 0.000798 0.001507 
0.001041 0.000112 0.000773 0.001555 
0.001054 0.000130 0.000743 0.001709 
0.001046 0.000134 0.000726 0.001669 
0.001047 0.000118 0.000771 0.001621 
0.001062 0.000122 0.000756 0.001608 
0.001013 0.000102 0.000777 0.001496 
0.001017 0.000110 0.000742 0.001558 
0.001013 0.000118 0.000727 0.001566 
0.001039 0.000109 0.000746 0.001457 
0.001019 0.000103 0.000761 0.001462 
0.001060 0.000142 0.000744 0.001802 
0.001024 0.000122 0.000767 0.001681 
0.001031 0.000123 0.000738 0.001583 
0.001040 0.000123 0.000723 0.001523 
0.001056 0.000131 0.000766 0.001587 
0.001001 0.000128 0.000734 0.001721 
0.001042 0.000124 0.000736 0.001510 
0.001065 0.000137 0.000763 0.001559 
0.001041 0.000135 0.000729 0.001712 
0.001063 0.000143 0.000723 0.001571 
0.001045 0.000132 0.000730 0.001555 
0.001005 0.000098 0.000760 0.001464 
0.001015 0.000112 0.000754 0.001585 
0.001018 0.000105 0.000790 0.001551 
0.001102 0.000138 0.000761 0.001667 
0.001075 0.000141 0.000770 0.001552 
0.001150 0.000161 0.000788 0.001708 
0.001222 0.000160 0.000827 0.001775 
0.001196 0.000164 0.000757 0.001784 
0.001176 0.000132 0.000817 0.001656 
0.001160 0.000153 0.000788 0.001683 
0.001164 0.000151 0.000829 0.001693 
0.001165 0.000162 0.000836 0.001674 
0.001150 0.000144 0.000797 0.001837 
0.001148 0.000141 0.000799 0.001589 
0.001033 0.000124 0.000769 0.001721 
0.001059 0.000119 0.000820 0.001645 
0.001077 0.000141 0.000752 0.001866 
0.001070 0.000141 0.000773 0.001796 
0.001093 0.000142 0.000832 0.001848 
0.001068 0.000119 0.000797 0.001695 
0.001037 0.000116 0.000829 0.001655 
0.001066 0.000135 0.000792 0.001872 
0.001068 0.000137 0.000787 0.001776 
0.001081 0.000152 0.000787 0.001875 
0.001064 0.000121 0.000796 0.001657 
0.001042 0.000142 0.000785 0.001858 
0.001118 0.000172 0.000779 0.001935 
0.001155 0.000180 0.000769 0.001882 
0.001137 0.000172 0.000790 0.001906 
0.001120 0.000167 0.000746 0.001917 
0.001151 0.000159 0.000785 0.001904 
0.001099 0.000168 0.000794 0.001966 
0.001146 0.000188 0.000793 0.002151 
0.001108 0.000173 0.000727 0.002051 
0.001126 0.000173 0.000763 0.001895 
0.001110 0.000143 0.000769 0.001828 
0.001106 0.000155 0.000768 0.001727 
0.001064 0.000115 0.000760 0.001469 
0.001069 0.000133 0.000744 0.001468 
0.001074 0.000133 0.000727 0.001557 
0.001079 0.000122 0.000751 0.001467 
0.001065 0.000137 0.000711 0.001504 
0.001077 0.000127 0.000699 0.001484 
0.001056 0.000127 0.000688 0.001504 
0.001022 0.000126 0.000701 0.001431 
0.001039 0.000130 0.000662 0.001452 
0.001033 0.000124 0.000674 0.001508 
0.001097 0.000144 0.000784 0.001698 
0.001129 0.000170 0.000737 0.001884 
0.001095 0.000155 0.000764 0.001860 
0.001114 0.000154 0.000795 0.001903 
0.001121 0.000172 0.000773 0.001971 
0.001142 0.000146 0.000763 0.001738 
0.001115 0.000152 0.000762 0.001913 
0.001104 0.000147 0.000748 0.001728 
0.001120 0.000174 0.000723 0.001912 
0.001137 0.000171 0.000787 0.002008 
0.001141 0.000158 0.000767 0.001787 
0.001141 0.000152 0.000782 0.001861 
0.001155 0.000150 0.000778 0.001732 
0.001063 0.000140 0.000755 0.001717 
0.001132 0.000204 0.000772 0.002140 
0.001086 0.000155 0.000726 0.001748 
0.001059 0.000106 0.000770 0.001694 
0.001021 0.000105 0.000800 0.001691 
0.001080 0.000101 0.000818 0.001621 
0.001068 0.000101 0.000835 0.001624 
0.001060 0.000108 0.000818 0.001739 
0.001049 0.000119 0.000781 0.001715 
0.001095 0.000124 0.000794 0.001724 
0.001068 0.000120 0.000772 0.001696 
0.001025 0.000111 0.000770 0.001638 
0.001085 0.000142 0.000736 0.001832 
0.001059 0.000101 0.000803 0.001515 
0.001104 0.000120 0.000821 0.001715 
0.001065 0.000110 0.000816 0.001663 
0.001057 0.000112 0.000788 0.001692 
0.001054 0.000113 0.000776 0.001754 
0.001042 0.000120 0.000731 0.001768 
0.001074 0.000135 0.000798 0.001848 
0.001029 0.000105 0.000802 0.001681 
0.001058 0.000122 0.000746 0.001762 
0.001061 0.000122 0.000701 0.001738 
0.001071 0.000140 0.000753 0.001850 
0.001044 0.000108 0.000755 0.001622 
0.001037 0.000118 0.000758 0.001743 
0.001057 0.000110 0.000753 0.001690 
0.001032 0.000124 0.000749 0.001823 
0.001036 0.000134 0.000774 0.001854 
0.001102 0.000173 0.000757 0.002086 
0.001084 0.000114 0.000761 0.001672 
0.001079 0.000109 0.000818 0.001570 
0.001104 0.000114 0.000849 0.001570 
0.001144 0.000152 0.000743 0.001687 
0.001180 0.000140 0.000845 0.001727 
0.001099 0.000097 0.000862 0.001512 
0.001166 0.000144 0.000769 0.001807 
0.001108 0.000115 0.000821 0.001659 
0.001093 0.000095 0.000828 0.001510 
0.001086 0.000116 0.000805 0.001654 
0.001079 0.000103 0.000820 0.001549 
0.001117 0.000105 0.000866 0.001595 
0.001089 0.000107 0.000837 0.001599 
0.001063 0.000127 0.000773 0.001568 
0.001064 0.000117 0.000786 0.001444 
0.001079 0.000116 0.000805 0.001658 
0.001084 0.000106 0.000794 0.001436 
0.001010 0.000113 0.000773 0.001671 
0.001074 0.000099 0.000843 0.001529 
0.001055 0.000108 0.000769 0.001518 
0.000999 0.000118 0.000774 0.001478 
0.001034 0.000107 0.000796 0.001511 
0.001029 0.000112 0.000749 0.001402 
0.001043 0.000112 0.000813 0.001529 
0.001068 0.000121 0.000797 0.001510 
0.001033 0.000110 0.000805 0.001508 
0.001138 0.000170 0.000794 0.002000 
0.001109 0.000156 0.000765 0.001838 
0.001096 0.000156 0.000766 0.001922 
0.001178 0.000189 0.000777 0.001996 
0.001154 0.000167 0.000798 0.001872 
0.001111 0.000166 0.000754 0.001879 
0.001104 0.000162 0.000762 0.002005 
0.001153 0.000165 0.000778 0.001968 
0.001156 0.000170 0.000765 0.001982 
0.001160 0.000173 0.000784 0.001991 
0.001104 0.000172 0.000761 0.002021 
0.001132 0.000158 0.000758 0.001993 
0.001071 0.000168 0.000788 0.002056 
0.001104 0.000112 0.000817 0.001527 
0.001077 0.000105 0.000790 0.001461 
0.001069 0.000117 0.000770 0.001518 
0.001103 0.000124 0.000805 0.001616 
0.001102 0.000118 0.000792 0.001581 
0.001081 0.000104 0.000825 0.001436 
0.001130 0.000115 0.000800 0.001518 
0.001084 0.000088 0.000818 0.001375 
0.001034 0.000101 0.000765 0.001330 
0.001114 0.000107 0.000786 0.001436 
0.001074 0.000092 0.000799 0.001368 
0.001078 0.000107 0.000832 0.001498 
0.001046 0.000117 0.000777 0.001509 
0.001060 0.000123 0.000775 0.001763 
0.001043 0.000107 0.000784 0.001645 
0.001046 0.000125 0.000684 0.001786 
0.001077 0.000137 0.000774 0.001910 
0.001080 0.000122 0.000707 0.001609 
0.001071 0.000125 0.000753 0.001783 
0.001082 0.000103 0.000752 0.001511 
0.001064 0.000104 0.000787 0.001608 
0.001045 0.000128 0.000698 0.001741 
0.001059 0.000123 0.000719 0.001745 
0.001061 0.000121 0.000766 0.001742 
0.001050 0.000116 0.000728 0.001687 
0.001087 0.000113 0.000811 0.001731 
0.001054 0.000119 0.000699 0.001643 
0.001095 0.000114 0.000822 0.001536 
0.001033 0.000106 0.000803 0.001564 
0.001006 0.000094 0.000796 0.001431 
0.001068 0.000102 0.000758 0.001508 
0.001120 0.000119 0.000775 0.001523 
0.001055 0.000112 0.000742 0.001519 
0.001065 0.000121 0.000775 0.001651 
0.001060 0.000111 0.000791 0.001518 
0.001067 0.000124 0.000712 0.001656 
0.001057 0.000101 0.000826 0.001452 
0.001053 0.000090 0.000808 0.001472 
0.001087 0.000124 0.000800 0.001806 
0.001022 0.000105 0.000754 0.001561 
