0.000967 0.000110 0.000693 0.001284 
0.000969 0.000106 0.000670 0.001335 
0.000947 0.000118 0.000645 0.001296 
0.000959 0.000127 0.000666 0.001339 
0.000973 0.000100 0.000718 0.001331 
0.000971 0.000117 0.000690 0.001354 
0.000965 0.000113 0.000715 0.001264 
0.000963 0.000112 0.000664 0.001256 
0.000942 0.000109 0.000694 0.001224 
0.000955 0.000107 0.000708 0.001300 
0.000943 0.000121 0.000647 0.001308 
0.000944 0.000104 0.000691 0.001287 
0.000961 0.000136 0.000633 0.001295 
0.000955 0.000111 0.000640 0.001228 
0.000947 0.000124 0.000659 0.001242 
0.000960 0.000121 0.000673 0.001250 
0.000983 0.000126 0.000696 0.001285 
0.000974 0.000128 0.000666 0.001248 
0.000947 0.000126 0.000622 0.001218 
0.000992 0.000107 0.000682 0.001280 
0.000970 0.000134 0.000665 0.001292 
0.000942 0.000120 0.000633 0.001208 
0.000944 0.000120 0.000635 0.001232 
0.000956 0.000134 0.000693 0.001240 
0.000946 0.000131 0.000630 0.001220 
0.000932 0.000121 0.000649 0.001192 
0.000915 0.000118 0.000605 0.001147 
0.000916 0.000107 0.000647 0.001148 
0.000899 0.000113 0.000636 0.001125 
0.000925 0.000136 0.000587 0.001203 
0.000942 0.000141 0.000630 0.001251 
0.000906 0.000145 0.000625 0.001215 
0.000921 0.000130 0.000628 0.001173 
0.000917 0.000133 0.000587 0.001204 
0.000945 0.000113 0.000616 0.001271 
0.000903 0.000122 0.000626 0.001169 
0.000909 0.000110 0.000631 0.001153 
0.000968 0.000093 0.000738 0.001280 
0.000990 0.000109 0.000701 0.001253 
0.000994 0.000112 0.000736 0.001275 
0.000963 0.000113 0.000717 0.001251 
0.000968 0.000104 0.000721 0.001240 
0.000971 0.000122 0.000716 0.001257 
0.000966 0.000088 0.000750 0.001251 
0.000990 0.000120 0.000733 0.001297 
0.000965 0.000104 0.000723 0.001242 
0.000987 0.000127 0.000733 0.001262 
0.000965 0.000111 0.000717 0.001251 
0.001002 0.000116 0.000692 0.001225 
0.000961 0.000115 0.000708 0.001295 
0.000968 0.000125 0.000708 0.001360 
0.000960 0.000106 0.000699 0.001280 
0.000954 0.000099 0.000753 0.001242 
0.000993 0.000113 0.000743 0.001269 
0.000990 0.000110 0.000739 0.001305 
0.000959 0.000117 0.000710 0.001297 
0.000967 0.000108 0.000711 0.001323 
0.000977 0.000108 0.000713 0.001292 
0.000976 0.000104 0.000766 0.001268 
0.000977 0.000105 0.000721 0.001271 
0.000937 0.000112 0.000661 0.001219 
0.000943 0.000117 0.000628 0.001223 
0.000921 0.000108 0.000645 0.001149 
0.000930 0.000113 0.000670 0.001162 
0.000935 0.000113 0.000654 0.001197 
0.000919 0.000111 0.000666 0.001198 
0.000929 0.000115 0.000662 0.001197 
0.000896 0.000098 0.000674 0.001126 
0.000939 0.000108 0.000655 0.001211 
0.000918 0.000118 0.000558 0.001349 
0.000983 0.000112 0.000678 0.001272 
0.000959 0.000102 0.000675 0.001278 
0.000970 0.000114 0.000644 0.001287 
0.000969 0.000104 0.000692 0.001229 
0.000943 0.000108 0.000652 0.001208 
0.000983 0.000127 0.000655 0.001281 
0.000959 0.000099 0.000707 0.001211 
0.000976 0.000102 0.000651 0.001313 
0.000948 0.000113 0.000626 0.001297 
0.000962 0.000112 0.000639 0.001228 
0.000939 0.000094 0.000653 0.001221 
0.000963 0.000102 0.000682 0.001255 
0.000952 0.000114 0.000632 0.001215 
0.000981 0.000117 0.000670 0.001296 
0.000961 0.000118 0.000680 0.001252 
0.000950 0.000105 0.000710 0.001232 
0.000979 0.000117 0.000658 0.001242 
0.000962 0.000131 0.000690 0.001254 
0.000982 0.000113 0.000730 0.001247 
0.000966 0.000102 0.000741 0.001223 
0.000962 0.000125 0.000615 0.001257 
0.000976 0.000107 0.000730 0.001212 
0.000973 0.000109 0.000699 0.001242 
0.000953 0.000106 0.000662 0.001224 
0.000961 0.000103 0.000707 0.001204 
0.000949 0.000105 0.000740 0.001223 
0.000956 0.000099 0.000721 0.001249 
0.000962 0.000112 0.000663 0.001207 
0.000942 0.000119 0.000670 0.001224 
0.000950 0.000115 0.000661 0.001198 
0.000962 0.000129 0.000704 0.001715 
0.000971 0.000126 0.000723 0.001643 
0.001000 0.000125 0.000726 0.001658 
0.000971 0.000117 0.000730 0.001599 
0.000970 0.000137 0.000697 0.001692 
0.000946 0.000133 0.000686 0.001697 
0.000964 0.000162 0.000664 0.001673 
0.000951 0.000120 0.000669 0.001630 
0.000949 0.000127 0.000690 0.001683 
0.000962 0.000115 0.000732 0.001711 
0.000972 0.000123 0.000719 0.001623 
0.000973 0.000120 0.000728 0.001584 
0.000990 0.000140 0.000716 0.001719 
0.000988 0.000144 0.000697 0.001743 
0.001005 0.000124 0.000715 0.001364 
0.000946 0.000126 0.000664 0.001284 
0.000943 0.000149 0.000621 0.001418 
0.000945 0.000140 0.000681 0.001397 
0.000958 0.000120 0.000698 0.001354 
0.000950 0.000152 0.000626 0.001323 
0.000945 0.000140 0.000634 0.001272 
0.000936 0.000140 0.000676 0.001398 
0.000973 0.000119 0.000690 0.001335 
0.000948 0.000144 0.000665 0.001368 
0.000942 0.000124 0.000691 0.001240 
0.000952 0.000126 0.000668 0.001297 
0.000957 0.000131 0.000678 0.001295 
0.000916 0.000124 0.000623 0.001273 
0.000918 0.000115 0.000667 0.001282 
0.000883 0.000129 0.000634 0.001266 
0.000913 0.000129 0.000627 0.001224 
0.000899 0.000124 0.000637 0.001260 
0.000892 0.000122 0.000614 0.001273 
0.000863 0.000112 0.000650 0.001191 
0.000929 0.000136 0.000637 0.001338 
0.000886 0.000131 0.000614 0.001237 
0.000920 0.000122 0.000632 0.001196 
0.000892 0.000128 0.000615 0.001208 
0.000941 0.000117 0.000676 0.001258 
0.000941 0.000096 0.000738 0.001368 
0.000936 0.000103 0.000711 0.001359 
0.000919 0.000107 0.000702 0.001303 
0.000931 0.000111 0.000704 0.001323 
0.000934 0.000111 0.000705 0.001298 
0.000964 0.000126 0.000703 0.001354 
0.000938 0.000105 0.000717 0.001241 
0.000952 0.000111 0.000691 0.001348 
0.000952 0.000123 0.000665 0.001333 
0.000941 0.000117 0.000692 0.001297 
0.000946 0.000107 0.000713 0.001294 
0.000957 0.000113 0.000697 0.001265 
0.000958 0.000106 0.000731 0.001362 
0.001009 0.000132 0.000724 0.001326 
0.001013 0.000131 0.000683 0.001290 
0.000991 0.000134 0.000693 0.001290 
0.000999 0.000141 0.000689 0.001335 
0.001009 0.000134 0.000706 0.001352 
0.000994 0.000130 0.000711 0.001303 
0.000997 0.000133 0.000701 0.001319 
0.000992 0.000128 0.000678 0.001295 
0.000972 0.000124 0.000669 0.001273 
0.000978 0.000133 0.000647 0.001357 
0.000976 0.000122 0.000629 0.001271 
0.000999 0.000138 0.000625 0.001293 
0.000976 0.000132 0.000643 0.001290 
0.000997 0.000134 0.000641 0.001307 
0.000999 0.000135 0.000676 0.001292 
0.000989 0.000128 0.000632 0.001371 
0.001009 0.000131 0.000696 0.001286 
0.000997 0.000138 0.000570 0.001334 
0.000997 0.000141 0.000622 0.001360 
0.000967 0.000131 0.000619 0.001264 
0.000989 0.000130 0.000665 0.001264 
0.000994 0.000134 0.000589 0.001281 
0.001017 0.000135 0.000612 0.001416 
0.000991 0.000139 0.000689 0.001340 
0.000981 0.000130 0.000603 0.001330 
0.000994 0.000142 0.000605 0.001322 
0.000962 0.000108 0.000686 0.001264 
0.000977 0.000117 0.000735 0.001435 
0.000954 0.000109 0.000706 0.001346 
0.000961 0.000122 0.000688 0.001345 
0.000996 0.000119 0.000755 0.001403 
0.000984 0.000122 0.000731 0.001365 
0.000957 0.000119 0.000707 0.001294 
0.000972 0.000125 0.000686 0.001335 
0.000978 0.000129 0.000732 0.001434 
0.000935 0.000111 0.000716 0.001309 
0.000973 0.000120 0.000703 0.001368 
0.000959 0.000110 0.000727 0.001307 
0.000962 0.000115 0.000748 0.001387 
0.000960 0.000121 0.000704 0.001293 
