0.000863 0.000084 0.000664 0.001322 
0.000845 0.000090 0.000606 0.001396 
0.000858 0.000082 0.000645 0.001379 
0.000863 0.000089 0.000666 0.001392 
0.000855 0.000082 0.000645 0.001199 
0.000870 0.000084 0.000651 0.001443 
0.000853 0.000082 0.000677 0.001301 
0.000861 0.000080 0.000638 0.001309 
0.000833 0.000085 0.000642 0.001292 
0.000858 0.000086 0.000684 0.001299 
0.000851 0.000084 0.000654 0.001379 
0.000851 0.000086 0.000675 0.001258 
0.000866 0.000083 0.000671 0.001259 
0.000821 0.000104 0.000602 0.001303 
0.000811 0.000104 0.000592 0.001300 
0.000812 0.000113 0.000587 0.001310 
0.000830 0.000102 0.000605 0.001335 
0.000843 0.000098 0.000626 0.001281 
0.000810 0.000103 0.000591 0.001358 
0.000822 0.000106 0.000587 0.001262 
0.000812 0.000106 0.000592 0.001398 
0.000805 0.000103 0.000568 0.001351 
0.000808 0.000103 0.000588 0.001334 
0.000810 0.000112 0.000592 0.001380 
0.000816 0.000100 0.000607 0.001274 
0.000813 0.000101 0.000605 0.001321 
0.000819 0.000086 0.000621 0.001366 
0.000772 0.000102 0.000574 0.001304 
0.000802 0.000086 0.000587 0.001301 
0.000802 0.000089 0.000586 0.001430 
0.000822 0.000098 0.000591 0.001251 
0.000801 0.000101 0.000555 0.001411 
0.000801 0.000094 0.000578 0.001254 
0.000800 0.000092 0.000569 0.001360 
0.000828 0.000093 0.000632 0.001431 
0.000798 0.000086 0.000601 0.001409 
0.000818 0.000080 0.000639 0.001218 
0.000834 0.000090 0.000635 0.001375 
0.000830 0.000094 0.000628 0.001431 
0.000849 0.000098 0.000646 0.001551 
0.000818 0.000097 0.000602 0.001438 
0.000824 0.000095 0.000624 0.001452 
0.000819 0.000087 0.000624 0.001443 
0.000823 0.000099 0.000637 0.001413 
0.000838 0.000091 0.000610 0.001396 
0.000825 0.000098 0.000623 0.001456 
0.000849 0.000085 0.000650 0.001287 
0.000823 0.000101 0.000629 0.001529 
0.000863 0.000089 0.000679 0.001465 
0.000916 0.000133 0.000705 0.002103 
0.000864 0.000121 0.000649 0.001849 
0.000893 0.000135 0.000622 0.002083 
0.000894 0.000124 0.000671 0.001912 
0.000895 0.000133 0.000624 0.002025 
0.000882 0.000138 0.000570 0.002094 
0.000883 0.000120 0.000659 0.002013 
0.000891 0.000138 0.000637 0.002141 
0.000889 0.000132 0.000642 0.002105 
0.000890 0.000137 0.000668 0.002003 
0.000868 0.000130 0.000579 0.002024 
0.000781 0.000097 0.000578 0.001134 
0.000785 0.000106 0.000560 0.001298 
0.000779 0.000098 0.000570 0.001164 
0.000784 0.000099 0.000575 0.001305 
0.000769 0.000109 0.000549 0.001165 
0.000777 0.000098 0.000572 0.001290 
0.000775 0.000101 0.000569 0.001169 
0.000778 0.000104 0.000582 0.001408 
0.000789 0.000110 0.000547 0.001478 
0.000789 0.000106 0.000560 0.001284 
0.000842 0.000088 0.000641 0.001361 
0.000787 0.000085 0.000598 0.001139 
0.000825 0.000088 0.000627 0.001259 
0.000810 0.000084 0.000608 0.001359 
0.000813 0.000081 0.000632 0.001188 
0.000834 0.000084 0.000618 0.001223 
0.000825 0.000079 0.000650 0.001294 
0.000828 0.000084 0.000632 0.001202 
0.000800 0.000083 0.000614 0.001113 
0.000823 0.000081 0.000644 0.001200 
0.000797 0.000084 0.000601 0.001280 
0.000827 0.000088 0.000635 0.001276 
0.000822 0.000085 0.000623 0.001223 
0.000818 0.000090 0.000610 0.001287 
0.000822 0.000078 0.000638 0.001171 
0.000773 0.000091 0.000563 0.001251 
0.000827 0.000100 0.000635 0.001430 
0.000799 0.000111 0.000605 0.001453 
0.000808 0.000106 0.000616 0.001384 
0.000817 0.000107 0.000615 0.001530 
0.000819 0.000105 0.000598 0.001387 
0.000827 0.000107 0.000620 0.001320 
0.000813 0.000110 0.000601 0.001482 
0.000814 0.000110 0.000623 0.001358 
0.000826 0.000100 0.000624 0.001299 
0.000822 0.000102 0.000621 0.001480 
0.000814 0.000109 0.000606 0.001437 
0.000836 0.000106 0.000636 0.001505 
0.000830 0.000098 0.000632 0.001481 
0.000801 0.000107 0.000602 0.001416 
0.000877 0.000164 0.000563 0.002150 
0.000866 0.000158 0.000543 0.002118 
0.000907 0.000144 0.000658 0.001927 
0.000868 0.000143 0.000569 0.001972 
0.000880 0.000143 0.000540 0.002052 
0.000875 0.000148 0.000602 0.002023 
0.000883 0.000128 0.000635 0.001952 
0.000867 0.000168 0.000523 0.002252 
0.000885 0.000146 0.000582 0.001963 
0.000851 0.000161 0.000549 0.002098 
0.000879 0.000151 0.000570 0.002103 
0.000855 0.000156 0.000498 0.002056 
0.000879 0.000149 0.000547 0.002131 
0.000889 0.000172 0.000562 0.002141 
0.000847 0.000128 0.000598 0.001438 
0.000825 0.000125 0.000596 0.001482 
0.000834 0.000137 0.000561 0.001526 
0.000837 0.000138 0.000590 0.001412 
0.000858 0.000129 0.000605 0.001482 
0.000829 0.000121 0.000599 0.001564 
0.000851 0.000121 0.000632 0.001330 
0.000853 0.000126 0.000604 0.001513 
0.000839 0.000129 0.000593 0.001592 
0.000855 0.000125 0.000602 0.001595 
0.000823 0.000133 0.000573 0.001602 
0.000832 0.000130 0.000588 0.001567 
0.000846 0.000126 0.000588 0.001621 
0.000819 0.000094 0.000634 0.001268 
0.000794 0.000100 0.000617 0.001382 
0.000812 0.000103 0.000603 0.001437 
0.000815 0.000098 0.000615 0.001271 
0.000828 0.000097 0.000625 0.001443 
0.000808 0.000099 0.000623 0.001375 
0.000822 0.000096 0.000618 0.001403 
0.000838 0.000090 0.000650 0.001241 
0.000813 0.000104 0.000606 0.001516 
0.000807 0.000107 0.000604 0.001373 
0.000813 0.000098 0.000620 0.001455 
0.000810 0.000102 0.000599 0.001361 
0.000883 0.000136 0.000563 0.001804 
0.000881 0.000149 0.000515 0.001817 
0.000883 0.000141 0.000564 0.001876 
0.000889 0.000136 0.000575 0.001849 
0.000861 0.000139 0.000516 0.001736 
0.000868 0.000114 0.000524 0.001538 
0.000871 0.000122 0.000560 0.001641 
0.000900 0.000136 0.000575 0.001849 
0.000874 0.000130 0.000560 0.001786 
0.000896 0.000138 0.000577 0.001870 
0.000897 0.000131 0.000597 0.001712 
0.000897 0.000148 0.000535 0.002063 
0.000869 0.000125 0.000531 0.001572 
0.000858 0.000108 0.000663 0.001349 
0.000854 0.000122 0.000635 0.001405 
0.000852 0.000100 0.000669 0.001380 
0.000879 0.000108 0.000680 0.001454 
0.000868 0.000107 0.000668 0.001457 
0.000845 0.000105 0.000628 0.001349 
0.000845 0.000108 0.000654 0.001492 
0.000851 0.000115 0.000655 0.001355 
0.000844 0.000113 0.000631 0.001536 
0.000846 0.000100 0.000664 0.001432 
0.000848 0.000114 0.000629 0.001649 
0.000854 0.000113 0.000658 0.001358 
0.000832 0.000114 0.000621 0.001496 
0.000854 0.000103 0.000592 0.001251 
0.000845 0.000109 0.000594 0.001271 
0.000850 0.000113 0.000565 0.001193 
0.000862 0.000110 0.000587 0.001345 
0.000862 0.000103 0.000624 0.001250 
0.000861 0.000113 0.000585 0.001254 
0.000845 0.000104 0.000609 0.001300 
0.000852 0.000107 0.000601 0.001391 
0.000845 0.000113 0.000581 0.001302 
0.000875 0.000103 0.000633 0.001197 
0.000856 0.000117 0.000603 0.001482 
0.000840 0.000110 0.000533 0.001197 
0.000869 0.000099 0.000633 0.001282 
0.000844 0.000110 0.000607 0.001347 
0.000862 0.000098 0.000613 0.001560 
0.000778 0.000117 0.000567 0.001516 
0.000853 0.000120 0.000645 0.001707 
0.000842 0.000111 0.000639 0.001660 
0.000833 0.000123 0.000636 0.001715 
0.000805 0.000130 0.000596 0.001870 
0.000909 0.000140 0.000679 0.002121 
0.000811 0.000105 0.000599 0.001597 
0.000823 0.000117 0.000640 0.001714 
0.000821 0.000109 0.000619 0.001607 
0.000833 0.000105 0.000642 0.001618 
0.000784 0.000107 0.000600 0.001509 
0.000804 0.000106 0.000618 0.001636 
