0.000929 0.000089 0.000715 0.001396 
0.000913 0.000095 0.000691 0.001353 
0.000925 0.000088 0.000699 0.001379 
0.000941 0.000085 0.000738 0.001316 
0.000939 0.000097 0.000739 0.001456 
0.000936 0.000088 0.000713 0.001347 
0.000919 0.000085 0.000714 0.001327 
0.000941 0.000086 0.000737 0.001344 
0.000921 0.000094 0.000685 0.001502 
0.000946 0.000099 0.000737 0.001539 
0.000916 0.000089 0.000714 0.001357 
0.000915 0.000088 0.000715 0.001408 
0.000941 0.000096 0.000721 0.001469 
0.000886 0.000105 0.000677 0.001517 
0.000878 0.000097 0.000684 0.001496 
0.000871 0.000095 0.000656 0.001519 
0.000888 0.000103 0.000675 0.001617 
0.000883 0.000090 0.000653 0.001629 
0.000875 0.000097 0.000654 0.001474 
0.000886 0.000101 0.000641 0.001577 
0.000879 0.000113 0.000658 0.001675 
0.000880 0.000092 0.000663 0.001509 
0.000872 0.000100 0.000659 0.001476 
0.000874 0.000104 0.000640 0.001516 
0.000887 0.000096 0.000659 0.001564 
0.000875 0.000094 0.000663 0.001568 
0.000919 0.000128 0.000694 0.001482 
0.000895 0.000143 0.000682 0.001667 
0.000928 0.000135 0.000731 0.001581 
0.000941 0.000154 0.000691 0.001817 
0.000932 0.000137 0.000678 0.001609 
0.000932 0.000134 0.000675 0.001788 
0.000916 0.000140 0.000660 0.001592 
0.000900 0.000125 0.000663 0.001549 
0.000943 0.000143 0.000671 0.001707 
0.000900 0.000126 0.000673 0.001627 
0.000940 0.000142 0.000661 0.001661 
0.000917 0.000104 0.000657 0.001421 
0.000922 0.000112 0.000665 0.001481 
0.000911 0.000102 0.000652 0.001364 
0.000906 0.000104 0.000627 0.001438 
0.000918 0.000112 0.000652 0.001408 
0.000896 0.000106 0.000635 0.001334 
0.000913 0.000111 0.000659 0.001488 
0.000910 0.000104 0.000641 0.001423 
0.000916 0.000109 0.000656 0.001519 
0.000913 0.000094 0.000676 0.001329 
0.000914 0.000105 0.000665 0.001452 
0.000912 0.000092 0.000668 0.001268 
0.001030 0.000237 0.000757 0.002396 
0.000995 0.000237 0.000724 0.002169 
0.001028 0.000252 0.000723 0.002426 
0.001022 0.000238 0.000764 0.002165 
0.001022 0.000242 0.000726 0.002306 
0.001031 0.000254 0.000704 0.002500 
0.000989 0.000231 0.000693 0.002193 
0.001016 0.000247 0.000728 0.002329 
0.001041 0.000272 0.000725 0.002374 
0.001047 0.000255 0.000735 0.002296 
0.001046 0.000281 0.000726 0.002628 
0.000891 0.000136 0.000616 0.001663 
0.000897 0.000137 0.000580 0.001629 
0.000890 0.000126 0.000595 0.001554 
0.000890 0.000121 0.000593 0.001551 
0.000877 0.000137 0.000601 0.001614 
0.000866 0.000118 0.000604 0.001578 
0.000901 0.000141 0.000610 0.001683 
0.000883 0.000144 0.000574 0.001683 
0.000895 0.000151 0.000599 0.001716 
0.000898 0.000149 0.000600 0.001721 
0.000910 0.000108 0.000718 0.001469 
0.000885 0.000126 0.000673 0.001560 
0.000892 0.000116 0.000706 0.001599 
0.000876 0.000100 0.000697 0.001424 
0.000890 0.000104 0.000696 0.001529 
0.000916 0.000108 0.000717 0.001513 
0.000913 0.000118 0.000725 0.001574 
0.000906 0.000113 0.000702 0.001586 
0.000909 0.000115 0.000690 0.001546 
0.000910 0.000118 0.000711 0.001567 
0.000909 0.000129 0.000691 0.001659 
0.000914 0.000121 0.000711 0.001623 
0.000914 0.000116 0.000715 0.001490 
0.000875 0.000108 0.000675 0.001532 
0.000887 0.000108 0.000700 0.001491 
0.000887 0.000114 0.000680 0.001566 
0.000911 0.000143 0.000723 0.001714 
0.000913 0.000141 0.000714 0.001721 
0.000921 0.000154 0.000705 0.001736 
0.000922 0.000152 0.000728 0.001750 
0.000939 0.000152 0.000746 0.001904 
0.000935 0.000149 0.000692 0.001684 
0.000912 0.000134 0.000724 0.001521 
0.000943 0.000150 0.000746 0.001737 
0.000925 0.000143 0.000728 0.001727 
0.000930 0.000163 0.000714 0.001818 
0.000912 0.000147 0.000710 0.001778 
0.000932 0.000144 0.000750 0.001825 
0.000938 0.000137 0.000739 0.001751 
0.000909 0.000140 0.000715 0.001649 
0.001059 0.000287 0.000759 0.002502 
0.001053 0.000313 0.000739 0.002530 
0.001053 0.000292 0.000747 0.002411 
0.001036 0.000263 0.000741 0.002275 
0.001043 0.000273 0.000738 0.002284 
0.001039 0.000278 0.000738 0.002414 
0.001011 0.000249 0.000728 0.002234 
0.001050 0.000314 0.000737 0.002607 
0.001085 0.000342 0.000741 0.002504 
0.001037 0.000316 0.000712 0.002517 
0.001022 0.000269 0.000729 0.002353 
0.001018 0.000289 0.000668 0.002405 
0.001034 0.000283 0.000720 0.002522 
0.001056 0.000298 0.000707 0.002545 
0.000985 0.000154 0.000702 0.001800 
0.000990 0.000156 0.000688 0.001791 
0.001014 0.000164 0.000711 0.001761 
0.001008 0.000153 0.000726 0.001720 
0.001004 0.000150 0.000701 0.001742 
0.000985 0.000155 0.000693 0.001719 
0.001000 0.000151 0.000705 0.001797 
0.000997 0.000160 0.000716 0.001745 
0.000974 0.000147 0.000668 0.001687 
0.000978 0.000141 0.000702 0.001734 
0.001020 0.000152 0.000713 0.001752 
0.001009 0.000164 0.000690 0.001859 
0.000997 0.000150 0.000707 0.001648 
0.000974 0.000178 0.000717 0.001906 
0.000969 0.000208 0.000658 0.002148 
0.000980 0.000171 0.000719 0.001933 
0.000967 0.000157 0.000724 0.001908 
0.000987 0.000181 0.000724 0.001987 
0.000968 0.000182 0.000693 0.001905 
0.000985 0.000174 0.000720 0.002080 
0.000978 0.000185 0.000733 0.001953 
0.000993 0.000175 0.000688 0.001955 
0.000988 0.000162 0.000713 0.001943 
0.000974 0.000167 0.000711 0.001955 
0.000949 0.000155 0.000711 0.001807 
0.001066 0.000326 0.000695 0.002642 
0.001031 0.000299 0.000670 0.002577 
0.001038 0.000324 0.000707 0.002632 
0.001041 0.000306 0.000659 0.002527 
0.001030 0.000310 0.000654 0.002647 
0.001031 0.000306 0.000701 0.002580 
0.001055 0.000327 0.000719 0.002588 
0.001049 0.000299 0.000686 0.002563 
0.000996 0.000277 0.000686 0.002549 
0.001037 0.000304 0.000694 0.002783 
0.001030 0.000282 0.000696 0.002568 
0.001038 0.000308 0.000675 0.002680 
0.001013 0.000280 0.000717 0.002502 
0.001004 0.000230 0.000690 0.002203 
0.001012 0.000230 0.000686 0.002132 
0.001004 0.000235 0.000695 0.002124 
0.001011 0.000241 0.000710 0.002071 
0.001010 0.000229 0.000708 0.002115 
0.001004 0.000244 0.000715 0.002214 
0.001008 0.000250 0.000708 0.002258 
0.000986 0.000229 0.000685 0.002121 
0.001004 0.000237 0.000681 0.002156 
0.001008 0.000242 0.000691 0.002143 
0.001021 0.000242 0.000681 0.002107 
0.001019 0.000239 0.000655 0.002230 
0.000988 0.000226 0.000702 0.002289 
0.000908 0.000137 0.000700 0.001713 
0.000895 0.000150 0.000658 0.001770 
0.000911 0.000124 0.000696 0.001685 
0.000911 0.000134 0.000726 0.001701 
0.000924 0.000124 0.000750 0.001754 
0.000916 0.000125 0.000718 0.001596 
0.000910 0.000132 0.000711 0.001761 
0.000923 0.000142 0.000683 0.001850 
0.000899 0.000130 0.000733 0.001703 
0.000921 0.000126 0.000707 0.001733 
0.000893 0.000134 0.000691 0.001833 
0.000900 0.000143 0.000693 0.001722 
0.000923 0.000131 0.000690 0.001640 
0.000914 0.000152 0.000722 0.001953 
0.000992 0.000192 0.000724 0.001975 
0.000976 0.000236 0.000652 0.002235 
0.001027 0.000223 0.000680 0.002379 
0.000984 0.000195 0.000731 0.002139 
0.000987 0.000203 0.000722 0.002130 
0.000987 0.000232 0.000695 0.002191 
0.001061 0.000244 0.000741 0.002415 
0.000975 0.000207 0.000659 0.002096 
0.001007 0.000214 0.000715 0.002163 
0.000994 0.000227 0.000723 0.002201 
0.001031 0.000231 0.000730 0.002311 
0.000957 0.000195 0.000682 0.002079 
0.001000 0.000243 0.000671 0.002262 
