0.001321 0.000318 0.000000 0.002398 
0.001360 0.000367 0.000000 0.002463 
0.001306 0.000294 0.000000 0.002214 
0.001377 0.000361 0.000000 0.002636 
0.001314 0.000304 0.000000 0.002181 
0.001334 0.000352 0.000000 0.002520 
0.001301 0.000290 0.000000 0.002360 
0.001316 0.000299 0.000000 0.002304 
0.001319 0.000310 0.000000 0.002516 
0.001269 0.000295 0.000000 0.002508 
0.001284 0.000281 0.000000 0.002390 
0.001257 0.000295 0.000000 0.002328 
0.001331 0.000348 0.000000 0.002468 
0.001180 0.000269 0.000000 0.002348 
0.001207 0.000267 0.000000 0.002145 
0.001223 0.000261 0.000000 0.002218 
0.001279 0.000302 0.000000 0.002299 
0.001195 0.000273 0.000000 0.002170 
0.001186 0.000257 0.000000 0.002278 
0.001189 0.000225 0.000000 0.002151 
0.001172 0.000243 0.000000 0.002169 
0.001251 0.000291 0.000000 0.002606 
0.001220 0.000256 0.000000 0.002282 
0.001233 0.000259 0.000000 0.002281 
0.001240 0.000276 0.000000 0.002300 
0.001224 0.000276 0.000000 0.002566 
0.001500 0.000372 0.000000 0.002795 
0.001487 0.000352 0.000000 0.002639 
0.001425 0.000331 0.000000 0.002577 
0.001442 0.000331 0.000000 0.002421 
0.001442 0.000347 0.000000 0.002412 
0.001444 0.000353 0.000000 0.002574 
0.001445 0.000327 0.000000 0.002503 
0.001367 0.000308 0.000000 0.002337 
0.001448 0.000338 0.000000 0.002513 
0.001358 0.000294 0.000000 0.002526 
0.001465 0.000363 0.000000 0.002643 
0.001291 0.000277 0.000000 0.002288 
0.001306 0.000289 0.000000 0.002276 
0.001349 0.000303 0.000000 0.002484 
0.001344 0.000331 0.000000 0.002579 
0.001265 0.000260 0.000000 0.002263 
0.001302 0.000302 0.000000 0.002590 
0.001235 0.000257 0.000000 0.002302 
0.001342 0.000331 0.000000 0.002776 
0.001297 0.000297 0.000000 0.002474 
0.001309 0.000284 0.000000 0.002413 
0.001331 0.000343 0.000000 0.002806 
0.001307 0.000302 0.000000 0.002508 
0.001217 0.000253 0.000000 0.002062 
0.001205 0.000224 0.000000 0.001935 
0.001239 0.000255 0.000000 0.001979 
0.001234 0.000252 0.000000 0.002034 
0.001228 0.000235 0.000000 0.002059 
0.001220 0.000217 0.000000 0.001895 
0.001212 0.000224 0.000000 0.002017 
0.001227 0.000257 0.000000 0.002100 
0.001247 0.000252 0.000000 0.002137 
0.001213 0.000230 0.000000 0.002144 
0.001231 0.000240 0.000000 0.002045 
0.001301 0.000308 0.000000 0.002472 
0.001316 0.000347 0.000000 0.002494 
0.001314 0.000318 0.000000 0.002312 
0.001272 0.000287 0.000000 0.002343 
0.001337 0.000331 0.000000 0.002555 
0.001286 0.000339 0.000000 0.002496 
0.001297 0.000353 0.000000 0.002532 
0.001259 0.000328 0.000000 0.002395 
0.001283 0.000295 0.000000 0.002208 
0.001341 0.000377 0.000000 0.002607 
0.001317 0.000269 0.000000 0.002114 
0.001295 0.000257 0.000000 0.001966 
0.001220 0.000252 0.000000 0.002068 
0.001290 0.000236 0.000000 0.002147 
0.001238 0.000236 0.000000 0.002149 
0.001298 0.000316 0.000000 0.002622 
0.001264 0.000265 0.000000 0.002229 
0.001298 0.000281 0.000000 0.002358 
0.001266 0.000276 0.000000 0.002245 
0.001243 0.000228 0.000000 0.002066 
0.001235 0.000247 0.000000 0.002242 
0.001334 0.000313 0.000000 0.002366 
0.001230 0.000257 0.000000 0.002183 
0.001308 0.000262 0.000000 0.002356 
0.001292 0.000274 0.000000 0.002147 
0.001316 0.000280 0.000000 0.002253 
0.001304 0.000278 0.000000 0.002265 
0.001328 0.000281 0.000000 0.002361 
0.001316 0.000273 0.000000 0.002375 
0.001317 0.000279 0.000000 0.002210 
0.001322 0.000288 0.000000 0.002468 
0.001418 0.000301 0.000000 0.002397 
0.001348 0.000307 0.000000 0.002475 
0.001420 0.000333 0.000000 0.002527 
0.001391 0.000334 0.000000 0.002476 
0.001405 0.000383 0.000000 0.002650 
0.001326 0.000308 0.000000 0.002378 
0.001349 0.000294 0.000000 0.002536 
0.001336 0.000296 0.000000 0.002437 
0.001347 0.000318 0.000000 0.002527 
0.001233 0.000265 0.000000 0.002376 
0.001257 0.000268 0.000000 0.002109 
0.001176 0.000233 0.000000 0.001859 
0.001221 0.000221 0.000000 0.001999 
0.001191 0.000274 0.000000 0.002135 
0.001265 0.000287 0.000000 0.002345 
0.001245 0.000276 0.000000 0.002143 
0.001208 0.000238 0.000000 0.002185 
0.001177 0.000258 0.000000 0.002135 
0.001246 0.000272 0.000000 0.002500 
0.001205 0.000235 0.000000 0.002018 
0.001233 0.000247 0.000000 0.002248 
0.001281 0.000275 0.000000 0.002151 
0.001278 0.000272 0.000000 0.002338 
0.001342 0.000260 0.000000 0.002026 
0.001375 0.000339 0.000000 0.002570 
0.001279 0.000290 0.000000 0.002034 
0.001242 0.000262 0.000000 0.001872 
0.001308 0.000288 0.000000 0.002150 
0.001270 0.000301 0.000000 0.002167 
0.001294 0.000293 0.000000 0.002398 
0.001225 0.000235 0.000000 0.001806 
0.001201 0.000245 0.000000 0.001780 
0.001274 0.000265 0.000000 0.002016 
0.001260 0.000267 0.000000 0.001978 
0.001280 0.000285 0.000000 0.002340 
0.001276 0.000250 0.000000 0.001868 
0.001364 0.000358 0.000000 0.002610 
0.001340 0.000318 0.000000 0.002307 
0.001290 0.000312 0.000000 0.002276 
0.001307 0.000305 0.000000 0.002369 
0.001362 0.000342 0.000000 0.002482 
0.001325 0.000351 0.000000 0.002390 
0.001238 0.000292 0.000000 0.002153 
0.001357 0.000325 0.000000 0.002438 
0.001293 0.000323 0.000000 0.002405 
0.001268 0.000259 0.000000 0.002138 
0.001284 0.000315 0.000000 0.002503 
0.001373 0.000344 0.000000 0.002640 
0.001228 0.000230 0.000000 0.002064 
0.001210 0.000239 0.000000 0.001887 
0.001223 0.000243 0.000000 0.002164 
0.001235 0.000262 0.000000 0.002080 
0.001235 0.000266 0.000000 0.002005 
0.001309 0.000313 0.000000 0.002136 
0.001239 0.000263 0.000000 0.001990 
0.001269 0.000253 0.000000 0.002083 
0.001299 0.000296 0.000000 0.002173 
0.001270 0.000258 0.000000 0.002180 
0.001223 0.000238 0.000000 0.001945 
0.001260 0.000266 0.000000 0.002248 
0.001269 0.000299 0.000000 0.002158 
0.001325 0.000302 0.000000 0.002454 
0.001360 0.000325 0.000000 0.002504 
0.001232 0.000230 0.000000 0.002104 
0.001300 0.000256 0.000000 0.002323 
0.001268 0.000253 0.000000 0.002128 
0.001233 0.000249 0.000000 0.002037 
0.001261 0.000249 0.000000 0.002191 
0.001261 0.000269 0.000000 0.002163 
0.001206 0.000230 0.000000 0.001928 
0.001235 0.000235 0.000000 0.001981 
0.001192 0.000221 0.000000 0.001959 
0.001348 0.000305 0.000000 0.002464 
0.001257 0.000264 0.000000 0.002260 
0.001114 0.000238 0.000000 0.002174 
0.001146 0.000271 0.000000 0.002132 
0.001153 0.000230 0.000000 0.001833 
0.001136 0.000218 0.000000 0.002015 
0.001147 0.000234 0.000000 0.001932 
0.001140 0.000232 0.000000 0.002186 
0.001142 0.000275 0.000000 0.002287 
0.001130 0.000233 0.000000 0.002043 
0.001086 0.000239 0.000000 0.002133 
0.001108 0.000231 0.000000 0.002005 
0.001146 0.000229 0.000000 0.001944 
0.001052 0.000201 0.000000 0.001854 
0.001147 0.000258 0.000000 0.002010 
0.001144 0.000275 0.000000 0.002289 
0.001218 0.000257 0.000000 0.002177 
0.001288 0.000278 0.000000 0.002143 
0.001269 0.000300 0.000000 0.002209 
0.001332 0.000314 0.000000 0.002339 
0.001280 0.000247 0.000000 0.002080 
0.001238 0.000294 0.000000 0.002172 
0.001300 0.000288 0.000000 0.002131 
0.001304 0.000328 0.000000 0.002596 
0.001307 0.000287 0.000000 0.002086 
0.001248 0.000270 0.000000 0.002076 
0.001252 0.000277 0.000000 0.002117 
0.001263 0.000287 0.000000 0.002312 
0.001282 0.000284 0.000000 0.002236 
