0.000931 0.000131 0.000687 0.001420 
0.000909 0.000117 0.000678 0.001377 
0.000927 0.000118 0.000688 0.001422 
0.000928 0.000127 0.000701 0.001440 
0.000917 0.000121 0.000649 0.001333 
0.000933 0.000122 0.000700 0.001471 
0.000938 0.000121 0.000702 0.001451 
0.000951 0.000128 0.000697 0.001510 
0.000912 0.000122 0.000676 0.001392 
0.000917 0.000129 0.000674 0.001422 
0.000928 0.000128 0.000663 0.001365 
0.000910 0.000125 0.000682 0.001373 
0.000933 0.000122 0.000669 0.001340 
0.000908 0.000151 0.000655 0.001889 
0.000903 0.000137 0.000673 0.001630 
0.000890 0.000136 0.000652 0.001604 
0.000920 0.000153 0.000648 0.001748 
0.000923 0.000143 0.000662 0.001891 
0.000885 0.000135 0.000658 0.001665 
0.000895 0.000122 0.000651 0.001587 
0.000911 0.000149 0.000628 0.001737 
0.000875 0.000136 0.000607 0.001551 
0.000904 0.000148 0.000634 0.001766 
0.000894 0.000144 0.000644 0.001694 
0.000919 0.000155 0.000675 0.001821 
0.000894 0.000135 0.000648 0.001563 
0.000954 0.000135 0.000710 0.001686 
0.000918 0.000143 0.000642 0.001855 
0.000960 0.000154 0.000688 0.002039 
0.000969 0.000157 0.000675 0.001837 
0.000958 0.000143 0.000692 0.001846 
0.000950 0.000154 0.000659 0.001713 
0.000965 0.000162 0.000688 0.001849 
0.000928 0.000130 0.000678 0.001623 
0.000937 0.000134 0.000662 0.001709 
0.000925 0.000136 0.000654 0.001851 
0.000954 0.000141 0.000698 0.001823 
0.000896 0.000098 0.000687 0.001218 
0.000897 0.000106 0.000677 0.001225 
0.000899 0.000102 0.000696 0.001220 
0.000889 0.000110 0.000675 0.001200 
0.000895 0.000108 0.000649 0.001203 
0.000906 0.000103 0.000678 0.001198 
0.000887 0.000103 0.000647 0.001192 
0.000915 0.000108 0.000673 0.001257 
0.000894 0.000107 0.000656 0.001249 
0.000916 0.000105 0.000703 0.001239 
0.000888 0.000107 0.000665 0.001176 
0.000922 0.000107 0.000707 0.001259 
0.000990 0.000175 0.000699 0.001893 
0.000986 0.000183 0.000688 0.001891 
0.001004 0.000185 0.000662 0.001863 
0.000980 0.000159 0.000711 0.001671 
0.001008 0.000191 0.000699 0.002036 
0.000994 0.000185 0.000707 0.002009 
0.001004 0.000198 0.000728 0.002136 
0.000972 0.000172 0.000684 0.001803 
0.000996 0.000176 0.000697 0.001919 
0.000996 0.000166 0.000679 0.001795 
0.000987 0.000206 0.000673 0.002203 
0.000927 0.000166 0.000662 0.001938 
0.000939 0.000184 0.000631 0.001960 
0.000931 0.000174 0.000671 0.001798 
0.000929 0.000158 0.000661 0.001810 
0.000913 0.000176 0.000595 0.001940 
0.000931 0.000164 0.000632 0.001832 
0.000919 0.000172 0.000624 0.001952 
0.000924 0.000173 0.000646 0.001856 
0.000929 0.000177 0.000619 0.001916 
0.000934 0.000171 0.000639 0.001899 
0.001022 0.000182 0.000709 0.001961 
0.001005 0.000203 0.000669 0.002025 
0.000988 0.000182 0.000667 0.001941 
0.000995 0.000180 0.000692 0.001861 
0.001014 0.000181 0.000696 0.001851 
0.001012 0.000177 0.000673 0.001979 
0.001005 0.000168 0.000694 0.001787 
0.001015 0.000190 0.000688 0.002006 
0.000992 0.000178 0.000687 0.001955 
0.001014 0.000169 0.000698 0.001910 
0.001004 0.000179 0.000681 0.001865 
0.001005 0.000179 0.000693 0.001964 
0.001000 0.000177 0.000686 0.001939 
0.001031 0.000200 0.000696 0.002091 
0.001008 0.000180 0.000688 0.001892 
0.000970 0.000189 0.000635 0.001988 
0.000981 0.000123 0.000727 0.001833 
0.000951 0.000139 0.000646 0.001696 
0.000953 0.000130 0.000644 0.001659 
0.000976 0.000133 0.000684 0.001754 
0.000957 0.000122 0.000655 0.001677 
0.000962 0.000136 0.000659 0.001887 
0.000958 0.000125 0.000669 0.001681 
0.000978 0.000134 0.000674 0.001736 
0.000971 0.000128 0.000695 0.001622 
0.000968 0.000145 0.000689 0.001955 
0.000961 0.000125 0.000674 0.001636 
0.000973 0.000140 0.000676 0.001942 
0.000968 0.000127 0.000694 0.001790 
0.000949 0.000137 0.000666 0.001748 
0.000961 0.000163 0.000675 0.001765 
0.000945 0.000165 0.000668 0.001819 
0.000960 0.000138 0.000647 0.001679 
0.000973 0.000170 0.000664 0.001848 
0.000961 0.000153 0.000714 0.001718 
0.000949 0.000155 0.000709 0.001766 
0.000944 0.000148 0.000694 0.001828 
0.000960 0.000177 0.000661 0.001771 
0.000956 0.000152 0.000661 0.001737 
0.000927 0.000155 0.000653 0.001697 
0.000975 0.000177 0.000675 0.001847 
0.000952 0.000177 0.000650 0.001749 
0.000986 0.000191 0.000668 0.001913 
0.000964 0.000177 0.000667 0.001867 
0.000925 0.000121 0.000664 0.001393 
0.000924 0.000127 0.000683 0.001468 
0.000945 0.000131 0.000674 0.001453 
0.000944 0.000132 0.000675 0.001509 
0.000947 0.000112 0.000706 0.001445 
0.000932 0.000126 0.000664 0.001442 
0.000945 0.000119 0.000686 0.001415 
0.000930 0.000118 0.000685 0.001378 
0.000938 0.000121 0.000687 0.001495 
0.000956 0.000125 0.000713 0.001481 
0.000925 0.000127 0.000673 0.001399 
0.000938 0.000129 0.000669 0.001489 
0.000939 0.000124 0.000694 0.001522 
0.000980 0.000141 0.000725 0.001788 
0.000982 0.000166 0.000691 0.001828 
0.000984 0.000156 0.000685 0.001758 
0.000977 0.000167 0.000697 0.001894 
0.000984 0.000149 0.000726 0.001824 
0.000989 0.000156 0.000701 0.001814 
0.000981 0.000141 0.000693 0.001631 
0.000987 0.000142 0.000744 0.001967 
0.000980 0.000154 0.000729 0.001715 
0.000976 0.000152 0.000699 0.001678 
0.000976 0.000145 0.000719 0.001774 
0.000968 0.000145 0.000718 0.001699 
0.001029 0.000238 0.000687 0.002311 
0.001053 0.000279 0.000645 0.002431 
0.001028 0.000257 0.000653 0.002442 
0.001028 0.000247 0.000682 0.002317 
0.001035 0.000263 0.000637 0.002461 
0.001000 0.000216 0.000677 0.002165 
0.001048 0.000277 0.000677 0.002386 
0.001037 0.000256 0.000688 0.002380 
0.001027 0.000268 0.000653 0.002531 
0.001031 0.000259 0.000649 0.002509 
0.001029 0.000228 0.000676 0.002126 
0.001068 0.000274 0.000668 0.002582 
0.001041 0.000264 0.000633 0.002311 
0.001007 0.000140 0.000668 0.001598 
0.000988 0.000139 0.000651 0.001493 
0.001000 0.000131 0.000671 0.001669 
0.001017 0.000135 0.000695 0.001610 
0.001009 0.000145 0.000655 0.001728 
0.000982 0.000136 0.000674 0.001546 
0.000995 0.000134 0.000650 0.001574 
0.000978 0.000133 0.000664 0.001562 
0.000978 0.000132 0.000683 0.001567 
0.000996 0.000142 0.000694 0.001651 
0.000982 0.000138 0.000648 0.001581 
0.000995 0.000136 0.000662 0.001591 
0.000979 0.000138 0.000638 0.001525 
0.000999 0.000179 0.000658 0.001901 
0.000987 0.000193 0.000655 0.001955 
0.000986 0.000188 0.000642 0.001830 
0.000983 0.000171 0.000664 0.001931 
0.001001 0.000182 0.000653 0.001829 
0.000987 0.000168 0.000699 0.001892 
0.000974 0.000166 0.000620 0.001625 
0.000985 0.000190 0.000632 0.001906 
0.000983 0.000182 0.000639 0.001850 
0.001006 0.000173 0.000657 0.001852 
0.000993 0.000209 0.000656 0.002215 
0.000975 0.000165 0.000650 0.001884 
0.001013 0.000179 0.000647 0.001920 
0.000958 0.000175 0.000637 0.001798 
0.001017 0.000176 0.000751 0.002193 
0.000986 0.000205 0.000677 0.002098 
0.000997 0.000168 0.000687 0.001906 
0.001004 0.000192 0.000691 0.002109 
0.000986 0.000190 0.000674 0.002042 
0.000973 0.000192 0.000657 0.001938 
0.001016 0.000189 0.000735 0.002120 
0.000981 0.000186 0.000679 0.002090 
0.000983 0.000188 0.000687 0.001919 
0.000972 0.000171 0.000690 0.001701 
0.000982 0.000181 0.000679 0.002098 
0.000991 0.000212 0.000678 0.002132 
0.000984 0.000195 0.000680 0.001933 
