0.001157 0.000163 0.000747 0.001885 
0.001138 0.000167 0.000745 0.001943 
0.001156 0.000183 0.000742 0.002132 
0.001187 0.000195 0.000786 0.002210 
0.001142 0.000153 0.000760 0.001810 
0.001198 0.000188 0.000719 0.002214 
0.001182 0.000186 0.000738 0.002221 
0.001170 0.000185 0.000802 0.002110 
0.001134 0.000177 0.000785 0.002064 
0.001180 0.000199 0.000743 0.002387 
0.001169 0.000195 0.000772 0.002100 
0.001152 0.000182 0.000773 0.002222 
0.001162 0.000157 0.000780 0.001950 
0.001150 0.000258 0.000734 0.002573 
0.001157 0.000228 0.000736 0.002059 
0.001160 0.000245 0.000733 0.002180 
0.001177 0.000242 0.000767 0.002103 
0.001168 0.000233 0.000770 0.002367 
0.001159 0.000272 0.000734 0.002490 
0.001150 0.000243 0.000767 0.002081 
0.001138 0.000258 0.000749 0.002094 
0.001171 0.000272 0.000733 0.002578 
0.001136 0.000234 0.000758 0.002260 
0.001149 0.000241 0.000766 0.002165 
0.001177 0.000245 0.000766 0.002236 
0.001165 0.000263 0.000753 0.002384 
0.001054 0.000174 0.000739 0.001972 
0.001036 0.000183 0.000692 0.001841 
0.001033 0.000156 0.000718 0.001769 
0.001073 0.000178 0.000695 0.001887 
0.001074 0.000173 0.000702 0.001923 
0.001061 0.000173 0.000709 0.001864 
0.001062 0.000175 0.000729 0.001856 
0.001012 0.000148 0.000721 0.001635 
0.001080 0.000196 0.000719 0.002095 
0.001030 0.000169 0.000714 0.001818 
0.001058 0.000170 0.000715 0.001828 
0.001076 0.000164 0.000788 0.001886 
0.001110 0.000157 0.000780 0.001881 
0.001087 0.000174 0.000789 0.001835 
0.001100 0.000162 0.000785 0.001872 
0.001083 0.000152 0.000786 0.001709 
0.001101 0.000183 0.000765 0.001979 
0.001067 0.000151 0.000777 0.001708 
0.001090 0.000167 0.000747 0.001900 
0.001080 0.000159 0.000789 0.001770 
0.001113 0.000165 0.000805 0.001861 
0.001090 0.000165 0.000782 0.001906 
0.001075 0.000160 0.000791 0.001782 
0.001162 0.000221 0.000779 0.002177 
0.001121 0.000202 0.000751 0.002205 
0.001174 0.000239 0.000742 0.002464 
0.001160 0.000227 0.000770 0.002383 
0.001172 0.000211 0.000799 0.002220 
0.001164 0.000212 0.000754 0.002191 
0.001164 0.000237 0.000740 0.002291 
0.001172 0.000242 0.000778 0.002379 
0.001131 0.000201 0.000787 0.002203 
0.001170 0.000222 0.000791 0.002216 
0.001139 0.000216 0.000726 0.002304 
0.001014 0.000177 0.000674 0.001987 
0.001023 0.000177 0.000694 0.001755 
0.001005 0.000176 0.000699 0.001906 
0.001002 0.000166 0.000692 0.001844 
0.001035 0.000196 0.000675 0.002033 
0.000994 0.000174 0.000674 0.001812 
0.000996 0.000161 0.000708 0.001728 
0.000973 0.000172 0.000670 0.001761 
0.001027 0.000165 0.000683 0.001741 
0.000989 0.000169 0.000624 0.001838 
0.001039 0.000185 0.000700 0.001871 
0.000997 0.000136 0.000744 0.001582 
0.001021 0.000159 0.000701 0.001679 
0.001020 0.000173 0.000676 0.001746 
0.001027 0.000171 0.000698 0.001755 
0.001062 0.000178 0.000672 0.001814 
0.001004 0.000154 0.000691 0.001679 
0.001030 0.000161 0.000735 0.001746 
0.001017 0.000164 0.000710 0.001808 
0.001011 0.000142 0.000759 0.001605 
0.001003 0.000149 0.000718 0.001626 
0.001021 0.000160 0.000700 0.001645 
0.001022 0.000164 0.000688 0.001735 
0.001046 0.000174 0.000729 0.001744 
0.001014 0.000154 0.000711 0.001643 
0.000994 0.000159 0.000699 0.001699 
0.001171 0.000246 0.000753 0.002246 
0.001174 0.000261 0.000688 0.002475 
0.001189 0.000241 0.000768 0.002256 
0.001190 0.000255 0.000731 0.002364 
0.001190 0.000244 0.000720 0.002428 
0.001202 0.000248 0.000715 0.002398 
0.001203 0.000270 0.000730 0.002396 
0.001200 0.000263 0.000699 0.002460 
0.001197 0.000247 0.000722 0.002258 
0.001195 0.000248 0.000686 0.002219 
0.001179 0.000255 0.000715 0.002221 
0.001196 0.000244 0.000747 0.002269 
0.001213 0.000253 0.000707 0.002250 
0.001206 0.000258 0.000709 0.002382 
0.001085 0.000246 0.000709 0.002134 
0.001061 0.000219 0.000704 0.002117 
0.001082 0.000259 0.000692 0.002174 
0.001065 0.000244 0.000674 0.002169 
0.001098 0.000260 0.000708 0.002340 
0.001087 0.000241 0.000746 0.002307 
0.001073 0.000220 0.000741 0.002094 
0.001071 0.000232 0.000730 0.002317 
0.001061 0.000261 0.000687 0.002257 
0.001041 0.000220 0.000683 0.002159 
0.001060 0.000232 0.000687 0.002147 
0.001050 0.000219 0.000675 0.002005 
0.001075 0.000214 0.000722 0.002127 
0.001057 0.000217 0.000632 0.002011 
0.001279 0.000265 0.000753 0.002187 
0.001207 0.000223 0.000742 0.002081 
0.001241 0.000265 0.000671 0.002165 
0.001251 0.000277 0.000674 0.002200 
0.001231 0.000252 0.000680 0.002187 
0.001266 0.000281 0.000755 0.002333 
0.001274 0.000286 0.000712 0.002470 
0.001251 0.000289 0.000691 0.002426 
0.001246 0.000273 0.000723 0.002414 
0.001240 0.000275 0.000702 0.002223 
0.001279 0.000249 0.000756 0.002179 
0.001236 0.000276 0.000680 0.002431 
0.001259 0.000302 0.000700 0.002639 
0.001201 0.000258 0.000777 0.002253 
0.001180 0.000234 0.000765 0.002129 
0.001257 0.000286 0.000833 0.002425 
0.001225 0.000243 0.000834 0.002274 
0.001205 0.000259 0.000801 0.002292 
0.001205 0.000266 0.000774 0.002266 
0.001227 0.000262 0.000799 0.002231 
0.001193 0.000255 0.000802 0.002358 
0.001218 0.000254 0.000827 0.002351 
0.001288 0.000283 0.000864 0.002431 
0.001213 0.000272 0.000808 0.002329 
0.001241 0.000255 0.000842 0.002279 
0.001061 0.000231 0.000672 0.002298 
0.001036 0.000232 0.000647 0.002427 
0.001032 0.000235 0.000648 0.002434 
0.001064 0.000247 0.000626 0.002404 
0.001022 0.000232 0.000653 0.002327 
0.001059 0.000231 0.000706 0.002521 
0.001029 0.000211 0.000604 0.002255 
0.001072 0.000258 0.000679 0.002489 
0.001046 0.000230 0.000689 0.002368 
0.001057 0.000242 0.000582 0.002361 
0.001036 0.000218 0.000661 0.002203 
0.001053 0.000248 0.000665 0.002427 
0.001030 0.000226 0.000647 0.002475 
0.001067 0.000146 0.000742 0.001690 
0.001108 0.000159 0.000705 0.001684 
0.001069 0.000154 0.000748 0.001799 
0.001063 0.000171 0.000640 0.001776 
0.001096 0.000159 0.000746 0.001822 
0.001024 0.000142 0.000749 0.001635 
0.001040 0.000143 0.000715 0.001694 
0.001049 0.000146 0.000694 0.001671 
0.001038 0.000158 0.000717 0.001586 
0.001032 0.000140 0.000713 0.001661 
0.001037 0.000135 0.000762 0.001530 
0.001084 0.000157 0.000766 0.001696 
0.001036 0.000149 0.000716 0.001663 
0.001159 0.000194 0.000732 0.002161 
0.001127 0.000199 0.000749 0.002118 
0.001144 0.000194 0.000716 0.002178 
0.001150 0.000186 0.000779 0.002135 
0.001178 0.000211 0.000790 0.002528 
0.001159 0.000215 0.000763 0.002402 
0.001134 0.000191 0.000755 0.002108 
0.001172 0.000207 0.000738 0.002391 
0.001124 0.000185 0.000799 0.002042 
0.001166 0.000197 0.000779 0.002392 
0.001153 0.000198 0.000771 0.002219 
0.001128 0.000196 0.000743 0.002114 
0.001154 0.000196 0.000731 0.002168 
0.001103 0.000201 0.000721 0.002123 
0.001139 0.000196 0.000741 0.002253 
0.001157 0.000201 0.000746 0.002184 
0.001181 0.000194 0.000774 0.002140 
0.001166 0.000199 0.000748 0.002031 
0.001221 0.000242 0.000768 0.002396 
0.001130 0.000184 0.000718 0.002077 
0.001143 0.000200 0.000775 0.002135 
0.001162 0.000215 0.000769 0.002344 
0.001146 0.000205 0.000781 0.002249 
0.001156 0.000202 0.000738 0.002169 
0.001152 0.000190 0.000762 0.001929 
0.001167 0.000194 0.000819 0.002054 
0.001157 0.000194 0.000790 0.001965 
