0.000833 0.000082 0.000691 0.001075 
0.000843 0.000087 0.000705 0.001096 
0.000845 0.000082 0.000717 0.001139 
0.000819 0.000085 0.000697 0.001414 
0.000798 0.000079 0.000682 0.001084 
0.000834 0.000079 0.000708 0.001099 
0.000821 0.000064 0.000709 0.001013 
0.000806 0.000064 0.000704 0.001136 
0.000814 0.000053 0.000717 0.000995 
0.000787 0.000060 0.000692 0.000981 
0.000835 0.000066 0.000703 0.001063 
0.000798 0.000081 0.000677 0.001048 
0.000833 0.000083 0.000707 0.001070 
0.000843 0.000095 0.000705 0.001057 
0.000820 0.000079 0.000690 0.001176 
0.000881 0.000103 0.000713 0.001120 
0.000869 0.000104 0.000729 0.001271 
0.000831 0.000076 0.000726 0.001084 
0.000865 0.000100 0.000721 0.001069 
0.000816 0.000063 0.000691 0.000964 
0.000851 0.000101 0.000690 0.001082 
0.000819 0.000081 0.000703 0.001083 
0.000837 0.000077 0.000721 0.001132 
0.000838 0.000099 0.000686 0.001252 
0.000842 0.000089 0.000684 0.001189 
0.000850 0.000100 0.000720 0.001278 
0.000842 0.000093 0.000726 0.001365 
0.000860 0.000112 0.000698 0.001177 
0.000840 0.000115 0.000684 0.001264 
0.000829 0.000086 0.000699 0.001073 
0.000878 0.000113 0.000683 0.001149 
0.000834 0.000101 0.000702 0.001261 
0.000824 0.000112 0.000671 0.001162 
0.000806 0.000086 0.000687 0.001173 
0.000868 0.000126 0.000685 0.001550 
0.000830 0.000127 0.000692 0.001468 
0.000811 0.000097 0.000690 0.001239 
0.000869 0.000078 0.000737 0.001098 
0.000886 0.000099 0.000722 0.001491 
0.000870 0.000097 0.000737 0.001354 
0.000865 0.000094 0.000729 0.001412 
0.000878 0.000090 0.000704 0.001103 
0.000847 0.000089 0.000681 0.001092 
0.000847 0.000100 0.000702 0.001398 
0.000858 0.000092 0.000724 0.001432 
0.000866 0.000088 0.000714 0.001310 
0.000890 0.000131 0.000719 0.001490 
0.000822 0.000078 0.000691 0.001350 
0.000847 0.000086 0.000711 0.001321 
0.000816 0.000080 0.000706 0.001228 
0.000826 0.000088 0.000694 0.001088 
0.000824 0.000087 0.000693 0.001114 
0.000846 0.000120 0.000714 0.001279 
0.000830 0.000084 0.000707 0.001225 
0.000820 0.000081 0.000727 0.001115 
0.000819 0.000103 0.000702 0.001230 
0.000815 0.000052 0.000726 0.001066 
0.000814 0.000080 0.000707 0.001192 
0.000826 0.000069 0.000704 0.001071 
0.000808 0.000068 0.000706 0.001037 
0.000892 0.000126 0.000654 0.001197 
0.000911 0.000116 0.000677 0.001090 
0.000938 0.000149 0.000677 0.001224 
0.000903 0.000156 0.000661 0.001539 
0.000873 0.000137 0.000666 0.001268 
0.000870 0.000127 0.000648 0.001282 
0.000911 0.000164 0.000638 0.001291 
0.000864 0.000119 0.000647 0.001100 
0.000887 0.000134 0.000651 0.001155 
0.000856 0.000119 0.000626 0.001061 
0.000805 0.000085 0.000689 0.001307 
0.000811 0.000078 0.000685 0.001032 
0.000784 0.000066 0.000683 0.000955 
0.000790 0.000095 0.000667 0.001416 
0.000782 0.000116 0.000633 0.001416 
0.000782 0.000122 0.000630 0.001340 
0.000780 0.000076 0.000622 0.001198 
0.000813 0.000116 0.000622 0.001286 
0.000811 0.000100 0.000644 0.001354 
0.000777 0.000069 0.000677 0.001045 
0.000799 0.000093 0.000659 0.001182 
0.000815 0.000112 0.000675 0.001319 
0.000749 0.000099 0.000581 0.001094 
0.000776 0.000092 0.000658 0.001081 
0.000792 0.000076 0.000664 0.001030 
0.000832 0.000113 0.000693 0.001424 
0.000809 0.000077 0.000683 0.001119 
0.000771 0.000062 0.000667 0.000949 
0.000809 0.000092 0.000674 0.001222 
0.000809 0.000088 0.000703 0.001199 
0.000834 0.000144 0.000715 0.001567 
0.000845 0.000086 0.000709 0.001084 
0.000810 0.000072 0.000711 0.001013 
0.000823 0.000073 0.000693 0.001133 
0.000780 0.000061 0.000672 0.001211 
0.000792 0.000112 0.000688 0.001335 
0.000792 0.000093 0.000657 0.001142 
0.000851 0.000144 0.000694 0.001481 
0.000774 0.000075 0.000663 0.000957 
0.000771 0.000075 0.000692 0.001101 
0.000887 0.000099 0.000717 0.001062 
0.000899 0.000157 0.000703 0.001341 
0.000811 0.000100 0.000692 0.001140 
0.000903 0.000088 0.000739 0.001321 
0.000812 0.000062 0.000715 0.001019 
0.000880 0.000162 0.000705 0.001520 
0.000877 0.000126 0.000717 0.001367 
0.000816 0.000082 0.000706 0.001122 
0.000856 0.000099 0.000706 0.001099 
0.000836 0.000097 0.000696 0.001232 
0.000876 0.000089 0.000728 0.001312 
0.000865 0.000110 0.000692 0.001339 
0.000883 0.000100 0.000723 0.001201 
0.000912 0.000116 0.000737 0.001226 
0.000758 0.000098 0.000632 0.001358 
0.000763 0.000085 0.000663 0.001361 
0.000733 0.000090 0.000627 0.000991 
0.000714 0.000070 0.000632 0.000989 
0.000784 0.000093 0.000675 0.001382 
0.000708 0.000069 0.000634 0.000959 
0.000737 0.000059 0.000612 0.000928 
0.000737 0.000110 0.000631 0.001239 
0.000748 0.000091 0.000640 0.001108 
0.000774 0.000138 0.000637 0.001452 
0.000752 0.000116 0.000636 0.001317 
0.000750 0.000091 0.000640 0.001090 
0.000739 0.000097 0.000617 0.001298 
0.000823 0.000118 0.000681 0.001179 
0.000839 0.000118 0.000676 0.001172 
0.000820 0.000118 0.000654 0.001142 
0.000856 0.000119 0.000710 0.001201 
0.000810 0.000100 0.000665 0.001453 
0.000796 0.000106 0.000640 0.001056 
0.000820 0.000117 0.000631 0.001123 
0.000786 0.000083 0.000687 0.001072 
0.000813 0.000130 0.000655 0.001472 
0.000829 0.000117 0.000670 0.001401 
0.000821 0.000129 0.000667 0.001610 
0.000847 0.000111 0.000699 0.001468 
0.000840 0.000128 0.000644 0.001268 
0.000835 0.000128 0.000659 0.001284 
0.000835 0.000169 0.000648 0.001487 
0.000778 0.000098 0.000663 0.001203 
0.000793 0.000103 0.000663 0.001143 
0.000850 0.000136 0.000676 0.001376 
0.000806 0.000117 0.000672 0.001389 
0.000816 0.000121 0.000667 0.001395 
0.000847 0.000119 0.000678 0.001326 
0.000821 0.000146 0.000672 0.001386 
0.000805 0.000140 0.000679 0.001367 
0.000829 0.000146 0.000665 0.001471 
0.000820 0.000122 0.000649 0.001286 
0.000857 0.000065 0.000745 0.001060 
0.000832 0.000057 0.000711 0.001043 
0.000801 0.000052 0.000704 0.001030 
0.000841 0.000059 0.000711 0.001065 
0.000817 0.000055 0.000709 0.001034 
0.000808 0.000075 0.000693 0.001103 
0.000822 0.000070 0.000701 0.001083 
0.000822 0.000075 0.000648 0.001098 
0.000790 0.000070 0.000658 0.001107 
0.000792 0.000066 0.000705 0.001131 
0.000787 0.000063 0.000703 0.001077 
0.000862 0.000077 0.000730 0.001235 
0.000786 0.000075 0.000693 0.001119 
0.000859 0.000110 0.000698 0.001270 
0.000849 0.000106 0.000712 0.001213 
0.000825 0.000070 0.000663 0.001034 
0.000860 0.000075 0.000737 0.001083 
0.000847 0.000077 0.000695 0.000968 
0.000866 0.000084 0.000708 0.001012 
0.000832 0.000088 0.000670 0.001116 
0.000860 0.000076 0.000722 0.001002 
0.000853 0.000082 0.000713 0.001197 
0.000845 0.000083 0.000719 0.001124 
0.000841 0.000086 0.000689 0.001138 
0.000819 0.000087 0.000697 0.001197 
0.000847 0.000090 0.000688 0.001339 
0.000842 0.000084 0.000689 0.001109 
0.000842 0.000089 0.000676 0.001094 
0.000811 0.000068 0.000682 0.001091 
0.000798 0.000069 0.000688 0.001222 
0.000832 0.000107 0.000699 0.001293 
0.000830 0.000064 0.000718 0.000995 
0.000831 0.000129 0.000681 0.001421 
0.000832 0.000060 0.000698 0.001062 
0.000830 0.000103 0.000703 0.001175 
0.000797 0.000052 0.000683 0.001006 
0.000796 0.000048 0.000680 0.000931 
0.000809 0.000064 0.000680 0.001061 
0.000851 0.000107 0.000717 0.001175 
0.000815 0.000061 0.000693 0.000989 
