0.000935 0.000227 0.000610 0.001864 
0.000922 0.000210 0.000609 0.002101 
0.000878 0.000169 0.000606 0.001918 
0.000911 0.000224 0.000546 0.002004 
0.000928 0.000210 0.000578 0.001826 
0.000913 0.000210 0.000568 0.001836 
0.000937 0.000219 0.000597 0.001839 
0.000908 0.000209 0.000603 0.001867 
0.000951 0.000243 0.000607 0.001996 
0.000860 0.000185 0.000545 0.001865 
0.000910 0.000203 0.000592 0.001805 
0.000920 0.000241 0.000553 0.001844 
0.000924 0.000233 0.000608 0.002205 
0.001083 0.000329 0.000608 0.002290 
0.001023 0.000285 0.000617 0.001798 
0.001122 0.000344 0.000634 0.002432 
0.001018 0.000273 0.000641 0.002015 
0.001009 0.000291 0.000600 0.001865 
0.001060 0.000295 0.000610 0.002036 
0.001050 0.000299 0.000569 0.001890 
0.001045 0.000305 0.000619 0.002209 
0.001076 0.000315 0.000630 0.002124 
0.001030 0.000291 0.000605 0.001949 
0.001077 0.000313 0.000621 0.002272 
0.001080 0.000326 0.000617 0.002095 
0.001064 0.000291 0.000614 0.002069 
0.001007 0.000221 0.000629 0.001883 
0.001046 0.000214 0.000674 0.001796 
0.001026 0.000234 0.000635 0.002098 
0.001016 0.000233 0.000607 0.001851 
0.001092 0.000256 0.000589 0.002052 
0.001034 0.000235 0.000632 0.001891 
0.001003 0.000201 0.000607 0.001787 
0.001015 0.000217 0.000645 0.001874 
0.001084 0.000253 0.000629 0.001952 
0.000990 0.000219 0.000640 0.001954 
0.001012 0.000223 0.000608 0.001867 
0.001042 0.000290 0.000646 0.002322 
0.001074 0.000317 0.000588 0.002407 
0.001089 0.000312 0.000626 0.002290 
0.001051 0.000292 0.000649 0.002476 
0.001090 0.000318 0.000648 0.002402 
0.001047 0.000306 0.000627 0.002292 
0.001067 0.000300 0.000646 0.002410 
0.001079 0.000310 0.000628 0.002226 
0.001049 0.000285 0.000634 0.002436 
0.001089 0.000318 0.000634 0.002365 
0.001091 0.000341 0.000615 0.002310 
0.001075 0.000297 0.000629 0.002322 
0.000974 0.000244 0.000619 0.002214 
0.001007 0.000275 0.000643 0.002342 
0.000930 0.000215 0.000602 0.002107 
0.000987 0.000250 0.000653 0.002165 
0.000968 0.000228 0.000666 0.002352 
0.000968 0.000220 0.000670 0.002045 
0.000949 0.000243 0.000597 0.001957 
0.000961 0.000247 0.000625 0.002226 
0.000965 0.000227 0.000649 0.002027 
0.000976 0.000229 0.000656 0.002251 
0.000960 0.000242 0.000636 0.002162 
0.001037 0.000245 0.000631 0.001953 
0.001047 0.000238 0.000646 0.001833 
0.001042 0.000250 0.000539 0.002143 
0.001020 0.000233 0.000655 0.002111 
0.001039 0.000234 0.000643 0.001869 
0.001017 0.000251 0.000610 0.002033 
0.001070 0.000284 0.000642 0.002375 
0.001009 0.000245 0.000577 0.002008 
0.001041 0.000259 0.000640 0.002156 
0.001019 0.000233 0.000590 0.001840 
0.000937 0.000184 0.000653 0.001653 
0.000925 0.000164 0.000660 0.001607 
0.000973 0.000204 0.000674 0.001940 
0.000939 0.000211 0.000659 0.001769 
0.000931 0.000199 0.000615 0.001724 
0.000952 0.000204 0.000653 0.001979 
0.000955 0.000204 0.000656 0.001987 
0.000960 0.000216 0.000668 0.002086 
0.000955 0.000203 0.000658 0.001807 
0.000925 0.000179 0.000646 0.001754 
0.000954 0.000230 0.000623 0.001915 
0.000958 0.000198 0.000626 0.001984 
0.000899 0.000183 0.000615 0.001691 
0.000969 0.000236 0.000649 0.001920 
0.000920 0.000173 0.000664 0.001704 
0.000938 0.000150 0.000649 0.001586 
0.001035 0.000221 0.000593 0.001790 
0.001004 0.000212 0.000568 0.001778 
0.001053 0.000222 0.000622 0.001725 
0.000986 0.000221 0.000593 0.001805 
0.001030 0.000234 0.000582 0.001745 
0.001054 0.000245 0.000657 0.002036 
0.001027 0.000207 0.000591 0.001695 
0.001043 0.000217 0.000569 0.001715 
0.001023 0.000240 0.000633 0.001942 
0.000993 0.000213 0.000608 0.001658 
0.001026 0.000230 0.000568 0.001733 
0.001046 0.000217 0.000619 0.001691 
0.000999 0.000236 0.000585 0.001714 
0.000975 0.000205 0.000588 0.001683 
0.000948 0.000238 0.000566 0.002259 
0.000978 0.000224 0.000616 0.002035 
0.000925 0.000206 0.000599 0.001645 
0.000982 0.000250 0.000595 0.001775 
0.000948 0.000240 0.000590 0.002053 
0.000959 0.000252 0.000595 0.002059 
0.000933 0.000213 0.000552 0.001727 
0.000951 0.000247 0.000594 0.001954 
0.000898 0.000191 0.000616 0.001756 
0.000952 0.000236 0.000600 0.001980 
0.000963 0.000226 0.000631 0.001835 
0.000979 0.000241 0.000624 0.001870 
0.000942 0.000202 0.000637 0.001827 
0.000961 0.000210 0.000618 0.001996 
0.000955 0.000227 0.000580 0.001716 
0.000891 0.000178 0.000558 0.001832 
0.000895 0.000210 0.000576 0.001650 
0.000935 0.000253 0.000566 0.001708 
0.001008 0.000297 0.000596 0.002044 
0.000909 0.000208 0.000593 0.001717 
0.000917 0.000204 0.000587 0.001705 
0.000935 0.000224 0.000596 0.001617 
0.000905 0.000149 0.000621 0.001747 
0.000930 0.000192 0.000541 0.001777 
0.000901 0.000181 0.000598 0.001777 
0.000999 0.000311 0.000591 0.002063 
0.000885 0.000175 0.000566 0.001678 
0.000957 0.000248 0.000553 0.002027 
0.000960 0.000208 0.000591 0.001957 
0.000928 0.000240 0.000535 0.001862 
0.000907 0.000175 0.000534 0.001768 
0.000897 0.000209 0.000548 0.001937 
0.000880 0.000197 0.000542 0.002024 
0.000928 0.000247 0.000530 0.002138 
0.000919 0.000215 0.000561 0.001962 
0.000973 0.000262 0.000590 0.002030 
0.000970 0.000241 0.000620 0.002032 
0.000905 0.000205 0.000578 0.001999 
0.000985 0.000203 0.000605 0.001895 
0.001006 0.000265 0.000593 0.001865 
0.000967 0.000218 0.000594 0.001861 
0.001011 0.000279 0.000588 0.002047 
0.000958 0.000249 0.000567 0.001900 
0.001010 0.000287 0.000594 0.001888 
0.000975 0.000255 0.000607 0.001983 
0.000970 0.000270 0.000572 0.002031 
0.000968 0.000255 0.000580 0.001785 
0.001075 0.000332 0.000604 0.002236 
0.000973 0.000235 0.000593 0.001866 
0.000946 0.000229 0.000577 0.001915 
0.001006 0.000249 0.000616 0.001930 
0.000997 0.000246 0.000617 0.001853 
0.000978 0.000270 0.000644 0.002276 
0.000953 0.000246 0.000621 0.002026 
0.000893 0.000216 0.000607 0.001797 
0.000925 0.000220 0.000627 0.001870 
0.000901 0.000209 0.000606 0.001837 
0.000950 0.000285 0.000587 0.002001 
0.000914 0.000223 0.000605 0.001877 
0.000913 0.000234 0.000608 0.002053 
0.000878 0.000215 0.000562 0.001723 
0.000904 0.000216 0.000561 0.001982 
0.000894 0.000219 0.000587 0.001839 
0.000941 0.000216 0.000641 0.002141 
0.000878 0.000235 0.000579 0.001855 
0.000997 0.000249 0.000592 0.001831 
0.001034 0.000268 0.000637 0.001847 
0.000955 0.000204 0.000597 0.001750 
0.001014 0.000260 0.000600 0.001860 
0.000981 0.000224 0.000603 0.001657 
0.000974 0.000226 0.000591 0.001687 
0.000951 0.000209 0.000609 0.001749 
0.001021 0.000242 0.000605 0.001869 
0.001041 0.000275 0.000566 0.001903 
0.001010 0.000266 0.000617 0.001989 
0.001028 0.000234 0.000664 0.001874 
0.000998 0.000264 0.000609 0.001921 
0.001017 0.000244 0.000611 0.001877 
0.001066 0.000269 0.000646 0.001885 
0.001069 0.000293 0.000648 0.002172 
0.001061 0.000308 0.000633 0.002279 
0.001034 0.000276 0.000645 0.002329 
0.001074 0.000312 0.000642 0.002288 
0.001068 0.000306 0.000656 0.002350 
0.001087 0.000329 0.000627 0.002168 
0.001036 0.000280 0.000639 0.002158 
0.000999 0.000264 0.000624 0.002187 
0.000997 0.000239 0.000626 0.002031 
0.001069 0.000322 0.000630 0.002245 
0.001063 0.000290 0.000632 0.002216 
0.001040 0.000286 0.000602 0.002225 
0.001060 0.000324 0.000630 0.002237 
