0.001054 0.000077 0.000761 0.001265 
0.001044 0.000085 0.000751 0.001335 
0.001042 0.000091 0.000704 0.001296 
0.001060 0.000093 0.000703 0.001339 
0.001031 0.000084 0.000772 0.001301 
0.001060 0.000092 0.000749 0.001354 
0.001056 0.000081 0.000753 0.001245 
0.001053 0.000082 0.000705 0.001256 
0.001029 0.000079 0.000718 0.001248 
0.001035 0.000082 0.000727 0.001329 
0.001037 0.000088 0.000704 0.001308 
0.001011 0.000080 0.000718 0.001281 
0.001069 0.000103 0.000698 0.001295 
0.001042 0.000085 0.000746 0.001228 
0.001049 0.000094 0.000702 0.001242 
0.001055 0.000091 0.000727 0.001250 
0.001077 0.000095 0.000721 0.001262 
0.001067 0.000091 0.000694 0.001224 
0.001042 0.000090 0.000660 0.001231 
0.001063 0.000091 0.000804 0.001280 
0.001081 0.000101 0.000741 0.001292 
0.001032 0.000088 0.000679 0.001214 
0.001035 0.000088 0.000679 0.001219 
0.001062 0.000096 0.000749 0.001240 
0.001039 0.000095 0.000694 0.001220 
0.001028 0.000086 0.000731 0.001192 
0.001015 0.000076 0.000644 0.001143 
0.000993 0.000070 0.000686 0.001148 
0.000996 0.000073 0.000674 0.001125 
0.001041 0.000087 0.000648 0.001186 
0.001054 0.000094 0.000682 0.001251 
0.001028 0.000089 0.000681 0.001215 
0.001034 0.000085 0.000701 0.001179 
0.001032 0.000083 0.000667 0.001204 
0.001017 0.000083 0.000667 0.001269 
0.001013 0.000078 0.000674 0.001169 
0.001009 0.000077 0.000705 0.001153 
0.001025 0.000076 0.000764 0.001290 
0.001070 0.000082 0.000763 0.001267 
0.001073 0.000086 0.000774 0.001272 
0.001049 0.000083 0.000756 0.001251 
0.001046 0.000078 0.000736 0.001240 
0.001066 0.000090 0.000711 0.001296 
0.001007 0.000075 0.000760 0.001251 
0.001083 0.000092 0.000773 0.001296 
0.001044 0.000079 0.000740 0.001242 
0.001082 0.000096 0.000758 0.001262 
0.001046 0.000083 0.000741 0.001231 
0.001088 0.000082 0.000737 0.001241 
0.001040 0.000093 0.000746 0.001295 
0.001057 0.000095 0.000779 0.001296 
0.001028 0.000087 0.000739 0.001225 
0.001024 0.000077 0.000772 0.001160 
0.001067 0.000090 0.000770 0.001269 
0.001061 0.000092 0.000779 0.001305 
0.001037 0.000087 0.000748 0.001230 
0.001038 0.000085 0.000765 0.001227 
0.001047 0.000089 0.000766 0.001292 
0.001045 0.000083 0.000799 0.001260 
0.001045 0.000085 0.000763 0.001225 
0.001018 0.000085 0.000728 0.001187 
0.001027 0.000091 0.000654 0.001223 
0.001002 0.000078 0.000717 0.001142 
0.001018 0.000083 0.000738 0.001162 
0.001019 0.000088 0.000764 0.001166 
0.000999 0.000082 0.000701 0.001167 
0.001015 0.000083 0.000740 0.001197 
0.000963 0.000077 0.000728 0.001126 
0.001013 0.000093 0.000736 0.001211 
0.000991 0.000100 0.000690 0.001182 
0.001068 0.000081 0.000739 0.001271 
0.001034 0.000078 0.000719 0.001278 
0.001063 0.000082 0.000783 0.001287 
0.001053 0.000074 0.000754 0.001229 
0.001032 0.000075 0.000712 0.001190 
0.001082 0.000089 0.000706 0.001281 
0.001040 0.000071 0.000707 0.001211 
0.001057 0.000075 0.000699 0.001313 
0.001037 0.000084 0.000707 0.001297 
0.001053 0.000080 0.000714 0.001228 
0.001010 0.000070 0.000710 0.001221 
0.001046 0.000075 0.000772 0.001255 
0.001042 0.000081 0.000670 0.001215 
0.001077 0.000087 0.000753 0.001292 
0.001058 0.000084 0.000757 0.001232 
0.001030 0.000075 0.000718 0.001215 
0.001061 0.000091 0.000779 0.001242 
0.001057 0.000090 0.000764 0.001227 
0.001069 0.000083 0.000795 0.001273 
0.001040 0.000083 0.000796 0.001223 
0.001046 0.000089 0.000704 0.001257 
0.001056 0.000076 0.000767 0.001208 
0.001043 0.000081 0.000752 0.001202 
0.001030 0.000075 0.000756 0.001189 
0.001035 0.000082 0.000771 0.001195 
0.001027 0.000090 0.000783 0.001223 
0.001022 0.000081 0.000798 0.001249 
0.001042 0.000084 0.000773 0.001203 
0.001030 0.000085 0.000762 0.001229 
0.001031 0.000078 0.000760 0.001190 
0.001042 0.000099 0.000752 0.001402 
0.001048 0.000098 0.000783 0.001283 
0.001068 0.000088 0.000779 0.001289 
0.001036 0.000100 0.000784 0.001287 
0.001058 0.000109 0.000758 0.001456 
0.001032 0.000097 0.000744 0.001433 
0.001065 0.000116 0.000724 0.001382 
0.001023 0.000094 0.000776 0.001230 
0.001026 0.000102 0.000733 0.001427 
0.001030 0.000090 0.000795 0.001262 
0.001050 0.000095 0.000782 0.001393 
0.001050 0.000096 0.000777 0.001254 
0.001070 0.000097 0.000751 0.001305 
0.001086 0.000111 0.000771 0.001462 
0.001085 0.000094 0.000724 0.001346 
0.001036 0.000095 0.000744 0.001234 
0.001039 0.000116 0.000673 0.001311 
0.001038 0.000107 0.000721 0.001311 
0.001034 0.000093 0.000738 0.001234 
0.001064 0.000115 0.000760 0.001323 
0.001041 0.000113 0.000727 0.001272 
0.001028 0.000111 0.000716 0.001279 
0.001055 0.000093 0.000747 0.001265 
0.001047 0.000117 0.000717 0.001338 
0.001033 0.000094 0.000741 0.001211 
0.001029 0.000103 0.000768 0.001292 
0.001043 0.000108 0.000776 0.001295 
0.001003 0.000094 0.000720 0.001273 
0.000997 0.000094 0.000723 0.001282 
0.000978 0.000088 0.000671 0.001252 
0.001004 0.000086 0.000707 0.001245 
0.000987 0.000087 0.000688 0.001245 
0.000976 0.000089 0.000686 0.001301 
0.000939 0.000090 0.000666 0.001178 
0.001030 0.000097 0.000699 0.001381 
0.000979 0.000081 0.000671 0.001256 
0.001002 0.000088 0.000697 0.001214 
0.000985 0.000089 0.000676 0.001217 
0.001025 0.000085 0.000717 0.001232 
0.001004 0.000077 0.000779 0.001179 
0.001001 0.000079 0.000764 0.001168 
0.000986 0.000092 0.000742 0.001175 
0.001005 0.000093 0.000760 0.001224 
0.001010 0.000093 0.000749 0.001272 
0.001048 0.000106 0.000762 0.001316 
0.000998 0.000100 0.000781 0.001222 
0.001029 0.000090 0.000769 0.001237 
0.001038 0.000102 0.000776 0.001333 
0.001022 0.000091 0.000750 0.001199 
0.001012 0.000091 0.000771 0.001198 
0.001035 0.000093 0.000793 0.001217 
0.001022 0.000090 0.000788 0.001216 
0.001113 0.000099 0.000760 0.001326 
0.001112 0.000095 0.000721 0.001290 
0.001099 0.000101 0.000782 0.001290 
0.001111 0.000103 0.000774 0.001335 
0.001117 0.000101 0.000759 0.001352 
0.001094 0.000102 0.000782 0.001303 
0.001100 0.000102 0.000761 0.001319 
0.001085 0.000096 0.000743 0.001295 
0.001072 0.000094 0.000739 0.001273 
0.001081 0.000102 0.000683 0.001357 
0.001073 0.000091 0.000683 0.001271 
0.001102 0.000101 0.000711 0.001293 
0.001083 0.000098 0.000657 0.001290 
0.001091 0.000094 0.000708 0.001273 
0.001098 0.000095 0.000766 0.001287 
0.001082 0.000091 0.000696 0.001268 
0.001111 0.000094 0.000779 0.001286 
0.001103 0.000096 0.000757 0.001322 
0.001107 0.000101 0.000689 0.001300 
0.001067 0.000088 0.000718 0.001264 
0.001082 0.000097 0.000730 0.001264 
0.001094 0.000093 0.000741 0.001281 
0.001121 0.000095 0.000769 0.001286 
0.001095 0.000110 0.000742 0.001337 
0.001077 0.000089 0.000732 0.001225 
0.001100 0.000103 0.000751 0.001322 
0.001029 0.000085 0.000721 0.001264 
0.001063 0.000093 0.000801 0.001312 
0.001026 0.000083 0.000780 0.001221 
0.001048 0.000106 0.000785 0.001345 
0.001068 0.000111 0.000816 0.001347 
0.001083 0.000093 0.000794 0.001402 
0.001040 0.000103 0.000758 0.001301 
0.001069 0.000103 0.000786 0.001342 
0.001073 0.000102 0.000799 0.001317 
0.001013 0.000089 0.000760 0.001289 
0.001059 0.000108 0.000801 0.001368 
0.001036 0.000087 0.000749 0.001280 
0.001050 0.000082 0.000818 0.001268 
0.001051 0.000089 0.000765 0.001272 
