0.001071 0.000102 0.000822 0.001375 
0.001041 0.000093 0.000821 0.001244 
0.001041 0.000089 0.000844 0.001268 
0.001066 0.000100 0.000825 0.001311 
0.001049 0.000098 0.000816 0.001359 
0.001069 0.000103 0.000833 0.001349 
0.001048 0.000093 0.000803 0.001338 
0.001074 0.000104 0.000851 0.001334 
0.001017 0.000091 0.000781 0.001250 
0.001052 0.000100 0.000812 0.001288 
0.001066 0.000109 0.000802 0.001381 
0.001010 0.000096 0.000773 0.001202 
0.001085 0.000104 0.000837 0.001352 
0.001044 0.000094 0.000819 0.001244 
0.001033 0.000085 0.000813 0.001236 
0.001030 0.000081 0.000818 0.001207 
0.001050 0.000092 0.000850 0.001260 
0.001076 0.000103 0.000797 0.001283 
0.001034 0.000092 0.000773 0.001243 
0.001049 0.000097 0.000819 0.001271 
0.001044 0.000095 0.000824 0.001257 
0.001022 0.000088 0.000805 0.001213 
0.001039 0.000084 0.000847 0.001243 
0.001042 0.000089 0.000822 0.001267 
0.001052 0.000093 0.000819 0.001243 
0.001023 0.000087 0.000802 0.001214 
0.001059 0.000071 0.000884 0.001226 
0.001012 0.000076 0.000783 0.001208 
0.001058 0.000083 0.000852 0.001290 
0.001071 0.000083 0.000831 0.001291 
0.001106 0.000098 0.000847 0.001404 
0.001061 0.000069 0.000874 0.001219 
0.001055 0.000073 0.000847 0.001276 
0.001041 0.000076 0.000807 0.001225 
0.001047 0.000084 0.000822 0.001226 
0.001049 0.000091 0.000809 0.001252 
0.001042 0.000078 0.000835 0.001261 
0.001024 0.000066 0.000865 0.001182 
0.001034 0.000071 0.000855 0.001200 
0.001058 0.000084 0.000861 0.001287 
0.001019 0.000065 0.000854 0.001162 
0.001021 0.000065 0.000858 0.001203 
0.001053 0.000072 0.000788 0.001195 
0.000999 0.000057 0.000847 0.001121 
0.001065 0.000075 0.000875 0.001267 
0.001009 0.000064 0.000844 0.001170 
0.001045 0.000082 0.000866 0.001251 
0.001004 0.000065 0.000831 0.001147 
0.001063 0.000067 0.000895 0.001252 
0.000984 0.000085 0.000826 0.001208 
0.000962 0.000078 0.000819 0.001174 
0.000977 0.000084 0.000816 0.001216 
0.000948 0.000079 0.000784 0.001131 
0.000991 0.000088 0.000820 0.001228 
0.001000 0.000093 0.000824 0.001241 
0.000989 0.000093 0.000816 0.001189 
0.000967 0.000090 0.000791 0.001201 
0.000984 0.000079 0.000800 0.001179 
0.000969 0.000074 0.000803 0.001157 
0.000974 0.000078 0.000825 0.001151 
0.001020 0.000090 0.000815 0.001234 
0.001006 0.000077 0.000817 0.001210 
0.001024 0.000092 0.000804 0.001257 
0.001018 0.000091 0.000791 0.001254 
0.000978 0.000073 0.000766 0.001169 
0.000995 0.000083 0.000800 0.001197 
0.001001 0.000086 0.000799 0.001216 
0.000978 0.000082 0.000774 0.001142 
0.000999 0.000075 0.000812 0.001208 
0.000988 0.000082 0.000703 0.001194 
0.001086 0.000082 0.000880 0.001277 
0.001039 0.000073 0.000870 0.001236 
0.001095 0.000082 0.000887 0.001327 
0.001077 0.000084 0.000859 0.001299 
0.001087 0.000096 0.000853 0.001317 
0.001134 0.000106 0.000895 0.001428 
0.001085 0.000081 0.000860 0.001265 
0.001081 0.000080 0.000880 0.001316 
0.001050 0.000079 0.000816 0.001260 
0.001111 0.000086 0.000901 0.001326 
0.001037 0.000077 0.000839 0.001285 
0.001061 0.000079 0.000868 0.001289 
0.001089 0.000088 0.000858 0.001381 
0.001086 0.000095 0.000859 0.001325 
0.001083 0.000096 0.000852 0.001294 
0.001057 0.000089 0.000842 0.001300 
0.001085 0.000087 0.000894 0.001264 
0.001095 0.000086 0.000875 0.001309 
0.001078 0.000083 0.000897 0.001260 
0.001079 0.000091 0.000882 0.001332 
0.001077 0.000093 0.000871 0.001263 
0.001085 0.000075 0.000888 0.001282 
0.001054 0.000084 0.000864 0.001276 
0.001056 0.000074 0.000896 0.001250 
0.001062 0.000079 0.000872 0.001266 
0.001027 0.000093 0.000852 0.001285 
0.001057 0.000083 0.000871 0.001234 
0.001081 0.000085 0.000866 0.001279 
0.001069 0.000096 0.000872 0.001288 
0.001066 0.000093 0.000863 0.001309 
0.001008 0.000084 0.000842 0.001193 
0.001005 0.000083 0.000816 0.001182 
0.001081 0.000097 0.000817 0.001313 
0.001029 0.000097 0.000828 0.001240 
0.001004 0.000097 0.000850 0.001253 
0.000983 0.000079 0.000779 0.001177 
0.001028 0.000110 0.000815 0.001256 
0.001016 0.000076 0.000862 0.001225 
0.001016 0.000083 0.000817 0.001201 
0.000998 0.000089 0.000817 0.001215 
0.001034 0.000089 0.000834 0.001221 
0.001011 0.000099 0.000821 0.001241 
0.001051 0.000118 0.000786 0.001305 
0.001041 0.000104 0.000842 0.001265 
0.000997 0.000067 0.000867 0.001243 
0.000974 0.000071 0.000812 0.001173 
0.000938 0.000071 0.000773 0.001158 
0.000974 0.000083 0.000808 0.001175 
0.000981 0.000067 0.000769 0.001194 
0.000950 0.000089 0.000740 0.001206 
0.000980 0.000087 0.000818 0.001235 
0.000942 0.000084 0.000770 0.001257 
0.000999 0.000072 0.000747 0.001157 
0.000959 0.000098 0.000786 0.001238 
0.000922 0.000077 0.000758 0.001146 
0.000947 0.000070 0.000800 0.001129 
0.000908 0.000100 0.000678 0.001172 
0.000961 0.000067 0.000690 0.001173 
0.000933 0.000066 0.000741 0.001119 
0.000952 0.000061 0.000768 0.001150 
0.000994 0.000082 0.000689 0.001210 
0.000961 0.000078 0.000703 0.001201 
0.000937 0.000057 0.000767 0.001110 
0.000910 0.000074 0.000669 0.001135 
0.001003 0.000071 0.000740 0.001194 
0.000953 0.000067 0.000787 0.001180 
0.000972 0.000064 0.000758 0.001120 
0.000960 0.000071 0.000703 0.001154 
0.000992 0.000069 0.000804 0.001166 
0.000985 0.000071 0.000859 0.001165 
0.000970 0.000077 0.000823 0.001144 
0.000963 0.000067 0.000846 0.001171 
0.000980 0.000070 0.000852 0.001203 
0.000968 0.000069 0.000820 0.001170 
0.001005 0.000066 0.000816 0.001243 
0.000976 0.000076 0.000754 0.001199 
0.001000 0.000069 0.000833 0.001189 
0.000995 0.000075 0.000838 0.001226 
0.000988 0.000075 0.000852 0.001226 
0.000982 0.000071 0.000814 0.001183 
0.000988 0.000079 0.000800 0.001205 
0.000970 0.000071 0.000836 0.001149 
0.001091 0.000094 0.000884 0.001355 
0.001062 0.000073 0.000881 0.001265 
0.001084 0.000073 0.000901 0.001320 
0.001112 0.000080 0.000902 0.001336 
0.001104 0.000083 0.000891 0.001329 
0.001044 0.000064 0.000892 0.001236 
0.001076 0.000078 0.000897 0.001285 
0.001041 0.000059 0.000882 0.001216 
0.001049 0.000084 0.000872 0.001317 
0.001038 0.000084 0.000869 0.001229 
0.001073 0.000078 0.000864 0.001278 
0.001064 0.000077 0.000876 0.001262 
0.001050 0.000071 0.000869 0.001216 
0.001070 0.000093 0.000856 0.001294 
0.001054 0.000092 0.000861 0.001308 
0.001051 0.000093 0.000854 0.001309 
0.001085 0.000103 0.000868 0.001380 
0.001066 0.000106 0.000862 0.001392 
0.001073 0.000091 0.000878 0.001353 
0.001033 0.000081 0.000828 0.001248 
0.001039 0.000089 0.000870 0.001363 
0.001054 0.000103 0.000769 0.001325 
0.001093 0.000106 0.000851 0.001391 
0.001016 0.000104 0.000812 0.001330 
0.001035 0.000102 0.000848 0.001314 
0.001065 0.000095 0.000900 0.001361 
0.000993 0.000071 0.000845 0.001272 
0.001066 0.000098 0.000858 0.001331 
0.001022 0.000075 0.000837 0.001268 
0.001022 0.000087 0.000828 0.001309 
0.001060 0.000091 0.000854 0.001344 
0.001052 0.000098 0.000825 0.001302 
0.000989 0.000078 0.000805 0.001193 
0.001039 0.000098 0.000845 0.001307 
0.001040 0.000106 0.000826 0.001331 
0.001012 0.000076 0.000852 0.001277 
0.001031 0.000092 0.000821 0.001299 
0.001031 0.000085 0.000847 0.001289 
0.001034 0.000090 0.000838 0.001292 
0.001024 0.000085 0.000856 0.001293 
