0.001145 0.000164 0.000738 0.001689 
0.001157 0.000177 0.000687 0.001668 
0.001114 0.000162 0.000691 0.001642 
0.001112 0.000162 0.000745 0.001691 
0.001171 0.000160 0.000693 0.001620 
0.001152 0.000167 0.000699 0.001679 
0.001127 0.000152 0.000725 0.001684 
0.001104 0.000137 0.000791 0.001668 
0.001097 0.000146 0.000677 0.001591 
0.001121 0.000164 0.000660 0.001686 
0.001108 0.000163 0.000708 0.001687 
0.001129 0.000175 0.000675 0.001712 
0.001112 0.000144 0.000677 0.001628 
0.001099 0.000145 0.000680 0.001507 
0.001074 0.000145 0.000674 0.001647 
0.001120 0.000145 0.000696 0.001601 
0.001137 0.000148 0.000715 0.001605 
0.001054 0.000113 0.000710 0.001426 
0.001082 0.000141 0.000727 0.001459 
0.001102 0.000151 0.000662 0.001506 
0.001117 0.000152 0.000760 0.001558 
0.001067 0.000125 0.000741 0.001436 
0.001090 0.000134 0.000687 0.001480 
0.001099 0.000135 0.000723 0.001474 
0.001076 0.000127 0.000721 0.001532 
0.001054 0.000124 0.000747 0.001449 
0.001092 0.000150 0.000772 0.001552 
0.001121 0.000194 0.000655 0.001731 
0.001084 0.000158 0.000768 0.001539 
0.001139 0.000183 0.000786 0.001657 
0.001147 0.000163 0.000749 0.001669 
0.001109 0.000185 0.000728 0.001707 
0.001134 0.000170 0.000747 0.001713 
0.001108 0.000157 0.000774 0.001607 
0.001203 0.000235 0.000630 0.001839 
0.001096 0.000158 0.000780 0.001561 
0.001120 0.000161 0.000760 0.001586 
0.001148 0.000177 0.000662 0.001633 
0.001159 0.000146 0.000742 0.001510 
0.001204 0.000177 0.000710 0.001627 
0.001159 0.000137 0.000802 0.001484 
0.001171 0.000161 0.000717 0.001644 
0.001152 0.000151 0.000790 0.001583 
0.001170 0.000179 0.000711 0.001592 
0.001224 0.000160 0.000748 0.001705 
0.001176 0.000168 0.000730 0.001551 
0.001141 0.000143 0.000755 0.001459 
0.001203 0.000180 0.000716 0.001708 
0.001166 0.000149 0.000755 0.001673 
0.001094 0.000132 0.000673 0.001394 
0.001134 0.000137 0.000711 0.001556 
0.001120 0.000139 0.000709 0.001492 
0.001121 0.000142 0.000729 0.001469 
0.001140 0.000126 0.000759 0.001448 
0.001106 0.000122 0.000768 0.001389 
0.001080 0.000122 0.000761 0.001613 
0.001109 0.000135 0.000741 0.001460 
0.001122 0.000144 0.000701 0.001493 
0.001118 0.000133 0.000774 0.001465 
0.001136 0.000148 0.000708 0.001692 
0.001089 0.000147 0.000706 0.001517 
0.001133 0.000148 0.000772 0.001529 
0.001073 0.000145 0.000797 0.001610 
0.001101 0.000159 0.000766 0.001588 
0.001118 0.000175 0.000650 0.001548 
0.001055 0.000163 0.000706 0.001543 
0.001078 0.000160 0.000741 0.001600 
0.001067 0.000172 0.000694 0.001629 
0.001105 0.000161 0.000729 0.001546 
0.001080 0.000173 0.000683 0.001453 
0.001147 0.000172 0.000776 0.001584 
0.001144 0.000181 0.000786 0.001692 
0.001156 0.000191 0.000789 0.001807 
0.001146 0.000177 0.000745 0.001656 
0.001088 0.000164 0.000742 0.001563 
0.001159 0.000174 0.000804 0.001692 
0.001136 0.000167 0.000824 0.001763 
0.001185 0.000179 0.000795 0.001800 
0.001111 0.000181 0.000677 0.001700 
0.001133 0.000186 0.000785 0.001697 
0.001137 0.000188 0.000762 0.001725 
0.001159 0.000188 0.000786 0.001731 
0.001112 0.000152 0.000795 0.001598 
0.001160 0.000176 0.000843 0.001745 
0.001098 0.000149 0.000780 0.001494 
0.001128 0.000158 0.000795 0.001593 
0.001117 0.000160 0.000801 0.001749 
0.001107 0.000127 0.000841 0.001566 
0.001171 0.000170 0.000758 0.001727 
0.001155 0.000169 0.000719 0.001685 
0.001137 0.000172 0.000775 0.001758 
0.001129 0.000151 0.000797 0.001630 
0.001143 0.000159 0.000783 0.001649 
0.001179 0.000176 0.000776 0.001770 
0.001133 0.000155 0.000759 0.001700 
0.001189 0.000196 0.000718 0.001749 
0.001159 0.000184 0.000738 0.001894 
0.001120 0.000164 0.000801 0.001739 
0.001139 0.000190 0.000744 0.001757 
0.001113 0.000149 0.000784 0.001647 
0.001065 0.000176 0.000665 0.001706 
0.001083 0.000157 0.000679 0.001562 
0.001048 0.000157 0.000674 0.001597 
0.001042 0.000176 0.000621 0.001629 
0.001092 0.000179 0.000705 0.001698 
0.001057 0.000191 0.000665 0.001670 
0.001047 0.000134 0.000719 0.001412 
0.001076 0.000169 0.000653 0.001523 
0.001051 0.000170 0.000623 0.001504 
0.001114 0.000188 0.000587 0.001664 
0.001051 0.000156 0.000736 0.001624 
0.001072 0.000162 0.000684 0.001568 
0.001060 0.000143 0.000729 0.001475 
0.001129 0.000173 0.000666 0.001671 
0.001116 0.000133 0.000703 0.001365 
0.001032 0.000136 0.000616 0.001455 
0.001051 0.000158 0.000628 0.001526 
0.001054 0.000148 0.000680 0.001429 
0.001072 0.000155 0.000578 0.001496 
0.001039 0.000134 0.000695 0.001476 
0.001076 0.000172 0.000624 0.001538 
0.001071 0.000149 0.000646 0.001568 
0.001069 0.000142 0.000660 0.001359 
0.001047 0.000134 0.000673 0.001461 
0.001034 0.000134 0.000670 0.001402 
0.001058 0.000165 0.000638 0.001480 
0.001047 0.000133 0.000650 0.001395 
0.001083 0.000146 0.000671 0.001533 
0.001076 0.000149 0.000619 0.001351 
0.001018 0.000136 0.000661 0.001345 
0.000997 0.000103 0.000724 0.001265 
0.001032 0.000135 0.000691 0.001419 
0.001034 0.000158 0.000575 0.001551 
0.001020 0.000151 0.000632 0.001459 
0.001036 0.000142 0.000675 0.001381 
0.001034 0.000148 0.000631 0.001441 
0.001043 0.000139 0.000682 0.001455 
0.001001 0.000123 0.000666 0.001447 
0.001076 0.000120 0.000733 0.001452 
0.001071 0.000139 0.000691 0.001417 
0.001022 0.000130 0.000685 0.001373 
0.001017 0.000149 0.000626 0.001452 
0.001067 0.000150 0.000686 0.001437 
0.001064 0.000160 0.000670 0.001511 
0.001067 0.000157 0.000614 0.001394 
0.001035 0.000151 0.000599 0.001383 
0.001056 0.000143 0.000684 0.001406 
0.001072 0.000152 0.000656 0.001400 
0.001049 0.000144 0.000655 0.001368 
0.001027 0.000135 0.000652 0.001371 
0.001089 0.000137 0.000650 0.001380 
0.001024 0.000127 0.000696 0.001381 
0.001238 0.000200 0.000732 0.001631 
0.001236 0.000183 0.000736 0.001734 
0.001201 0.000189 0.000713 0.001581 
0.001188 0.000167 0.000813 0.001597 
0.001191 0.000166 0.000737 0.001527 
0.001191 0.000199 0.000750 0.001739 
0.001191 0.000193 0.000666 0.001599 
0.001182 0.000178 0.000685 0.001610 
0.001141 0.000164 0.000720 0.001585 
0.001153 0.000158 0.000702 0.001515 
0.001144 0.000180 0.000626 0.001479 
0.001206 0.000172 0.000750 0.001645 
0.001129 0.000177 0.000691 0.001558 
0.001109 0.000122 0.000745 0.001385 
0.001101 0.000101 0.000804 0.001314 
0.001137 0.000145 0.000683 0.001511 
0.001152 0.000139 0.000721 0.001433 
0.001171 0.000145 0.000706 0.001518 
0.001135 0.000145 0.000684 0.001458 
0.001147 0.000155 0.000724 0.001599 
0.001174 0.000138 0.000748 0.001506 
0.001129 0.000152 0.000730 0.001517 
0.001117 0.000129 0.000741 0.001400 
0.001144 0.000132 0.000716 0.001405 
0.001141 0.000137 0.000699 0.001452 
0.001134 0.000125 0.000757 0.001384 
0.001157 0.000169 0.000676 0.001544 
0.001174 0.000178 0.000761 0.001680 
0.001087 0.000173 0.000704 0.001666 
0.001163 0.000188 0.000699 0.001643 
0.001184 0.000208 0.000740 0.001825 
0.001193 0.000187 0.000747 0.001684 
0.001176 0.000208 0.000679 0.001827 
0.001151 0.000188 0.000716 0.001695 
0.001136 0.000185 0.000670 0.001630 
0.001070 0.000172 0.000673 0.001505 
0.001173 0.000214 0.000683 0.001761 
0.001162 0.000187 0.000738 0.001759 
0.001082 0.000169 0.000707 0.001608 
0.001114 0.000172 0.000668 0.001729 
