0.001088 0.000195 0.000837 0.002070 
0.001121 0.000192 0.000811 0.001674 
0.001107 0.000143 0.000877 0.001549 
0.001182 0.000288 0.000860 0.002055 
0.001119 0.000226 0.000823 0.001738 
0.001100 0.000198 0.000865 0.002004 
0.001109 0.000198 0.000848 0.001762 
0.001132 0.000235 0.000832 0.001760 
0.001104 0.000212 0.000825 0.001845 
0.001043 0.000165 0.000811 0.001643 
0.001162 0.000262 0.000820 0.002048 
0.001052 0.000140 0.000845 0.001530 
0.001123 0.000228 0.000854 0.002231 
0.001166 0.000218 0.000788 0.002064 
0.001165 0.000194 0.000764 0.001694 
0.001167 0.000169 0.000824 0.001745 
0.001192 0.000200 0.000799 0.001686 
0.001127 0.000151 0.000754 0.001701 
0.001116 0.000160 0.000777 0.001707 
0.001175 0.000244 0.000791 0.001828 
0.001134 0.000170 0.000777 0.001746 
0.001198 0.000264 0.000776 0.002173 
0.001229 0.000237 0.000807 0.002172 
0.001209 0.000255 0.000787 0.002038 
0.001175 0.000203 0.000781 0.001785 
0.001260 0.000259 0.000795 0.002310 
0.001338 0.000250 0.000893 0.002012 
0.001329 0.000203 0.000877 0.001966 
0.001290 0.000211 0.000831 0.001887 
0.001354 0.000292 0.000809 0.002380 
0.001354 0.000305 0.000847 0.002528 
0.001419 0.000304 0.000920 0.002296 
0.001346 0.000195 0.000916 0.001855 
0.001342 0.000286 0.000790 0.002064 
0.001369 0.000286 0.000893 0.002214 
0.001343 0.000221 0.000938 0.001893 
0.001308 0.000246 0.000831 0.001936 
0.001226 0.000191 0.000772 0.001716 
0.001271 0.000232 0.000833 0.002110 
0.001224 0.000203 0.000723 0.001688 
0.001260 0.000201 0.000836 0.001799 
0.001236 0.000197 0.000702 0.001927 
0.001160 0.000145 0.000726 0.001606 
0.001175 0.000161 0.000768 0.001574 
0.001235 0.000195 0.000817 0.001634 
0.001209 0.000176 0.000739 0.001689 
0.001262 0.000181 0.000812 0.001726 
0.001201 0.000196 0.000755 0.001665 
0.001215 0.000196 0.000781 0.001727 
0.001152 0.000227 0.000736 0.001634 
0.001147 0.000208 0.000786 0.001662 
0.001110 0.000169 0.000795 0.001542 
0.001157 0.000195 0.000759 0.001534 
0.001194 0.000219 0.000784 0.001715 
0.001146 0.000168 0.000827 0.001552 
0.001155 0.000184 0.000781 0.001496 
0.001182 0.000217 0.000763 0.001655 
0.001159 0.000203 0.000799 0.001627 
0.001118 0.000164 0.000793 0.001479 
0.001109 0.000181 0.000789 0.001573 
0.001273 0.000196 0.000791 0.001744 
0.001227 0.000210 0.000799 0.001844 
0.001261 0.000233 0.000809 0.001990 
0.001296 0.000238 0.000781 0.001889 
0.001230 0.000191 0.000778 0.001766 
0.001302 0.000257 0.000821 0.002014 
0.001278 0.000260 0.000748 0.002191 
0.001227 0.000230 0.000799 0.002065 
0.001246 0.000199 0.000839 0.001944 
0.001216 0.000213 0.000758 0.002247 
0.001171 0.000158 0.000886 0.001570 
0.001237 0.000207 0.000846 0.001831 
0.001142 0.000182 0.000788 0.001771 
0.001226 0.000186 0.000902 0.001718 
0.001208 0.000196 0.000869 0.001650 
0.001201 0.000208 0.000776 0.001827 
0.001215 0.000255 0.000777 0.001967 
0.001193 0.000213 0.000792 0.001874 
0.001206 0.000211 0.000797 0.002126 
0.001198 0.000174 0.000900 0.001624 
0.001198 0.000212 0.000856 0.001937 
0.001195 0.000191 0.000873 0.001865 
0.001133 0.000196 0.000787 0.001612 
0.001141 0.000118 0.000900 0.001477 
0.001238 0.000187 0.000863 0.001811 
0.001214 0.000183 0.000773 0.001782 
0.001295 0.000235 0.000910 0.001890 
0.001221 0.000271 0.000835 0.002203 
0.001251 0.000265 0.000801 0.001924 
0.001269 0.000280 0.000866 0.002002 
0.001302 0.000273 0.000862 0.001980 
0.001259 0.000229 0.000810 0.001962 
0.001290 0.000333 0.000838 0.002294 
0.001295 0.000280 0.000865 0.002232 
0.001250 0.000281 0.000851 0.002044 
0.001307 0.000298 0.000834 0.002056 
0.001268 0.000250 0.000847 0.001859 
0.001284 0.000234 0.000810 0.001833 
0.001210 0.000225 0.000845 0.002199 
0.001222 0.000198 0.000797 0.001994 
0.001216 0.000234 0.000779 0.001875 
0.001244 0.000236 0.000792 0.001831 
0.001148 0.000202 0.000744 0.001818 
0.001227 0.000197 0.000744 0.001739 
0.001143 0.000216 0.000713 0.001723 
0.001252 0.000204 0.000775 0.001732 
0.001210 0.000211 0.000704 0.001725 
0.001201 0.000178 0.000801 0.001626 
0.001168 0.000204 0.000729 0.001774 
0.001277 0.000284 0.000770 0.002243 
0.001215 0.000223 0.000803 0.001972 
0.001245 0.000199 0.000861 0.001850 
0.001239 0.000222 0.000772 0.001908 
0.001247 0.000204 0.000869 0.001909 
0.001233 0.000200 0.000768 0.001667 
0.001298 0.000256 0.000756 0.001839 
0.001226 0.000227 0.000799 0.001766 
0.001195 0.000183 0.000757 0.001591 
0.001264 0.000259 0.000738 0.001968 
0.001194 0.000213 0.000699 0.001702 
0.001214 0.000281 0.000739 0.001864 
0.001159 0.000165 0.000730 0.001538 
0.001229 0.000180 0.000787 0.001561 
0.001212 0.000204 0.000760 0.001609 
0.001261 0.000241 0.000730 0.001874 
0.001241 0.000265 0.000750 0.001984 
0.001192 0.000194 0.000677 0.001608 
0.001145 0.000226 0.000718 0.001934 
0.001224 0.000241 0.000739 0.001845 
0.001175 0.000255 0.000742 0.002019 
0.001192 0.000216 0.000753 0.001677 
0.001167 0.000223 0.000697 0.001801 
0.001137 0.000217 0.000759 0.001803 
0.001124 0.000241 0.000684 0.001857 
0.001163 0.000212 0.000783 0.001709 
0.001131 0.000236 0.000649 0.001736 
0.001183 0.000232 0.000803 0.002040 
0.001182 0.000247 0.000706 0.001872 
0.001190 0.000192 0.000757 0.001764 
0.001179 0.000180 0.000760 0.001701 
0.001152 0.000155 0.000699 0.001684 
0.001181 0.000182 0.000787 0.001731 
0.001160 0.000182 0.000718 0.001546 
0.001143 0.000178 0.000702 0.001769 
0.001206 0.000188 0.000761 0.001921 
0.001219 0.000218 0.000781 0.001875 
0.001210 0.000189 0.000827 0.001681 
0.001233 0.000201 0.000723 0.001927 
0.001174 0.000157 0.000778 0.001489 
0.001183 0.000190 0.000783 0.001760 
0.001192 0.000167 0.000832 0.001564 
0.001194 0.000177 0.000775 0.001646 
0.001161 0.000210 0.000793 0.001620 
0.001202 0.000226 0.000796 0.001784 
0.001139 0.000189 0.000789 0.001804 
0.001209 0.000223 0.000772 0.001739 
0.001233 0.000250 0.000767 0.001844 
0.001139 0.000173 0.000771 0.001659 
0.001238 0.000251 0.000781 0.002005 
0.001169 0.000218 0.000753 0.001888 
0.001115 0.000190 0.000781 0.001763 
0.001172 0.000193 0.000756 0.001672 
0.001126 0.000181 0.000782 0.001569 
0.001248 0.000233 0.000794 0.001973 
0.001118 0.000172 0.000734 0.001642 
0.001129 0.000162 0.000755 0.001510 
0.001120 0.000163 0.000811 0.001482 
0.001167 0.000235 0.000725 0.001850 
0.001126 0.000169 0.000735 0.001651 
0.001235 0.000284 0.000751 0.002039 
0.001172 0.000207 0.000766 0.001800 
0.001168 0.000226 0.000705 0.001832 
0.001158 0.000250 0.000685 0.001906 
0.001078 0.000175 0.000799 0.001636 
0.001139 0.000184 0.000698 0.001540 
0.001158 0.000181 0.000741 0.001624 
0.001083 0.000163 0.000739 0.001462 
0.001201 0.000210 0.000719 0.001700 
0.001100 0.000164 0.000666 0.001466 
0.001179 0.000238 0.000784 0.001987 
0.001224 0.000287 0.000777 0.002098 
0.001154 0.000213 0.000723 0.001639 
0.001214 0.000205 0.000770 0.001693 
0.001188 0.000235 0.000757 0.001805 
0.001189 0.000253 0.000709 0.001905 
0.001166 0.000243 0.000765 0.001753 
0.001124 0.000180 0.000751 0.001526 
0.001261 0.000251 0.000755 0.001891 
0.001164 0.000239 0.000707 0.001869 
0.001172 0.000289 0.000719 0.002095 
0.001189 0.000177 0.000829 0.001620 
0.001220 0.000264 0.000734 0.001897 
