0.001104 0.000142 0.000733 0.001577 
0.001152 0.000166 0.000717 0.001631 
0.001123 0.000160 0.000672 0.001541 
0.001140 0.000166 0.000669 0.001551 
0.001120 0.000146 0.000794 0.001622 
0.001152 0.000167 0.000672 0.001617 
0.001110 0.000150 0.000750 0.001631 
0.001099 0.000140 0.000724 0.001544 
0.001110 0.000151 0.000686 0.001629 
0.001123 0.000165 0.000645 0.001614 
0.001168 0.000188 0.000699 0.001650 
0.001171 0.000198 0.000674 0.001703 
0.001129 0.000147 0.000724 0.001552 
0.001108 0.000134 0.000729 0.001457 
0.001100 0.000149 0.000650 0.001559 
0.001137 0.000143 0.000718 0.001510 
0.001134 0.000137 0.000708 0.001473 
0.001095 0.000131 0.000713 0.001493 
0.001128 0.000153 0.000639 0.001594 
0.001100 0.000164 0.000709 0.001557 
0.001103 0.000140 0.000691 0.001476 
0.001126 0.000137 0.000687 0.001400 
0.001123 0.000142 0.000690 0.001432 
0.001096 0.000132 0.000730 0.001461 
0.001087 0.000129 0.000716 0.001469 
0.001131 0.000147 0.000690 0.001529 
0.001104 0.000168 0.000769 0.001589 
0.001117 0.000184 0.000697 0.001724 
0.001078 0.000154 0.000771 0.001598 
0.001180 0.000192 0.000720 0.001681 
0.001176 0.000180 0.000775 0.001708 
0.001186 0.000194 0.000732 0.001761 
0.001174 0.000182 0.000783 0.001702 
0.001133 0.000166 0.000762 0.001629 
0.001169 0.000221 0.000629 0.001824 
0.001111 0.000168 0.000787 0.001648 
0.001103 0.000163 0.000791 0.001520 
0.001149 0.000159 0.000705 0.001701 
0.001140 0.000137 0.000759 0.001688 
0.001152 0.000147 0.000774 0.001596 
0.001186 0.000157 0.000760 0.001651 
0.001194 0.000163 0.000751 0.001698 
0.001136 0.000141 0.000838 0.001613 
0.001155 0.000154 0.000790 0.001599 
0.001157 0.000125 0.000820 0.001543 
0.001181 0.000157 0.000787 0.001613 
0.001130 0.000116 0.000801 0.001382 
0.001182 0.000154 0.000756 0.001676 
0.001155 0.000136 0.000787 0.001554 
0.001106 0.000154 0.000669 0.001508 
0.001104 0.000144 0.000729 0.001417 
0.001108 0.000145 0.000659 0.001377 
0.001122 0.000142 0.000727 0.001542 
0.001110 0.000118 0.000813 0.001438 
0.001064 0.000114 0.000717 0.001383 
0.001095 0.000133 0.000731 0.001396 
0.001106 0.000148 0.000719 0.001520 
0.001106 0.000139 0.000720 0.001381 
0.001120 0.000146 0.000729 0.001495 
0.001097 0.000139 0.000660 0.001461 
0.001066 0.000126 0.000744 0.001463 
0.001094 0.000166 0.000687 0.001487 
0.001054 0.000136 0.000745 0.001365 
0.001106 0.000157 0.000736 0.001497 
0.001090 0.000157 0.000682 0.001582 
0.001072 0.000143 0.000739 0.001429 
0.001068 0.000160 0.000601 0.001617 
0.001086 0.000152 0.000701 0.001450 
0.001030 0.000126 0.000716 0.001389 
0.001076 0.000143 0.000729 0.001357 
0.001137 0.000157 0.000707 0.001529 
0.001156 0.000166 0.000752 0.001605 
0.001147 0.000169 0.000738 0.001645 
0.001155 0.000176 0.000749 0.001608 
0.001096 0.000147 0.000785 0.001504 
0.001157 0.000178 0.000775 0.001727 
0.001157 0.000164 0.000741 0.001634 
0.001148 0.000166 0.000716 0.001613 
0.001162 0.000188 0.000719 0.001655 
0.001143 0.000167 0.000783 0.001688 
0.001157 0.000189 0.000726 0.001681 
0.001166 0.000174 0.000750 0.001752 
0.001146 0.000177 0.000689 0.001555 
0.001104 0.000155 0.000775 0.001612 
0.001117 0.000133 0.000846 0.001504 
0.001135 0.000163 0.000715 0.001565 
0.001079 0.000140 0.000714 0.001541 
0.001123 0.000149 0.000776 0.001400 
0.001123 0.000157 0.000741 0.001583 
0.001120 0.000168 0.000718 0.001668 
0.001147 0.000173 0.000718 0.001658 
0.001144 0.000153 0.000764 0.001594 
0.001154 0.000169 0.000754 0.001608 
0.001178 0.000177 0.000683 0.001539 
0.001115 0.000151 0.000739 0.001634 
0.001111 0.000164 0.000687 0.001486 
0.001119 0.000164 0.000713 0.001607 
0.001157 0.000160 0.000740 0.001630 
0.001193 0.000197 0.000667 0.001697 
0.001185 0.000181 0.000719 0.001567 
0.001106 0.000188 0.000613 0.001803 
0.001128 0.000177 0.000699 0.001665 
0.001034 0.000157 0.000663 0.001674 
0.001065 0.000213 0.000465 0.001833 
0.001051 0.000154 0.000681 0.001716 
0.001087 0.000188 0.000584 0.001689 
0.001061 0.000137 0.000682 0.001373 
0.001085 0.000169 0.000629 0.001599 
0.001048 0.000152 0.000648 0.001435 
0.001122 0.000205 0.000615 0.002164 
0.001082 0.000179 0.000703 0.001839 
0.001128 0.000181 0.000669 0.001639 
0.001074 0.000134 0.000770 0.001564 
0.001100 0.000154 0.000668 0.001518 
0.001085 0.000128 0.000813 0.001662 
0.001079 0.000149 0.000686 0.001662 
0.001086 0.000159 0.000676 0.001617 
0.001064 0.000144 0.000623 0.001494 
0.001090 0.000165 0.000666 0.001694 
0.001014 0.000125 0.000747 0.001486 
0.001067 0.000157 0.000639 0.001534 
0.001098 0.000168 0.000658 0.001751 
0.001048 0.000152 0.000659 0.001524 
0.001115 0.000181 0.000655 0.001706 
0.001072 0.000156 0.000686 0.001663 
0.001058 0.000153 0.000639 0.001578 
0.001041 0.000154 0.000639 0.001558 
0.001063 0.000137 0.000684 0.001322 
0.001073 0.000130 0.000722 0.001333 
0.001050 0.000146 0.000680 0.001483 
0.001012 0.000123 0.000719 0.001307 
0.001045 0.000146 0.000612 0.001300 
0.001024 0.000143 0.000602 0.001293 
0.001047 0.000156 0.000553 0.001434 
0.000978 0.000108 0.000660 0.001241 
0.001047 0.000150 0.000626 0.001395 
0.001063 0.000145 0.000634 0.001494 
0.001056 0.000149 0.000634 0.001517 
0.001080 0.000146 0.000720 0.001372 
0.001084 0.000161 0.000627 0.001581 
0.001105 0.000173 0.000550 0.001519 
0.001090 0.000175 0.000588 0.001574 
0.001089 0.000160 0.000648 0.001466 
0.001095 0.000161 0.000616 0.001524 
0.001060 0.000147 0.000628 0.001518 
0.001068 0.000167 0.000589 0.001623 
0.001081 0.000151 0.000620 0.001539 
0.001122 0.000164 0.000669 0.001442 
0.001113 0.000152 0.000665 0.001579 
0.001073 0.000151 0.000646 0.001529 
0.001093 0.000147 0.000655 0.001474 
0.001067 0.000146 0.000697 0.001577 
0.001209 0.000185 0.000739 0.001637 
0.001237 0.000179 0.000716 0.001527 
0.001171 0.000174 0.000732 0.001593 
0.001211 0.000184 0.000705 0.001539 
0.001154 0.000156 0.000700 0.001473 
0.001168 0.000187 0.000723 0.001693 
0.001184 0.000185 0.000765 0.001633 
0.001179 0.000178 0.000656 0.001542 
0.001115 0.000162 0.000675 0.001474 
0.001114 0.000147 0.000716 0.001396 
0.001134 0.000163 0.000647 0.001603 
0.001209 0.000184 0.000765 0.001682 
0.001121 0.000163 0.000665 0.001475 
0.001160 0.000139 0.000755 0.001433 
0.001153 0.000125 0.000815 0.001487 
0.001193 0.000171 0.000684 0.001552 
0.001169 0.000138 0.000731 0.001533 
0.001195 0.000159 0.000709 0.001607 
0.001211 0.000179 0.000705 0.001584 
0.001223 0.000187 0.000658 0.001614 
0.001176 0.000144 0.000784 0.001486 
0.001125 0.000142 0.000735 0.001491 
0.001143 0.000151 0.000713 0.001454 
0.001092 0.000117 0.000680 0.001286 
0.001170 0.000152 0.000747 0.001561 
0.001188 0.000159 0.000656 0.001677 
0.001197 0.000185 0.000689 0.001630 
0.001191 0.000192 0.000748 0.001887 
0.001104 0.000171 0.000668 0.001771 
0.001128 0.000168 0.000666 0.001571 
0.001135 0.000179 0.000694 0.001733 
0.001176 0.000190 0.000714 0.001821 
0.001154 0.000194 0.000637 0.001754 
0.001126 0.000183 0.000700 0.001831 
0.001101 0.000156 0.000684 0.001503 
0.001155 0.000196 0.000644 0.001808 
0.001158 0.000205 0.000673 0.001791 
0.001124 0.000184 0.000742 0.001855 
0.001151 0.000191 0.000718 0.001790 
0.001137 0.000184 0.000673 0.001719 
