0.000978 0.000084 0.000754 0.001339 
0.000977 0.000087 0.000703 0.001335 
0.000996 0.000093 0.000708 0.001375 
0.001005 0.000089 0.000782 0.001430 
0.000975 0.000083 0.000712 0.001297 
0.001003 0.000104 0.000654 0.001512 
0.000979 0.000086 0.000733 0.001343 
0.000984 0.000091 0.000686 0.001431 
0.000943 0.000082 0.000720 0.001269 
0.000979 0.000095 0.000713 0.001361 
0.000986 0.000105 0.000727 0.001471 
0.000978 0.000089 0.000758 0.001297 
0.000983 0.000084 0.000752 0.001258 
0.000932 0.000086 0.000695 0.001317 
0.000934 0.000080 0.000688 0.001231 
0.000938 0.000072 0.000714 0.001262 
0.000946 0.000082 0.000755 0.001449 
0.000959 0.000085 0.000756 0.001377 
0.000925 0.000073 0.000705 0.001217 
0.000943 0.000078 0.000757 0.001293 
0.000916 0.000074 0.000663 0.001190 
0.000919 0.000076 0.000701 0.001180 
0.000903 0.000060 0.000686 0.001134 
0.000921 0.000070 0.000740 0.001272 
0.000924 0.000071 0.000749 0.001186 
0.000918 0.000070 0.000715 0.001159 
0.000965 0.000094 0.000807 0.001282 
0.000939 0.000097 0.000689 0.001359 
0.000967 0.000100 0.000727 0.001281 
0.000974 0.000101 0.000799 0.001289 
0.000972 0.000098 0.000776 0.001297 
0.000976 0.000104 0.000773 0.001274 
0.000972 0.000109 0.000737 0.001389 
0.000919 0.000088 0.000754 0.001212 
0.000989 0.000103 0.000812 0.001395 
0.000928 0.000084 0.000767 0.001214 
0.000956 0.000098 0.000692 0.001335 
0.000956 0.000101 0.000723 0.001302 
0.000963 0.000097 0.000735 0.001307 
0.000967 0.000100 0.000739 0.001310 
0.000953 0.000104 0.000709 0.001359 
0.000953 0.000109 0.000720 0.001302 
0.000968 0.000108 0.000707 0.001435 
0.000940 0.000099 0.000714 0.001259 
0.000978 0.000100 0.000734 0.001338 
0.000958 0.000100 0.000716 0.001325 
0.000980 0.000116 0.000757 0.001453 
0.000958 0.000102 0.000714 0.001291 
0.000989 0.000100 0.000753 0.001317 
0.001055 0.000127 0.000726 0.001464 
0.000978 0.000124 0.000778 0.001305 
0.001040 0.000135 0.000727 0.001438 
0.001057 0.000122 0.000755 0.001472 
0.001026 0.000134 0.000699 0.001451 
0.001048 0.000131 0.000742 0.001437 
0.001005 0.000131 0.000780 0.001402 
0.001031 0.000123 0.000767 0.001433 
0.001044 0.000123 0.000690 0.001472 
0.001033 0.000122 0.000696 0.001410 
0.001018 0.000116 0.000767 0.001396 
0.000920 0.000096 0.000662 0.001226 
0.000933 0.000105 0.000662 0.001424 
0.000926 0.000097 0.000687 0.001316 
0.000911 0.000086 0.000677 0.001414 
0.000945 0.000109 0.000689 0.001359 
0.000909 0.000096 0.000615 0.001380 
0.000926 0.000099 0.000666 0.001300 
0.000915 0.000099 0.000679 0.001282 
0.000934 0.000105 0.000689 0.001428 
0.000934 0.000102 0.000676 0.001465 
0.000950 0.000127 0.000703 0.001404 
0.000897 0.000126 0.000654 0.001379 
0.000932 0.000141 0.000675 0.001476 
0.000912 0.000128 0.000638 0.001373 
0.000912 0.000120 0.000644 0.001256 
0.000944 0.000135 0.000697 0.001454 
0.000927 0.000128 0.000674 0.001376 
0.000932 0.000129 0.000668 0.001444 
0.000918 0.000130 0.000658 0.001344 
0.000925 0.000134 0.000668 0.001386 
0.000913 0.000130 0.000630 0.001365 
0.000935 0.000133 0.000661 0.001379 
0.000918 0.000126 0.000678 0.001414 
0.000937 0.000144 0.000665 0.001379 
0.000916 0.000124 0.000684 0.001377 
0.000918 0.000143 0.000654 0.001473 
0.000945 0.000106 0.000756 0.001499 
0.000936 0.000121 0.000732 0.001445 
0.000935 0.000114 0.000711 0.001284 
0.000953 0.000111 0.000740 0.001411 
0.000946 0.000110 0.000710 0.001244 
0.000970 0.000105 0.000770 0.001292 
0.000941 0.000111 0.000751 0.001334 
0.000977 0.000113 0.000754 0.001311 
0.000973 0.000102 0.000785 0.001328 
0.000968 0.000110 0.000728 0.001260 
0.000950 0.000113 0.000754 0.001476 
0.000976 0.000116 0.000750 0.001523 
0.000957 0.000105 0.000770 0.001278 
0.000960 0.000119 0.000731 0.001320 
0.001050 0.000181 0.000807 0.001613 
0.001041 0.000179 0.000762 0.001548 
0.001050 0.000163 0.000803 0.001641 
0.001070 0.000182 0.000802 0.001635 
0.001074 0.000185 0.000786 0.001717 
0.001056 0.000184 0.000784 0.001649 
0.001076 0.000182 0.000827 0.001694 
0.001050 0.000195 0.000756 0.001662 
0.001055 0.000195 0.000792 0.001657 
0.001050 0.000184 0.000733 0.001688 
0.001058 0.000185 0.000765 0.001581 
0.001031 0.000160 0.000778 0.001518 
0.001040 0.000177 0.000779 0.001589 
0.001064 0.000183 0.000805 0.001640 
0.001002 0.000117 0.000787 0.001415 
0.000992 0.000116 0.000783 0.001368 
0.001018 0.000125 0.000795 0.001493 
0.001029 0.000116 0.000777 0.001444 
0.001024 0.000124 0.000816 0.001491 
0.001030 0.000108 0.000765 0.001384 
0.001031 0.000118 0.000789 0.001519 
0.001014 0.000119 0.000793 0.001418 
0.000997 0.000137 0.000770 0.001466 
0.001042 0.000157 0.000804 0.001692 
0.000995 0.000124 0.000778 0.001428 
0.001010 0.000107 0.000796 0.001496 
0.001028 0.000138 0.000771 0.001575 
0.000977 0.000115 0.000710 0.001367 
0.000943 0.000119 0.000701 0.001287 
0.000948 0.000123 0.000719 0.001371 
0.000967 0.000117 0.000737 0.001357 
0.000972 0.000125 0.000703 0.001410 
0.000949 0.000119 0.000701 0.001398 
0.000957 0.000135 0.000691 0.001424 
0.000962 0.000115 0.000743 0.001377 
0.000970 0.000127 0.000717 0.001398 
0.000979 0.000122 0.000747 0.001387 
0.000952 0.000125 0.000708 0.001352 
0.000966 0.000127 0.000706 0.001355 
0.000970 0.000128 0.000718 0.001338 
0.000936 0.000119 0.000744 0.001363 
0.000953 0.000110 0.000725 0.001302 
0.000970 0.000115 0.000738 0.001328 
0.000943 0.000107 0.000733 0.001249 
0.000961 0.000097 0.000770 0.001233 
0.000933 0.000098 0.000743 0.001233 
0.001005 0.000129 0.000739 0.001381 
0.000946 0.000114 0.000697 0.001317 
0.000972 0.000119 0.000740 0.001313 
0.000953 0.000114 0.000761 0.001282 
0.000973 0.000125 0.000771 0.001381 
0.000922 0.000107 0.000760 0.001275 
0.000973 0.000080 0.000764 0.001265 
0.000991 0.000097 0.000760 0.001329 
0.000980 0.000089 0.000716 0.001310 
0.000983 0.000102 0.000731 0.001390 
0.000985 0.000101 0.000748 0.001351 
0.000952 0.000079 0.000759 0.001214 
0.000951 0.000088 0.000766 0.001279 
0.000954 0.000076 0.000776 0.001271 
0.000961 0.000079 0.000749 0.001224 
0.000938 0.000087 0.000729 0.001318 
0.000960 0.000079 0.000768 0.001260 
0.000995 0.000088 0.000745 0.001311 
0.000954 0.000098 0.000742 0.001326 
0.000938 0.000068 0.000786 0.001226 
0.000927 0.000072 0.000762 0.001180 
0.000934 0.000065 0.000770 0.001160 
0.000949 0.000071 0.000711 0.001267 
0.000953 0.000072 0.000776 0.001244 
0.000949 0.000071 0.000757 0.001234 
0.000921 0.000068 0.000762 0.001177 
0.000954 0.000071 0.000691 0.001233 
0.000932 0.000081 0.000803 0.001369 
0.000955 0.000076 0.000785 0.001230 
0.000953 0.000075 0.000799 0.001196 
0.000916 0.000071 0.000763 0.001509 
0.000936 0.000065 0.000740 0.001414 
0.000896 0.000070 0.000750 0.001166 
0.000939 0.000111 0.000752 0.001485 
0.000913 0.000111 0.000662 0.001283 
0.000972 0.000119 0.000744 0.001503 
0.000945 0.000108 0.000723 0.001425 
0.000962 0.000120 0.000746 0.001409 
0.000936 0.000128 0.000708 0.001540 
0.000968 0.000113 0.000785 0.001430 
0.000912 0.000113 0.000714 0.001457 
0.000929 0.000108 0.000701 0.001370 
0.000931 0.000109 0.000724 0.001440 
0.000947 0.000115 0.000706 0.001418 
0.000900 0.000112 0.000701 0.001300 
0.000910 0.000113 0.000657 0.001408 
