0.001036 0.000089 0.000754 0.001275 
0.000979 0.000074 0.000763 0.001176 
0.000975 0.000082 0.000716 0.001204 
0.001017 0.000094 0.000762 0.001261 
0.001010 0.000091 0.000721 0.001244 
0.001018 0.000095 0.000706 0.001264 
0.000998 0.000084 0.000751 0.001224 
0.001015 0.000079 0.000742 0.001238 
0.000979 0.000072 0.000759 0.001183 
0.000999 0.000082 0.000734 0.001245 
0.000973 0.000077 0.000717 0.001232 
0.000962 0.000078 0.000709 0.001203 
0.001016 0.000094 0.000722 0.001277 
0.001059 0.000093 0.000763 0.001270 
0.001035 0.000086 0.000753 0.001252 
0.001014 0.000078 0.000760 0.001166 
0.001029 0.000073 0.000773 0.001178 
0.001046 0.000077 0.000768 0.001220 
0.001029 0.000084 0.000729 0.001214 
0.001063 0.000090 0.000789 0.001267 
0.001061 0.000096 0.000738 0.001249 
0.001042 0.000089 0.000718 0.001196 
0.001013 0.000081 0.000755 0.001217 
0.001036 0.000084 0.000782 0.001188 
0.001017 0.000073 0.000727 0.001153 
0.001005 0.000076 0.000744 0.001128 
0.001000 0.000055 0.000832 0.001134 
0.000987 0.000067 0.000789 0.001114 
0.001024 0.000073 0.000779 0.001189 
0.001067 0.000079 0.000827 0.001354 
0.001079 0.000093 0.000827 0.001287 
0.001068 0.000081 0.000806 0.001260 
0.001032 0.000075 0.000771 0.001210 
0.000999 0.000060 0.000788 0.001132 
0.001059 0.000079 0.000798 0.001284 
0.001042 0.000073 0.000810 0.001245 
0.001031 0.000074 0.000795 0.001195 
0.001003 0.000074 0.000780 0.001156 
0.001003 0.000075 0.000791 0.001161 
0.001013 0.000083 0.000780 0.001189 
0.001001 0.000077 0.000766 0.001169 
0.001013 0.000079 0.000799 0.001171 
0.001003 0.000066 0.000815 0.001129 
0.000996 0.000071 0.000814 0.001169 
0.001010 0.000070 0.000819 0.001151 
0.001000 0.000073 0.000811 0.001187 
0.000993 0.000075 0.000777 0.001149 
0.000993 0.000081 0.000752 0.001162 
0.001000 0.000068 0.000760 0.001118 
0.001015 0.000081 0.000785 0.001226 
0.001006 0.000083 0.000760 0.001275 
0.001041 0.000096 0.000780 0.001300 
0.001004 0.000084 0.000801 0.001316 
0.001026 0.000079 0.000788 0.001259 
0.001040 0.000082 0.000832 0.001257 
0.001016 0.000081 0.000813 0.001242 
0.001017 0.000084 0.000803 0.001243 
0.001005 0.000085 0.000777 0.001288 
0.001026 0.000079 0.000812 0.001223 
0.001042 0.000087 0.000789 0.001272 
0.000941 0.000064 0.000753 0.001130 
0.000943 0.000072 0.000749 0.001174 
0.000947 0.000085 0.000721 0.001185 
0.000954 0.000076 0.000708 0.001166 
0.000929 0.000072 0.000668 0.001123 
0.000949 0.000077 0.000712 0.001137 
0.000935 0.000079 0.000713 0.001154 
0.000918 0.000074 0.000682 0.001109 
0.000932 0.000081 0.000696 0.001197 
0.000915 0.000079 0.000657 0.001088 
0.000989 0.000094 0.000760 0.001275 
0.000978 0.000087 0.000751 0.001171 
0.000974 0.000087 0.000752 0.001224 
0.001029 0.000094 0.000770 0.001325 
0.000988 0.000094 0.000717 0.001373 
0.001009 0.000103 0.000709 0.001266 
0.001011 0.000089 0.000801 0.001330 
0.000997 0.000092 0.000768 0.001261 
0.000979 0.000099 0.000702 0.001180 
0.001003 0.000090 0.000767 0.001217 
0.000994 0.000097 0.000730 0.001238 
0.000991 0.000088 0.000767 0.001265 
0.000977 0.000085 0.000747 0.001198 
0.000995 0.000086 0.000765 0.001204 
0.000988 0.000083 0.000784 0.001279 
0.000976 0.000098 0.000727 0.001182 
0.001042 0.000082 0.000769 0.001248 
0.001029 0.000077 0.000765 0.001238 
0.001038 0.000078 0.000787 0.001264 
0.001026 0.000074 0.000779 0.001180 
0.001036 0.000086 0.000820 0.001255 
0.001062 0.000089 0.000782 0.001285 
0.001045 0.000079 0.000792 0.001241 
0.001040 0.000088 0.000760 0.001269 
0.001014 0.000068 0.000809 0.001241 
0.000993 0.000070 0.000764 0.001200 
0.001027 0.000076 0.000755 0.001218 
0.001063 0.000089 0.000791 0.001282 
0.001059 0.000094 0.000802 0.001280 
0.001022 0.000076 0.000752 0.001201 
0.001034 0.000102 0.000797 0.001398 
0.001037 0.000105 0.000792 0.001380 
0.001063 0.000114 0.000787 0.001431 
0.001023 0.000102 0.000743 0.001396 
0.001045 0.000105 0.000792 0.001395 
0.001027 0.000096 0.000762 0.001356 
0.001027 0.000113 0.000769 0.001392 
0.001020 0.000109 0.000725 0.001384 
0.001011 0.000117 0.000740 0.001458 
0.001062 0.000120 0.000764 0.001464 
0.001015 0.000096 0.000781 0.001312 
0.001034 0.000103 0.000783 0.001361 
0.001040 0.000123 0.000732 0.001431 
0.001020 0.000101 0.000790 0.001323 
0.000953 0.000110 0.000747 0.001240 
0.000998 0.000109 0.000744 0.001229 
0.000956 0.000117 0.000691 0.001225 
0.001005 0.000109 0.000713 0.001234 
0.000973 0.000106 0.000772 0.001230 
0.000972 0.000113 0.000688 0.001200 
0.000937 0.000113 0.000715 0.001244 
0.000949 0.000114 0.000719 0.001192 
0.000954 0.000099 0.000757 0.001209 
0.000923 0.000124 0.000641 0.001151 
0.000984 0.000111 0.000740 0.001232 
0.000965 0.000107 0.000768 0.001220 
0.000972 0.000119 0.000703 0.001214 
0.001054 0.000076 0.000813 0.001227 
0.001050 0.000091 0.000770 0.001264 
0.001069 0.000096 0.000735 0.001250 
0.001056 0.000082 0.000753 0.001267 
0.001071 0.000081 0.000824 0.001245 
0.001043 0.000088 0.000756 0.001228 
0.001005 0.000096 0.000742 0.001226 
0.001053 0.000074 0.000800 0.001255 
0.001010 0.000093 0.000740 0.001231 
0.001027 0.000083 0.000804 0.001246 
0.001063 0.000089 0.000753 0.001252 
0.001053 0.000067 0.000836 0.001200 
0.001048 0.000094 0.000824 0.001475 
0.001018 0.000077 0.000756 0.001269 
0.001020 0.000083 0.000750 0.001285 
0.001039 0.000089 0.000778 0.001348 
0.001035 0.000091 0.000747 0.001316 
0.001074 0.000089 0.000808 0.001406 
0.001030 0.000085 0.000797 0.001312 
0.001045 0.000088 0.000795 0.001387 
0.001086 0.000089 0.000777 0.001298 
0.001057 0.000086 0.000805 0.001334 
0.001040 0.000077 0.000821 0.001305 
0.001028 0.000080 0.000783 0.001324 
0.001027 0.000077 0.000816 0.001289 
0.001075 0.000076 0.000838 0.001278 
0.001072 0.000086 0.000778 0.001336 
0.001076 0.000085 0.000743 0.001275 
0.001084 0.000084 0.000807 0.001367 
0.001088 0.000094 0.000778 0.001369 
0.001098 0.000084 0.000776 0.001355 
0.001095 0.000088 0.000800 0.001369 
0.001078 0.000083 0.000784 0.001252 
0.001053 0.000087 0.000785 0.001390 
0.001061 0.000085 0.000779 0.001287 
0.001051 0.000084 0.000796 0.001373 
0.001068 0.000091 0.000804 0.001296 
0.001058 0.000084 0.000763 0.001246 
0.000984 0.000079 0.000760 0.001270 
0.000975 0.000074 0.000801 0.001215 
0.000976 0.000091 0.000731 0.001305 
0.001004 0.000082 0.000790 0.001294 
0.001000 0.000084 0.000748 0.001290 
0.000996 0.000085 0.000764 0.001309 
0.000981 0.000082 0.000715 0.001281 
0.000989 0.000080 0.000769 0.001280 
0.000959 0.000079 0.000718 0.001198 
0.001005 0.000086 0.000762 0.001247 
0.000958 0.000084 0.000748 0.001224 
0.000975 0.000080 0.000772 0.001229 
0.001020 0.000091 0.000785 0.001306 
0.000964 0.000087 0.000752 0.001223 
0.001017 0.000067 0.000816 0.001256 
0.000990 0.000072 0.000819 0.001184 
0.000996 0.000074 0.000808 0.001241 
0.001022 0.000077 0.000779 0.001281 
0.001013 0.000072 0.000775 0.001220 
0.000987 0.000066 0.000764 0.001160 
0.001009 0.000075 0.000808 0.001256 
0.000992 0.000060 0.000842 0.001211 
0.000993 0.000078 0.000772 0.001206 
0.001009 0.000067 0.000840 0.001209 
0.000996 0.000071 0.000779 0.001191 
0.001039 0.000094 0.000795 0.001304 
0.000993 0.000078 0.000713 0.001224 
