0.000871 0.000079 0.000700 0.001119 
0.000842 0.000075 0.000691 0.001071 
0.000860 0.000071 0.000714 0.001070 
0.000880 0.000078 0.000725 0.001138 
0.000874 0.000075 0.000710 0.001168 
0.000877 0.000073 0.000706 0.001087 
0.000859 0.000079 0.000680 0.001135 
0.000886 0.000073 0.000723 0.001120 
0.000836 0.000079 0.000665 0.001109 
0.000888 0.000076 0.000723 0.001156 
0.000851 0.000070 0.000718 0.001065 
0.000861 0.000075 0.000701 0.001107 
0.000883 0.000077 0.000710 0.001165 
0.000816 0.000080 0.000662 0.001079 
0.000811 0.000076 0.000672 0.001062 
0.000802 0.000082 0.000647 0.001068 
0.000818 0.000082 0.000677 0.001086 
0.000831 0.000076 0.000713 0.001082 
0.000798 0.000078 0.000637 0.001053 
0.000807 0.000083 0.000659 0.001109 
0.000809 0.000078 0.000668 0.001075 
0.000802 0.000083 0.000651 0.001053 
0.000805 0.000081 0.000662 0.001056 
0.000795 0.000083 0.000639 0.001097 
0.000804 0.000083 0.000638 0.001078 
0.000817 0.000075 0.000669 0.001061 
0.000853 0.000070 0.000685 0.001104 
0.000824 0.000078 0.000624 0.001136 
0.000854 0.000074 0.000665 0.001078 
0.000865 0.000071 0.000668 0.001199 
0.000884 0.000078 0.000685 0.001112 
0.000874 0.000072 0.000687 0.001219 
0.000858 0.000074 0.000683 0.001080 
0.000848 0.000069 0.000661 0.001092 
0.000879 0.000085 0.000681 0.001203 
0.000833 0.000066 0.000640 0.001073 
0.000882 0.000071 0.000707 0.001102 
0.000874 0.000076 0.000717 0.001135 
0.000880 0.000072 0.000705 0.001125 
0.000857 0.000079 0.000705 0.001154 
0.000868 0.000080 0.000688 0.001155 
0.000884 0.000074 0.000709 0.001130 
0.000836 0.000072 0.000696 0.001094 
0.000870 0.000074 0.000701 0.001134 
0.000866 0.000074 0.000719 0.001139 
0.000876 0.000077 0.000706 0.001117 
0.000871 0.000069 0.000732 0.001112 
0.000870 0.000077 0.000679 0.001174 
0.000895 0.000070 0.000744 0.001162 
0.000944 0.000078 0.000774 0.001282 
0.000905 0.000064 0.000722 0.001167 
0.000932 0.000074 0.000722 0.001239 
0.000918 0.000069 0.000765 0.001293 
0.000945 0.000070 0.000754 0.001249 
0.000935 0.000084 0.000708 0.001247 
0.000910 0.000062 0.000752 0.001173 
0.000932 0.000071 0.000728 0.001191 
0.000928 0.000073 0.000761 0.001220 
0.000921 0.000071 0.000740 0.001226 
0.000922 0.000075 0.000719 0.001216 
0.000822 0.000087 0.000639 0.001063 
0.000832 0.000102 0.000617 0.001098 
0.000829 0.000083 0.000650 0.001047 
0.000825 0.000089 0.000636 0.001059 
0.000818 0.000094 0.000598 0.001079 
0.000811 0.000089 0.000638 0.001053 
0.000827 0.000092 0.000643 0.001051 
0.000821 0.000089 0.000635 0.001078 
0.000846 0.000105 0.000635 0.001104 
0.000807 0.000089 0.000617 0.001063 
0.000865 0.000070 0.000705 0.001314 
0.000851 0.000086 0.000666 0.001661 
0.000843 0.000068 0.000687 0.001044 
0.000840 0.000070 0.000688 0.001062 
0.000866 0.000072 0.000707 0.001269 
0.000886 0.000076 0.000714 0.001179 
0.000870 0.000074 0.000722 0.001122 
0.000874 0.000076 0.000723 0.001307 
0.000861 0.000076 0.000713 0.001419 
0.000869 0.000076 0.000711 0.001340 
0.000871 0.000076 0.000708 0.001218 
0.000874 0.000079 0.000708 0.001275 
0.000872 0.000081 0.000677 0.001324 
0.000839 0.000073 0.000694 0.001193 
0.000858 0.000068 0.000705 0.001065 
0.000828 0.000081 0.000653 0.001134 
0.000840 0.000079 0.000678 0.001177 
0.000826 0.000084 0.000649 0.001150 
0.000842 0.000084 0.000697 0.001219 
0.000832 0.000077 0.000688 0.001143 
0.000855 0.000083 0.000694 0.001219 
0.000864 0.000087 0.000698 0.001284 
0.000839 0.000081 0.000691 0.001222 
0.000845 0.000087 0.000691 0.001273 
0.000857 0.000079 0.000727 0.001226 
0.000828 0.000075 0.000683 0.001133 
0.000827 0.000075 0.000686 0.001135 
0.000871 0.000077 0.000719 0.001220 
0.000866 0.000078 0.000694 0.001205 
0.000835 0.000082 0.000659 0.001206 
0.000875 0.000086 0.000709 0.001326 
0.000857 0.000093 0.000657 0.001373 
0.000896 0.000085 0.000740 0.001290 
0.000848 0.000090 0.000674 0.001294 
0.000855 0.000088 0.000681 0.001259 
0.000860 0.000086 0.000690 0.001245 
0.000868 0.000078 0.000709 0.001214 
0.000837 0.000101 0.000647 0.001318 
0.000867 0.000092 0.000684 0.001282 
0.000833 0.000092 0.000649 0.001337 
0.000863 0.000080 0.000706 0.001221 
0.000833 0.000092 0.000637 0.001293 
0.000884 0.000084 0.000697 0.001281 
0.000844 0.000091 0.000665 0.001237 
0.000890 0.000112 0.000624 0.001287 
0.000898 0.000090 0.000751 0.001217 
0.000901 0.000098 0.000696 0.001255 
0.000905 0.000087 0.000748 0.001212 
0.000885 0.000104 0.000651 0.001225 
0.000898 0.000092 0.000683 0.001234 
0.000906 0.000095 0.000728 0.001223 
0.000908 0.000091 0.000732 0.001294 
0.000879 0.000090 0.000691 0.001206 
0.000884 0.000094 0.000669 0.001232 
0.000889 0.000099 0.000717 0.001241 
0.000900 0.000090 0.000710 0.001225 
0.000876 0.000097 0.000661 0.001239 
0.000872 0.000089 0.000605 0.001217 
0.000851 0.000087 0.000601 0.001201 
0.000885 0.000085 0.000631 0.001198 
0.000877 0.000088 0.000622 0.001234 
0.000880 0.000086 0.000633 0.001207 
0.000873 0.000090 0.000594 0.001230 
0.000890 0.000091 0.000622 0.001177 
0.000872 0.000085 0.000636 0.001257 
0.000885 0.000087 0.000619 0.001187 
0.000875 0.000091 0.000611 0.001231 
0.000882 0.000084 0.000615 0.001191 
0.000846 0.000088 0.000586 0.001199 
0.000967 0.000102 0.000695 0.001338 
0.000956 0.000103 0.000721 0.001518 
0.000944 0.000096 0.000661 0.001315 
0.000945 0.000093 0.000674 0.001265 
0.000921 0.000094 0.000642 0.001312 
0.000949 0.000098 0.000660 0.001368 
0.000934 0.000104 0.000697 0.001316 
0.000967 0.000096 0.000679 0.001298 
0.000948 0.000102 0.000672 0.001300 
0.000961 0.000099 0.000677 0.001377 
0.000954 0.000099 0.000694 0.001302 
0.000936 0.000096 0.000656 0.001346 
0.000929 0.000108 0.000657 0.001333 
0.000931 0.000135 0.000672 0.001371 
0.000940 0.000126 0.000696 0.001375 
0.000926 0.000140 0.000653 0.001393 
0.000969 0.000125 0.000680 0.001391 
0.000932 0.000127 0.000666 0.001312 
0.000928 0.000138 0.000679 0.001385 
0.000914 0.000128 0.000653 0.001312 
0.000928 0.000138 0.000658 0.001392 
0.000908 0.000146 0.000657 0.001364 
0.000915 0.000127 0.000651 0.001299 
0.000927 0.000136 0.000680 0.001325 
0.000937 0.000142 0.000692 0.001431 
0.000900 0.000128 0.000633 0.001253 
0.000888 0.000091 0.000730 0.001211 
0.000874 0.000103 0.000718 0.001237 
0.000892 0.000089 0.000726 0.001186 
0.000897 0.000093 0.000728 0.001269 
0.000894 0.000091 0.000731 0.001216 
0.000903 0.000094 0.000744 0.001239 
0.000883 0.000094 0.000740 0.001225 
0.000883 0.000101 0.000720 0.001259 
0.000867 0.000098 0.000712 0.001171 
0.000899 0.000091 0.000745 0.001206 
0.000870 0.000101 0.000724 0.001248 
0.000880 0.000092 0.000729 0.001217 
0.000903 0.000096 0.000751 0.001261 
0.000877 0.000095 0.000699 0.001219 
0.000904 0.000082 0.000731 0.001257 
0.000828 0.000091 0.000657 0.001272 
0.000855 0.000089 0.000683 0.001347 
0.000862 0.000078 0.000680 0.001289 
0.000854 0.000077 0.000696 0.001247 
0.000825 0.000091 0.000676 0.001248 
0.000944 0.000089 0.000738 0.001427 
0.000836 0.000090 0.000673 0.001236 
0.000900 0.000084 0.000706 0.001343 
0.000861 0.000078 0.000680 0.001290 
0.000883 0.000086 0.000701 0.001282 
0.000836 0.000079 0.000664 0.001329 
0.000852 0.000085 0.000692 0.001288 
