0.001122 0.000117 0.000825 0.001493 
0.001098 0.000125 0.000842 0.001493 
0.001113 0.000128 0.000828 0.001637 
0.001153 0.000132 0.000786 0.001652 
0.001114 0.000114 0.000828 0.001518 
0.001157 0.000121 0.000820 0.001720 
0.001145 0.000115 0.000797 0.001627 
0.001134 0.000123 0.000821 0.001601 
0.001082 0.000122 0.000825 0.001566 
0.001130 0.000123 0.000832 0.001565 
0.001132 0.000133 0.000793 0.001611 
0.001105 0.000110 0.000838 0.001659 
0.001135 0.000110 0.000843 0.001622 
0.001135 0.000231 0.000760 0.002122 
0.001122 0.000181 0.000776 0.001857 
0.001102 0.000167 0.000746 0.001826 
0.001139 0.000203 0.000792 0.001864 
0.001150 0.000218 0.000802 0.001955 
0.001120 0.000217 0.000715 0.002120 
0.001099 0.000199 0.000761 0.002080 
0.001094 0.000221 0.000756 0.002007 
0.001122 0.000212 0.000726 0.001896 
0.001103 0.000206 0.000743 0.001903 
0.001109 0.000219 0.000749 0.002024 
0.001145 0.000205 0.000747 0.001904 
0.001131 0.000244 0.000745 0.002052 
0.001006 0.000118 0.000739 0.001522 
0.000986 0.000123 0.000719 0.001474 
0.000993 0.000114 0.000774 0.001333 
0.001032 0.000125 0.000734 0.001412 
0.001038 0.000117 0.000765 0.001319 
0.001017 0.000115 0.000741 0.001355 
0.001032 0.000125 0.000734 0.001494 
0.000974 0.000108 0.000734 0.001360 
0.001034 0.000128 0.000735 0.001602 
0.000981 0.000116 0.000695 0.001372 
0.001018 0.000116 0.000749 0.001384 
0.001052 0.000122 0.000776 0.001463 
0.001086 0.000116 0.000811 0.001394 
0.001051 0.000126 0.000762 0.001579 
0.001068 0.000125 0.000789 0.001450 
0.001050 0.000116 0.000775 0.001358 
0.001087 0.000135 0.000735 0.001526 
0.001042 0.000110 0.000784 0.001455 
0.001079 0.000121 0.000789 0.001600 
0.001053 0.000123 0.000769 0.001500 
0.001096 0.000117 0.000833 0.001505 
0.001073 0.000126 0.000759 0.001517 
0.001048 0.000117 0.000750 0.001436 
0.001136 0.000150 0.000807 0.001637 
0.001100 0.000132 0.000756 0.001467 
0.001136 0.000150 0.000742 0.001866 
0.001130 0.000157 0.000770 0.001726 
0.001142 0.000141 0.000812 0.001589 
0.001135 0.000141 0.000807 0.001642 
0.001131 0.000143 0.000740 0.001636 
0.001133 0.000144 0.000808 0.001637 
0.001111 0.000131 0.000789 0.001631 
0.001135 0.000147 0.000818 0.001767 
0.001115 0.000148 0.000726 0.001918 
0.001003 0.000129 0.000679 0.001417 
0.001001 0.000132 0.000741 0.001465 
0.000979 0.000129 0.000720 0.001428 
0.000976 0.000122 0.000711 0.001344 
0.001026 0.000149 0.000686 0.001499 
0.000969 0.000130 0.000680 0.001367 
0.000969 0.000114 0.000708 0.001335 
0.000958 0.000136 0.000687 0.001478 
0.001015 0.000127 0.000708 0.001423 
0.000973 0.000124 0.000712 0.001401 
0.001008 0.000136 0.000723 0.001531 
0.000964 0.000094 0.000759 0.001227 
0.000980 0.000108 0.000722 0.001316 
0.000965 0.000119 0.000676 0.001374 
0.000990 0.000127 0.000726 0.001381 
0.001031 0.000118 0.000672 0.001371 
0.000964 0.000114 0.000698 0.001276 
0.000990 0.000120 0.000752 0.001447 
0.000982 0.000114 0.000733 0.001357 
0.000985 0.000101 0.000761 0.001365 
0.000968 0.000109 0.000730 0.001279 
0.000986 0.000108 0.000733 0.001308 
0.000982 0.000120 0.000740 0.001284 
0.001021 0.000123 0.000725 0.001375 
0.000980 0.000108 0.000746 0.001319 
0.000959 0.000122 0.000735 0.001296 
0.001120 0.000170 0.000753 0.001630 
0.001113 0.000176 0.000749 0.001561 
0.001134 0.000164 0.000784 0.001691 
0.001144 0.000177 0.000779 0.001685 
0.001134 0.000172 0.000761 0.001578 
0.001143 0.000176 0.000746 0.001661 
0.001139 0.000185 0.000730 0.001764 
0.001132 0.000186 0.000733 0.001615 
0.001146 0.000171 0.000740 0.001661 
0.001132 0.000179 0.000737 0.001651 
0.001124 0.000182 0.000782 0.001650 
0.001142 0.000180 0.000769 0.001639 
0.001156 0.000181 0.000767 0.001666 
0.001132 0.000191 0.000726 0.001663 
0.001032 0.000171 0.000709 0.001737 
0.001013 0.000149 0.000731 0.001460 
0.001020 0.000165 0.000735 0.001643 
0.001013 0.000157 0.000708 0.001447 
0.001039 0.000158 0.000742 0.001524 
0.001031 0.000144 0.000773 0.001488 
0.001030 0.000143 0.000763 0.001483 
0.001028 0.000167 0.000743 0.001678 
0.000992 0.000159 0.000703 0.001769 
0.000992 0.000145 0.000722 0.001403 
0.001012 0.000156 0.000713 0.001462 
0.000996 0.000154 0.000670 0.001584 
0.001029 0.000141 0.000755 0.001606 
0.001006 0.000145 0.000664 0.001513 
0.001224 0.000204 0.000887 0.002012 
0.001137 0.000169 0.000832 0.001662 
0.001157 0.000183 0.000784 0.001889 
0.001159 0.000196 0.000813 0.001865 
0.001165 0.000168 0.000791 0.001788 
0.001183 0.000219 0.000858 0.002207 
0.001196 0.000191 0.000861 0.001885 
0.001176 0.000209 0.000804 0.002168 
0.001158 0.000199 0.000838 0.002009 
0.001170 0.000195 0.000809 0.001824 
0.001214 0.000194 0.000882 0.001880 
0.001159 0.000199 0.000839 0.001970 
0.001160 0.000197 0.000833 0.001935 
0.001129 0.000139 0.000784 0.001574 
0.001107 0.000132 0.000778 0.001847 
0.001152 0.000165 0.000833 0.001639 
0.001149 0.000142 0.000836 0.001788 
0.001121 0.000135 0.000814 0.001613 
0.001127 0.000155 0.000774 0.001782 
0.001135 0.000166 0.000792 0.001758 
0.001133 0.000136 0.000792 0.001598 
0.001140 0.000148 0.000823 0.001639 
0.001168 0.000153 0.000861 0.001712 
0.001120 0.000158 0.000816 0.001651 
0.001138 0.000149 0.000834 0.001587 
0.000989 0.000118 0.000711 0.001697 
0.000963 0.000112 0.000687 0.001591 
0.000966 0.000117 0.000724 0.001562 
0.001004 0.000130 0.000712 0.001480 
0.000966 0.000128 0.000690 0.001438 
0.001006 0.000122 0.000750 0.001455 
0.000970 0.000110 0.000714 0.001543 
0.001005 0.000131 0.000696 0.001615 
0.000993 0.000125 0.000710 0.001597 
0.000994 0.000122 0.000711 0.001497 
0.000970 0.000114 0.000716 0.001419 
0.000989 0.000127 0.000716 0.001519 
0.000964 0.000122 0.000689 0.002056 
0.001073 0.000121 0.000788 0.001420 
0.001130 0.000137 0.000764 0.001528 
0.001075 0.000120 0.000772 0.001438 
0.001075 0.000132 0.000749 0.001491 
0.001121 0.000129 0.000779 0.001466 
0.001029 0.000118 0.000759 0.001393 
0.001048 0.000117 0.000758 0.001387 
0.001061 0.000116 0.000787 0.001337 
0.001049 0.000147 0.000727 0.001484 
0.001041 0.000112 0.000764 0.001354 
0.001043 0.000123 0.000757 0.001385 
0.001106 0.000136 0.000778 0.001474 
0.001043 0.000130 0.000746 0.001476 
0.001104 0.000118 0.000820 0.001533 
0.001071 0.000124 0.000797 0.001418 
0.001119 0.000124 0.000726 0.001515 
0.001115 0.000123 0.000803 0.001546 
0.001136 0.000131 0.000824 0.001511 
0.001115 0.000136 0.000755 0.001595 
0.001101 0.000131 0.000776 0.001465 
0.001141 0.000145 0.000781 0.001673 
0.001079 0.000107 0.000806 0.001493 
0.001125 0.000127 0.000784 0.001457 
0.001115 0.000124 0.000821 0.001481 
0.001096 0.000122 0.000790 0.001478 
0.001127 0.000137 0.000774 0.001648 
0.001054 0.000146 0.000716 0.001504 
0.001103 0.000113 0.000761 0.001561 
0.001091 0.000121 0.000775 0.001431 
0.001142 0.000117 0.000769 0.001597 
0.001124 0.000123 0.000782 0.001507 
0.001174 0.000145 0.000846 0.002113 
0.001088 0.000112 0.000800 0.001460 
0.001096 0.000114 0.000803 0.001444 
0.001116 0.000116 0.000818 0.001417 
0.001080 0.000110 0.000794 0.001444 
0.001116 0.000120 0.000777 0.001495 
0.001083 0.000102 0.000808 0.001442 
0.001108 0.000113 0.000849 0.001483 
0.001090 0.000112 0.000807 0.001504 
