0.000995 0.000062 0.000841 0.001129 
0.001006 0.000055 0.000826 0.001087 
0.000980 0.000060 0.000782 0.001330 
0.000965 0.000062 0.000811 0.001333 
0.001001 0.000068 0.000818 0.001134 
0.000978 0.000068 0.000824 0.001363 
0.000964 0.000064 0.000778 0.001317 
0.001001 0.000067 0.000813 0.001294 
0.000979 0.000061 0.000818 0.001404 
0.000986 0.000059 0.000797 0.001346 
0.000975 0.000059 0.000817 0.001399 
0.000979 0.000062 0.000819 0.001281 
0.000987 0.000063 0.000811 0.001363 
0.000861 0.000088 0.000726 0.001289 
0.000886 0.000087 0.000728 0.001279 
0.000936 0.000071 0.000764 0.001247 
0.000925 0.000065 0.000750 0.001336 
0.000913 0.000083 0.000700 0.001314 
0.000907 0.000065 0.000742 0.001055 
0.000920 0.000088 0.000740 0.001273 
0.000905 0.000086 0.000719 0.001340 
0.000935 0.000069 0.000783 0.001197 
0.000902 0.000065 0.000735 0.001058 
0.000939 0.000106 0.000749 0.001400 
0.000934 0.000090 0.000720 0.001284 
0.000916 0.000090 0.000725 0.001239 
0.001021 0.000114 0.000747 0.001258 
0.000986 0.000112 0.000723 0.001377 
0.001012 0.000095 0.000723 0.001219 
0.001067 0.000121 0.000739 0.001268 
0.001046 0.000118 0.000750 0.001326 
0.001033 0.000115 0.000738 0.001255 
0.001054 0.000120 0.000754 0.001290 
0.001029 0.000103 0.000800 0.001297 
0.001051 0.000121 0.000760 0.001257 
0.001019 0.000105 0.000771 0.001247 
0.001058 0.000115 0.000769 0.001277 
0.001013 0.000134 0.000856 0.001573 
0.001068 0.000140 0.000874 0.001624 
0.001039 0.000120 0.000864 0.001726 
0.001025 0.000113 0.000846 0.001540 
0.001030 0.000144 0.000827 0.001594 
0.001024 0.000110 0.000808 0.001554 
0.001062 0.000145 0.000854 0.001631 
0.001025 0.000124 0.000859 0.001707 
0.001021 0.000115 0.000849 0.001765 
0.001020 0.000137 0.000847 0.001711 
0.001009 0.000132 0.000864 0.001624 
0.000992 0.000116 0.000852 0.001807 
0.000953 0.000108 0.000814 0.001505 
0.000953 0.000047 0.000828 0.001412 
0.000967 0.000099 0.000811 0.001613 
0.000977 0.000083 0.000828 0.001589 
0.001003 0.000094 0.000842 0.001561 
0.000996 0.000111 0.000858 0.001582 
0.000954 0.000086 0.000803 0.001508 
0.000982 0.000124 0.000831 0.001553 
0.000982 0.000088 0.000808 0.001498 
0.001005 0.000102 0.000830 0.001523 
0.000975 0.000078 0.000815 0.001491 
0.000946 0.000067 0.000818 0.001457 
0.000956 0.000069 0.000788 0.001158 
0.000951 0.000075 0.000792 0.001442 
0.000972 0.000089 0.000849 0.001491 
0.000921 0.000063 0.000801 0.001358 
0.000927 0.000079 0.000821 0.001525 
0.000926 0.000073 0.000829 0.001509 
0.000907 0.000072 0.000730 0.001534 
0.000934 0.000089 0.000772 0.001655 
0.000911 0.000051 0.000785 0.001085 
0.001016 0.000125 0.000806 0.001638 
0.001030 0.000140 0.000772 0.001614 
0.001028 0.000131 0.000758 0.001586 
0.001023 0.000143 0.000775 0.001590 
0.000992 0.000129 0.000778 0.001533 
0.001026 0.000110 0.000810 0.001628 
0.001027 0.000132 0.000766 0.001547 
0.001015 0.000118 0.000780 0.001605 
0.001017 0.000123 0.000757 0.001571 
0.001069 0.000151 0.000763 0.001661 
0.001016 0.000149 0.000767 0.001519 
0.001035 0.000135 0.000778 0.001591 
0.001024 0.000123 0.000800 0.001595 
0.001049 0.000131 0.000827 0.001718 
0.001034 0.000153 0.000794 0.001783 
0.001015 0.000124 0.000763 0.001550 
0.001014 0.000095 0.000831 0.001531 
0.001008 0.000093 0.000768 0.001447 
0.001036 0.000104 0.000833 0.001554 
0.001007 0.000097 0.000839 0.001214 
0.001022 0.000101 0.000772 0.001601 
0.001019 0.000092 0.000840 0.001223 
0.001016 0.000103 0.000830 0.001580 
0.001023 0.000093 0.000808 0.001275 
0.001034 0.000106 0.000820 0.001209 
0.000999 0.000071 0.000814 0.001160 
0.001012 0.000106 0.000831 0.001516 
0.001026 0.000086 0.000814 0.001556 
0.000995 0.000078 0.000829 0.001445 
0.000977 0.000084 0.000801 0.001554 
0.001012 0.000080 0.000825 0.001341 
0.001017 0.000106 0.000839 0.001680 
0.001041 0.000129 0.000875 0.001788 
0.001049 0.000169 0.000841 0.001810 
0.000973 0.000082 0.000839 0.001276 
0.000981 0.000096 0.000829 0.001936 
0.000986 0.000087 0.000825 0.001690 
0.001042 0.000137 0.000820 0.001702 
0.001022 0.000098 0.000824 0.001665 
0.000980 0.000086 0.000803 0.001569 
0.001044 0.000133 0.000826 0.001657 
0.000990 0.000098 0.000841 0.001616 
0.001054 0.000113 0.000869 0.001824 
0.001022 0.000073 0.000852 0.001428 
0.000906 0.000093 0.000788 0.001706 
0.000879 0.000120 0.000758 0.001513 
0.000921 0.000145 0.000702 0.001612 
0.000867 0.000142 0.000753 0.001625 
0.000904 0.000120 0.000767 0.001593 
0.000843 0.000060 0.000717 0.001360 
0.000939 0.000139 0.000734 0.001683 
0.000893 0.000105 0.000723 0.001524 
0.000896 0.000060 0.000740 0.001399 
0.000880 0.000061 0.000755 0.001133 
0.000905 0.000127 0.000751 0.001622 
0.000905 0.000131 0.000753 0.001569 
0.000905 0.000085 0.000778 0.001413 
0.000949 0.000072 0.000809 0.001254 
0.000972 0.000081 0.000809 0.001520 
0.000934 0.000056 0.000803 0.001180 
0.000942 0.000047 0.000799 0.001140 
0.000936 0.000066 0.000825 0.001359 
0.000924 0.000041 0.000800 0.001053 
0.000892 0.000075 0.000777 0.001315 
0.000979 0.000062 0.000864 0.001339 
0.000944 0.000047 0.000803 0.001096 
0.000946 0.000046 0.000831 0.001276 
0.000925 0.000053 0.000793 0.001281 
0.000978 0.000073 0.000849 0.001367 
0.001028 0.000095 0.000801 0.001372 
0.001004 0.000110 0.000794 0.001412 
0.000982 0.000105 0.000815 0.001314 
0.000994 0.000083 0.000845 0.001380 
0.000989 0.000060 0.000849 0.001454 
0.001036 0.000102 0.000849 0.001391 
0.000985 0.000075 0.000843 0.001236 
0.001006 0.000071 0.000861 0.001248 
0.001011 0.000096 0.000842 0.001423 
0.000981 0.000060 0.000870 0.001144 
0.000988 0.000082 0.000875 0.001245 
0.001008 0.000064 0.000834 0.001222 
0.001026 0.000105 0.000843 0.001372 
0.001026 0.000103 0.000818 0.001390 
0.001044 0.000106 0.000822 0.001510 
0.001010 0.000116 0.000812 0.001524 
0.001014 0.000115 0.000799 0.001553 
0.000987 0.000085 0.000802 0.001186 
0.000983 0.000073 0.000755 0.001527 
0.000997 0.000085 0.000796 0.001513 
0.000984 0.000106 0.000832 0.001543 
0.000979 0.000092 0.000806 0.001378 
0.000967 0.000085 0.000812 0.001391 
0.000961 0.000061 0.000810 0.001422 
0.001019 0.000104 0.000817 0.001569 
0.000952 0.000103 0.000808 0.001470 
0.000951 0.000073 0.000809 0.001594 
0.001002 0.000062 0.000826 0.001449 
0.000979 0.000083 0.000835 0.001468 
0.001008 0.000086 0.000857 0.001602 
0.000984 0.000073 0.000850 0.001549 
0.000956 0.000093 0.000834 0.001525 
0.000966 0.000081 0.000808 0.001460 
0.000973 0.000055 0.000864 0.001484 
0.000992 0.000071 0.000859 0.001403 
0.000973 0.000049 0.000839 0.001123 
0.000996 0.000054 0.000835 0.001103 
0.000966 0.000065 0.000825 0.001384 
0.000950 0.000083 0.000830 0.001617 
0.000956 0.000093 0.000765 0.001122 
0.001000 0.000243 0.000770 0.001918 
0.000998 0.000199 0.000759 0.001811 
0.001024 0.000190 0.000762 0.001789 
0.001023 0.000174 0.000798 0.001993 
0.001025 0.000135 0.000798 0.001893 
0.000952 0.000132 0.000768 0.001878 
0.001013 0.000205 0.000773 0.001992 
0.000982 0.000196 0.000773 0.001998 
0.000983 0.000177 0.000753 0.001815 
0.000973 0.000128 0.000780 0.001778 
0.000988 0.000182 0.000777 0.001805 
0.000986 0.000217 0.000809 0.001971 
0.000982 0.000175 0.000743 0.001749 
