0.001400 0.000203 0.000876 0.001937 
0.001392 0.000211 0.000872 0.001966 
0.001410 0.000213 0.000862 0.002018 
0.001387 0.000197 0.000866 0.001873 
0.001367 0.000195 0.000899 0.001950 
0.001401 0.000207 0.000878 0.001962 
0.001387 0.000200 0.000936 0.001940 
0.001409 0.000207 0.000910 0.001893 
0.001364 0.000212 0.000843 0.002030 
0.001382 0.000194 0.000883 0.001928 
0.001384 0.000205 0.000850 0.001847 
0.001376 0.000196 0.000884 0.001823 
0.001399 0.000202 0.000900 0.001950 
0.001444 0.000237 0.000847 0.002356 
0.001446 0.000229 0.000843 0.002305 
0.001412 0.000223 0.000849 0.002141 
0.001488 0.000232 0.000863 0.002396 
0.001432 0.000233 0.000871 0.002057 
0.001394 0.000217 0.000857 0.002098 
0.001410 0.000219 0.000872 0.002041 
0.001466 0.000228 0.000893 0.002326 
0.001436 0.000236 0.000861 0.002208 
0.001450 0.000224 0.000891 0.002192 
0.001407 0.000218 0.000880 0.002147 
0.001431 0.000225 0.000865 0.002200 
0.001466 0.000239 0.000856 0.002295 
0.001511 0.000200 0.000933 0.002148 
0.001478 0.000200 0.000882 0.002396 
0.001486 0.000193 0.000919 0.002283 
0.001459 0.000182 0.000875 0.002041 
0.001483 0.000190 0.000867 0.002188 
0.001493 0.000200 0.000884 0.002118 
0.001504 0.000197 0.000878 0.002217 
0.001480 0.000199 0.000903 0.002166 
0.001476 0.000203 0.000878 0.002274 
0.001447 0.000185 0.000937 0.002030 
0.001491 0.000200 0.000914 0.002132 
0.001363 0.000211 0.000821 0.002051 
0.001351 0.000203 0.000825 0.002128 
0.001364 0.000208 0.000852 0.002033 
0.001352 0.000204 0.000826 0.001981 
0.001356 0.000203 0.000828 0.002086 
0.001329 0.000194 0.000880 0.002004 
0.001333 0.000201 0.000784 0.001979 
0.001372 0.000208 0.000865 0.002064 
0.001366 0.000208 0.000824 0.002110 
0.001376 0.000212 0.000868 0.002050 
0.001351 0.000207 0.000795 0.001938 
0.001399 0.000210 0.000874 0.002127 
0.001564 0.000239 0.000878 0.002617 
0.001578 0.000246 0.000845 0.002555 
0.001498 0.000217 0.000854 0.002312 
0.001511 0.000264 0.000869 0.002688 
0.001612 0.000275 0.000850 0.002527 
0.001542 0.000237 0.000875 0.002544 
0.001669 0.000257 0.000849 0.002441 
0.001579 0.000239 0.000871 0.002623 
0.001551 0.000237 0.000854 0.002379 
0.001492 0.000212 0.000869 0.002336 
0.001475 0.000217 0.000860 0.002360 
0.001437 0.000235 0.000859 0.002139 
0.001426 0.000236 0.000812 0.002316 
0.001411 0.000227 0.000820 0.002255 
0.001415 0.000231 0.000843 0.002184 
0.001405 0.000240 0.000821 0.002181 
0.001409 0.000239 0.000817 0.002210 
0.001405 0.000247 0.000821 0.002211 
0.001400 0.000226 0.000841 0.002112 
0.001401 0.000240 0.000818 0.002207 
0.001425 0.000230 0.000818 0.002240 
0.001534 0.000203 0.000850 0.002154 
0.001544 0.000213 0.000864 0.002303 
0.001476 0.000189 0.000856 0.001980 
0.001495 0.000197 0.000868 0.002030 
0.001517 0.000206 0.000855 0.002125 
0.001519 0.000198 0.000896 0.002034 
0.001502 0.000183 0.000874 0.002045 
0.001536 0.000202 0.000853 0.002133 
0.001522 0.000202 0.000876 0.002253 
0.001533 0.000202 0.000913 0.002163 
0.001514 0.000202 0.000837 0.002202 
0.001527 0.000205 0.000890 0.002159 
0.001488 0.000191 0.000872 0.001976 
0.001509 0.000184 0.000882 0.002056 
0.001531 0.000208 0.000869 0.002251 
0.001459 0.000193 0.000878 0.001969 
0.001430 0.000240 0.000838 0.002065 
0.001380 0.000239 0.000842 0.002021 
0.001391 0.000227 0.000866 0.002046 
0.001437 0.000243 0.000866 0.002090 
0.001417 0.000250 0.000868 0.002116 
0.001403 0.000220 0.000837 0.002033 
0.001413 0.000237 0.000890 0.002104 
0.001426 0.000225 0.000841 0.002053 
0.001420 0.000229 0.000849 0.002053 
0.001458 0.000248 0.000870 0.002323 
0.001398 0.000232 0.000872 0.002082 
0.001441 0.000231 0.000863 0.002098 
0.001424 0.000227 0.000824 0.002066 
0.001400 0.000242 0.000844 0.002163 
0.001485 0.000226 0.000934 0.002406 
0.001449 0.000225 0.000923 0.002201 
0.001402 0.000215 0.000900 0.002121 
0.001415 0.000225 0.000877 0.002148 
0.001431 0.000232 0.000905 0.002362 
0.001473 0.000232 0.000914 0.002372 
0.001451 0.000225 0.000928 0.002309 
0.001420 0.000218 0.000908 0.002136 
0.001468 0.000234 0.000898 0.002266 
0.001406 0.000231 0.000886 0.002350 
0.001420 0.000238 0.000886 0.002193 
0.001435 0.000245 0.000871 0.002295 
0.001488 0.000237 0.000926 0.002349 
0.001459 0.000214 0.000909 0.002232 
0.001356 0.000210 0.000814 0.002038 
0.001359 0.000185 0.000830 0.002186 
0.001459 0.000212 0.000861 0.002179 
0.001437 0.000219 0.000870 0.002248 
0.001406 0.000201 0.000884 0.002337 
0.001435 0.000217 0.000835 0.002301 
0.001424 0.000199 0.000848 0.002180 
0.001440 0.000228 0.000866 0.002315 
0.001361 0.000179 0.000868 0.001745 
0.001439 0.000208 0.000816 0.002267 
0.001378 0.000188 0.000835 0.002187 
0.001414 0.000208 0.000858 0.002018 
0.001384 0.000197 0.000865 0.002177 
0.001476 0.000205 0.000884 0.002034 
0.001506 0.000216 0.000886 0.002229 
0.001454 0.000194 0.000867 0.002149 
0.001481 0.000242 0.000884 0.002299 
0.001489 0.000209 0.000873 0.002141 
0.001503 0.000212 0.000839 0.002065 
0.001564 0.000250 0.000889 0.002556 
0.001459 0.000203 0.000879 0.002132 
0.001512 0.000221 0.000898 0.002253 
0.001492 0.000234 0.000899 0.002180 
0.001467 0.000207 0.000855 0.002122 
0.001458 0.000209 0.000867 0.002149 
0.001428 0.000210 0.000940 0.002257 
0.001459 0.000209 0.000904 0.002357 
0.001429 0.000207 0.000970 0.002406 
0.001453 0.000217 0.000937 0.002398 
0.001452 0.000216 0.000864 0.002322 
0.001421 0.000217 0.000892 0.002224 
0.001442 0.000204 0.000897 0.002285 
0.001433 0.000210 0.000948 0.002300 
0.001435 0.000211 0.000897 0.002232 
0.001419 0.000215 0.000915 0.002233 
0.001457 0.000234 0.000813 0.002451 
0.001466 0.000200 0.000953 0.002274 
0.001473 0.000228 0.000932 0.002387 
0.001466 0.000172 0.000891 0.001959 
0.001413 0.000161 0.000880 0.001973 
0.001472 0.000187 0.000892 0.001997 
0.001456 0.000171 0.000898 0.001953 
0.001484 0.000198 0.000907 0.002033 
0.001430 0.000168 0.000898 0.001965 
0.001446 0.000158 0.000903 0.001956 
0.001451 0.000171 0.000897 0.001952 
0.001432 0.000176 0.000878 0.001903 
0.001463 0.000184 0.000895 0.002115 
0.001441 0.000182 0.000891 0.001969 
0.001441 0.000176 0.000903 0.002105 
0.001450 0.000186 0.000870 0.001978 
0.001413 0.000154 0.000865 0.002027 
0.001393 0.000143 0.000848 0.002037 
0.001390 0.000154 0.000868 0.001952 
0.001409 0.000155 0.000898 0.002071 
0.001422 0.000157 0.000898 0.001924 
0.001446 0.000162 0.000875 0.002013 
0.001392 0.000156 0.000879 0.002018 
0.001399 0.000159 0.000876 0.001882 
0.001418 0.000152 0.000874 0.001888 
0.001436 0.000161 0.000894 0.001972 
0.001463 0.000167 0.000884 0.002030 
0.001406 0.000159 0.000892 0.001891 
0.001415 0.000158 0.000862 0.002109 
0.001426 0.000167 0.000866 0.001965 
0.001614 0.000238 0.000941 0.002473 
0.001598 0.000236 0.000915 0.002443 
0.001601 0.000232 0.000889 0.002552 
0.001586 0.000219 0.000958 0.002410 
0.001597 0.000239 0.000912 0.002589 
0.001617 0.000228 0.000897 0.002533 
0.001680 0.000266 0.000994 0.002954 
0.001566 0.000239 0.000914 0.002564 
0.001709 0.000306 0.000914 0.002940 
0.001563 0.000214 0.000877 0.002475 
0.001636 0.000271 0.000951 0.002652 
0.001593 0.000247 0.000915 0.002428 
0.001613 0.000256 0.000890 0.002716 
