0.000930 0.000072 0.000760 0.001183 
0.000883 0.000055 0.000774 0.001107 
0.000887 0.000047 0.000788 0.001125 
0.000932 0.000055 0.000810 0.001125 
0.000927 0.000068 0.000762 0.001121 
0.000926 0.000061 0.000805 0.001325 
0.000898 0.000062 0.000775 0.001156 
0.000932 0.000056 0.000804 0.001238 
0.000922 0.000073 0.000739 0.001147 
0.000921 0.000063 0.000725 0.001213 
0.000887 0.000050 0.000757 0.001100 
0.000905 0.000071 0.000752 0.001098 
0.000922 0.000067 0.000767 0.001162 
0.000908 0.000076 0.000731 0.001116 
0.000884 0.000077 0.000727 0.001088 
0.000899 0.000076 0.000729 0.001140 
0.000936 0.000078 0.000740 0.001254 
0.000907 0.000088 0.000695 0.001148 
0.000910 0.000071 0.000733 0.001136 
0.000901 0.000072 0.000708 0.001084 
0.000908 0.000075 0.000717 0.001087 
0.000940 0.000093 0.000745 0.001286 
0.000924 0.000080 0.000715 0.001240 
0.000902 0.000077 0.000702 0.001089 
0.000929 0.000088 0.000701 0.001168 
0.000913 0.000075 0.000760 0.001155 
0.000918 0.000095 0.000675 0.001157 
0.000910 0.000082 0.000760 0.001211 
0.000919 0.000102 0.000740 0.001246 
0.000970 0.000103 0.000776 0.001251 
0.000939 0.000097 0.000723 0.001151 
0.000959 0.000106 0.000738 0.001297 
0.000915 0.000086 0.000745 0.001174 
0.000900 0.000075 0.000758 0.001136 
0.000957 0.000085 0.000742 0.001287 
0.000937 0.000080 0.000774 0.001117 
0.000974 0.000131 0.000764 0.001294 
0.000957 0.000087 0.000812 0.001157 
0.000940 0.000080 0.000715 0.001211 
0.000919 0.000064 0.000771 0.001118 
0.000921 0.000063 0.000795 0.001141 
0.000947 0.000096 0.000759 0.001191 
0.000890 0.000075 0.000736 0.001180 
0.000953 0.000095 0.000782 0.001158 
0.000909 0.000072 0.000775 0.001115 
0.000947 0.000085 0.000783 0.001212 
0.000860 0.000066 0.000711 0.001100 
0.000934 0.000075 0.000795 0.001131 
0.000925 0.000078 0.000777 0.001090 
0.000956 0.000081 0.000743 0.001183 
0.000864 0.000055 0.000706 0.001076 
0.000906 0.000071 0.000757 0.001150 
0.000925 0.000078 0.000747 0.001245 
0.000932 0.000084 0.000761 0.001285 
0.000951 0.000068 0.000757 0.001180 
0.000902 0.000060 0.000773 0.001397 
0.000914 0.000074 0.000659 0.001128 
0.000933 0.000077 0.000755 0.001139 
0.000919 0.000074 0.000731 0.001241 
0.000953 0.000077 0.000763 0.001201 
0.000900 0.000069 0.000750 0.001051 
0.000921 0.000045 0.000773 0.001058 
0.000873 0.000065 0.000677 0.001012 
0.000954 0.000067 0.000799 0.001097 
0.000895 0.000055 0.000765 0.001040 
0.000908 0.000058 0.000783 0.001052 
0.000900 0.000059 0.000742 0.001058 
0.000909 0.000056 0.000771 0.001106 
0.000924 0.000067 0.000768 0.001116 
0.000876 0.000060 0.000739 0.001005 
0.000904 0.000086 0.000760 0.001206 
0.000892 0.000092 0.000715 0.001232 
0.000913 0.000083 0.000722 0.001164 
0.000912 0.000082 0.000743 0.001135 
0.000930 0.000092 0.000733 0.001170 
0.000934 0.000075 0.000785 0.001139 
0.000911 0.000101 0.000747 0.001191 
0.000905 0.000066 0.000783 0.001104 
0.000891 0.000071 0.000743 0.001170 
0.000920 0.000079 0.000703 0.001134 
0.000892 0.000087 0.000759 0.001246 
0.000923 0.000085 0.000753 0.001220 
0.000957 0.000107 0.000733 0.001209 
0.000876 0.000080 0.000707 0.001153 
0.000902 0.000100 0.000708 0.001152 
0.000902 0.000060 0.000772 0.001101 
0.000931 0.000080 0.000781 0.001165 
0.000916 0.000060 0.000770 0.001091 
0.000929 0.000073 0.000779 0.001168 
0.000915 0.000060 0.000765 0.001171 
0.000956 0.000069 0.000753 0.001230 
0.000961 0.000077 0.000773 0.001165 
0.000942 0.000073 0.000767 0.001126 
0.000947 0.000067 0.000819 0.001271 
0.000943 0.000075 0.000806 0.001136 
0.000928 0.000067 0.000785 0.001114 
0.000939 0.000064 0.000766 0.001171 
0.000944 0.000068 0.000777 0.001117 
0.000960 0.000077 0.000813 0.001134 
0.000928 0.000066 0.000788 0.001132 
0.000909 0.000053 0.000759 0.001164 
0.000881 0.000078 0.000707 0.001133 
0.000885 0.000065 0.000760 0.001059 
0.000876 0.000057 0.000678 0.001085 
0.000899 0.000070 0.000729 0.001117 
0.000904 0.000058 0.000762 0.001269 
0.000892 0.000077 0.000730 0.001159 
0.000875 0.000084 0.000691 0.001370 
0.000908 0.000072 0.000761 0.001261 
0.000874 0.000059 0.000686 0.001082 
0.000875 0.000047 0.000707 0.001020 
0.000865 0.000052 0.000740 0.001042 
0.000869 0.000063 0.000703 0.001212 
0.000871 0.000063 0.000741 0.001186 
0.000915 0.000056 0.000770 0.001122 
0.000928 0.000058 0.000760 0.001062 
0.000897 0.000063 0.000763 0.001246 
0.000938 0.000071 0.000809 0.001135 
0.000903 0.000066 0.000676 0.001041 
0.000945 0.000073 0.000757 0.001160 
0.000920 0.000067 0.000770 0.001197 
0.000897 0.000073 0.000728 0.001137 
0.000892 0.000083 0.000693 0.001249 
0.000878 0.000093 0.000678 0.001366 
0.000951 0.000059 0.000814 0.001078 
0.000921 0.000053 0.000769 0.001166 
0.000878 0.000070 0.000671 0.001128 
0.001033 0.000111 0.000836 0.001353 
0.001006 0.000093 0.000783 0.001345 
0.000994 0.000090 0.000802 0.001228 
0.001044 0.000120 0.000826 0.001429 
0.001016 0.000094 0.000814 0.001226 
0.001000 0.000096 0.000829 0.001300 
0.001038 0.000112 0.000818 0.001345 
0.000981 0.000075 0.000811 0.001171 
0.001023 0.000108 0.000851 0.001346 
0.001051 0.000115 0.000796 0.001428 
0.001032 0.000098 0.000815 0.001249 
0.001011 0.000112 0.000825 0.001264 
0.000972 0.000093 0.000758 0.001241 
0.000946 0.000085 0.000755 0.001168 
0.000950 0.000079 0.000713 0.001224 
0.000900 0.000080 0.000745 0.001225 
0.000944 0.000072 0.000769 0.001106 
0.000918 0.000079 0.000695 0.001126 
0.000947 0.000095 0.000708 0.001173 
0.000948 0.000082 0.000782 0.001202 
0.000930 0.000072 0.000754 0.001128 
0.000941 0.000084 0.000727 0.001219 
0.000978 0.000100 0.000751 0.001284 
0.000932 0.000088 0.000766 0.001264 
0.000970 0.000108 0.000750 0.001303 
0.000959 0.000056 0.000831 0.001140 
0.000956 0.000055 0.000821 0.001137 
0.000973 0.000071 0.000824 0.001181 
0.000962 0.000065 0.000838 0.001126 
0.000950 0.000060 0.000811 0.001188 
0.000927 0.000072 0.000762 0.001125 
0.000917 0.000061 0.000802 0.001098 
0.000970 0.000093 0.000786 0.001227 
0.000955 0.000068 0.000784 0.001150 
0.000906 0.000053 0.000801 0.001074 
0.000955 0.000081 0.000752 0.001271 
0.000974 0.000064 0.000807 0.001189 
0.000935 0.000061 0.000799 0.001147 
0.000909 0.000050 0.000777 0.001082 
0.000909 0.000069 0.000759 0.001096 
0.000945 0.000056 0.000802 0.001107 
0.000938 0.000072 0.000762 0.001113 
0.000959 0.000064 0.000760 0.001113 
0.000955 0.000067 0.000762 0.001147 
0.000914 0.000052 0.000744 0.001049 
0.000954 0.000072 0.000813 0.001155 
0.000924 0.000065 0.000737 0.001147 
0.000930 0.000067 0.000751 0.001081 
0.000896 0.000050 0.000788 0.001052 
0.000945 0.000079 0.000761 0.001164 
0.000923 0.000059 0.000757 0.001102 
0.000934 0.000055 0.000770 0.001080 
0.000911 0.000090 0.000738 0.001294 
0.000916 0.000108 0.000748 0.001385 
0.000929 0.000103 0.000768 0.001442 
0.000942 0.000107 0.000765 0.001337 
0.000957 0.000106 0.000758 0.001435 
0.000916 0.000109 0.000725 0.001741 
0.000961 0.000117 0.000766 0.001560 
0.000903 0.000104 0.000721 0.001339 
0.000947 0.000108 0.000763 0.001613 
0.000908 0.000105 0.000740 0.001349 
0.000912 0.000085 0.000792 0.001503 
0.000897 0.000085 0.000673 0.001224 
0.000924 0.000100 0.000772 0.001342 
