0.000890 0.000073 0.000734 0.001112 
0.000883 0.000058 0.000741 0.001093 
0.000895 0.000067 0.000722 0.001078 
0.000908 0.000070 0.000768 0.001131 
0.000892 0.000053 0.000767 0.001097 
0.000890 0.000072 0.000734 0.001201 
0.000865 0.000059 0.000726 0.001065 
0.000877 0.000069 0.000720 0.001076 
0.000856 0.000055 0.000750 0.001067 
0.000871 0.000053 0.000750 0.001253 
0.000880 0.000064 0.000756 0.001104 
0.000869 0.000056 0.000743 0.001123 
0.000895 0.000077 0.000712 0.001054 
0.000888 0.000066 0.000753 0.001078 
0.000861 0.000061 0.000731 0.001115 
0.000901 0.000061 0.000748 0.001073 
0.000940 0.000065 0.000759 0.001222 
0.000912 0.000060 0.000796 0.001091 
0.000876 0.000060 0.000716 0.001060 
0.000901 0.000067 0.000741 0.001142 
0.000878 0.000067 0.000733 0.001090 
0.000885 0.000078 0.000715 0.001111 
0.000906 0.000074 0.000732 0.001223 
0.000903 0.000062 0.000772 0.001134 
0.000894 0.000075 0.000728 0.001094 
0.000918 0.000063 0.000796 0.001095 
0.000934 0.000069 0.000775 0.001121 
0.000894 0.000076 0.000754 0.001204 
0.000934 0.000077 0.000774 0.001141 
0.000956 0.000077 0.000789 0.001144 
0.000928 0.000073 0.000770 0.001105 
0.000983 0.000086 0.000820 0.001235 
0.000896 0.000068 0.000768 0.001081 
0.000876 0.000074 0.000727 0.001123 
0.000928 0.000063 0.000796 0.001180 
0.000912 0.000069 0.000760 0.001104 
0.000953 0.000080 0.000738 0.001161 
0.000899 0.000069 0.000727 0.001357 
0.000899 0.000058 0.000779 0.001195 
0.000924 0.000084 0.000748 0.001410 
0.000872 0.000069 0.000738 0.001314 
0.000901 0.000075 0.000722 0.001319 
0.000896 0.000072 0.000768 0.001261 
0.000887 0.000055 0.000740 0.001128 
0.000917 0.000051 0.000798 0.001096 
0.000906 0.000071 0.000762 0.001325 
0.000893 0.000064 0.000730 0.001187 
0.000886 0.000060 0.000762 0.001113 
0.000935 0.000073 0.000770 0.001263 
0.000934 0.000070 0.000792 0.001143 
0.000908 0.000073 0.000770 0.001248 
0.000918 0.000067 0.000746 0.001207 
0.000944 0.000080 0.000765 0.001375 
0.000940 0.000070 0.000800 0.001243 
0.000947 0.000080 0.000766 0.001176 
0.000905 0.000055 0.000797 0.001107 
0.000937 0.000078 0.000797 0.001199 
0.000926 0.000075 0.000775 0.001221 
0.000893 0.000071 0.000727 0.001118 
0.000909 0.000061 0.000738 0.001065 
0.000867 0.000048 0.000758 0.001086 
0.000861 0.000064 0.000688 0.001092 
0.000850 0.000047 0.000724 0.001031 
0.000857 0.000055 0.000763 0.001111 
0.000855 0.000052 0.000741 0.001102 
0.000853 0.000050 0.000739 0.001046 
0.000862 0.000059 0.000746 0.001190 
0.000837 0.000047 0.000708 0.001055 
0.000849 0.000066 0.000702 0.001123 
0.000866 0.000065 0.000749 0.001058 
0.000910 0.000062 0.000745 0.001068 
0.000867 0.000080 0.000693 0.001126 
0.000895 0.000070 0.000687 0.001134 
0.000866 0.000065 0.000678 0.001193 
0.000889 0.000062 0.000750 0.001114 
0.000904 0.000064 0.000765 0.001063 
0.000888 0.000078 0.000713 0.001146 
0.000907 0.000072 0.000735 0.001198 
0.000881 0.000065 0.000729 0.001148 
0.000906 0.000069 0.000738 0.001141 
0.000880 0.000062 0.000745 0.001151 
0.000899 0.000067 0.000754 0.001121 
0.000913 0.000092 0.000681 0.001108 
0.000896 0.000072 0.000777 0.001176 
0.000887 0.000080 0.000685 0.001125 
0.000874 0.000061 0.000758 0.001061 
0.000910 0.000087 0.000778 0.001271 
0.000880 0.000065 0.000722 0.001208 
0.000870 0.000068 0.000733 0.001338 
0.000896 0.000081 0.000781 0.001373 
0.000893 0.000063 0.000767 0.001137 
0.000923 0.000079 0.000794 0.001300 
0.000920 0.000090 0.000787 0.001375 
0.000914 0.000093 0.000762 0.001368 
0.000939 0.000079 0.000813 0.001234 
0.000939 0.000094 0.000803 0.001419 
0.000899 0.000075 0.000759 0.001309 
0.000914 0.000072 0.000782 0.001287 
0.000935 0.000076 0.000799 0.001413 
0.000899 0.000094 0.000738 0.001282 
0.000876 0.000073 0.000679 0.001312 
0.000876 0.000077 0.000777 0.001360 
0.000879 0.000082 0.000719 0.001402 
0.000885 0.000060 0.000747 0.001259 
0.000935 0.000086 0.000758 0.001471 
0.000884 0.000085 0.000763 0.001378 
0.000906 0.000063 0.000728 0.001270 
0.000882 0.000096 0.000741 0.001502 
0.000903 0.000088 0.000736 0.001319 
0.000892 0.000068 0.000762 0.001471 
0.000863 0.000055 0.000753 0.001198 
0.000870 0.000062 0.000749 0.001265 
0.000886 0.000078 0.000748 0.001318 
0.000884 0.000093 0.000722 0.001391 
0.000885 0.000057 0.000772 0.001205 
0.000853 0.000071 0.000746 0.001343 
0.000857 0.000063 0.000761 0.001274 
0.000841 0.000044 0.000744 0.001129 
0.000886 0.000061 0.000755 0.001157 
0.000840 0.000075 0.000719 0.001316 
0.000887 0.000064 0.000765 0.001241 
0.000892 0.000073 0.000772 0.001260 
0.000844 0.000063 0.000735 0.001201 
0.000866 0.000055 0.000762 0.001241 
0.000878 0.000071 0.000739 0.001367 
0.000888 0.000054 0.000753 0.001164 
0.000830 0.000047 0.000730 0.001209 
0.000946 0.000059 0.000820 0.001094 
0.000883 0.000053 0.000770 0.001079 
0.000903 0.000063 0.000767 0.001035 
0.000935 0.000078 0.000773 0.001137 
0.000949 0.000065 0.000830 0.001104 
0.000896 0.000058 0.000769 0.001048 
0.000908 0.000073 0.000793 0.001150 
0.000920 0.000060 0.000771 0.001086 
0.000948 0.000083 0.000785 0.001160 
0.000952 0.000054 0.000852 0.001129 
0.000911 0.000057 0.000773 0.001029 
0.000905 0.000056 0.000790 0.001072 
0.000908 0.000083 0.000727 0.001202 
0.000914 0.000094 0.000721 0.001273 
0.000918 0.000072 0.000709 0.001196 
0.000905 0.000094 0.000648 0.001170 
0.000916 0.000094 0.000739 0.001191 
0.000888 0.000063 0.000727 0.001169 
0.000928 0.000092 0.000699 0.001173 
0.000952 0.000084 0.000737 0.001196 
0.000906 0.000067 0.000718 0.001210 
0.000908 0.000069 0.000713 0.001176 
0.000913 0.000070 0.000774 0.001150 
0.000919 0.000067 0.000772 0.001158 
0.000877 0.000061 0.000724 0.001070 
0.000914 0.000068 0.000772 0.001122 
0.000912 0.000065 0.000773 0.001137 
0.000914 0.000081 0.000729 0.001244 
0.000916 0.000091 0.000753 0.001228 
0.000904 0.000066 0.000762 0.001138 
0.000891 0.000057 0.000746 0.001085 
0.000877 0.000059 0.000736 0.001073 
0.000936 0.000076 0.000750 0.001140 
0.000905 0.000084 0.000724 0.001264 
0.000889 0.000073 0.000749 0.001229 
0.000906 0.000067 0.000766 0.001113 
0.000925 0.000075 0.000790 0.001209 
0.000902 0.000071 0.000757 0.001189 
0.000875 0.000057 0.000691 0.001094 
0.000879 0.000055 0.000743 0.001098 
0.000896 0.000052 0.000770 0.001137 
0.000889 0.000041 0.000782 0.001001 
0.000896 0.000047 0.000790 0.001100 
0.000896 0.000046 0.000801 0.001059 
0.000881 0.000052 0.000718 0.001188 
0.000923 0.000050 0.000826 0.001102 
0.000907 0.000065 0.000715 0.001087 
0.000914 0.000050 0.000791 0.001074 
0.000902 0.000062 0.000751 0.001118 
0.000890 0.000055 0.000735 0.001045 
0.000890 0.000047 0.000762 0.001120 
0.000861 0.000057 0.000757 0.001127 
0.000909 0.000059 0.000765 0.001158 
0.000863 0.000065 0.000742 0.001158 
0.000910 0.000059 0.000802 0.001154 
0.000930 0.000061 0.000742 0.001098 
0.000934 0.000059 0.000805 0.001111 
0.000879 0.000097 0.000694 0.001246 
0.000940 0.000089 0.000718 0.001215 
0.000864 0.000066 0.000729 0.001089 
0.000907 0.000074 0.000787 0.001171 
0.000877 0.000064 0.000712 0.001105 
0.000903 0.000078 0.000733 0.001205 
0.000881 0.000066 0.000730 0.001207 
0.000899 0.000078 0.000752 0.001172 
