0.000960 0.000105 0.000711 0.001204 
0.000954 0.000116 0.000669 0.001272 
0.000938 0.000116 0.000673 0.001215 
0.000955 0.000112 0.000718 0.001243 
0.000960 0.000110 0.000684 0.001207 
0.000961 0.000104 0.000693 0.001257 
0.000965 0.000104 0.000683 0.001206 
0.000969 0.000109 0.000701 0.001246 
0.000933 0.000107 0.000683 0.001157 
0.000940 0.000115 0.000685 0.001214 
0.000941 0.000106 0.000699 0.001192 
0.000929 0.000105 0.000677 0.001200 
0.000962 0.000111 0.000692 0.001233 
0.000935 0.000104 0.000669 0.001246 
0.000931 0.000111 0.000660 0.001200 
0.000930 0.000107 0.000674 0.001209 
0.000945 0.000111 0.000722 0.001288 
0.000953 0.000105 0.000734 0.001253 
0.000923 0.000109 0.000667 0.001264 
0.000947 0.000111 0.000668 0.001252 
0.000934 0.000109 0.000706 0.001300 
0.000914 0.000109 0.000680 0.001221 
0.000931 0.000114 0.000694 0.001289 
0.000944 0.000114 0.000667 0.001352 
0.000947 0.000118 0.000679 0.001276 
0.000908 0.000109 0.000666 0.001186 
0.000959 0.000115 0.000722 0.001222 
0.000943 0.000116 0.000632 0.001195 
0.000967 0.000108 0.000710 0.001230 
0.000963 0.000120 0.000720 0.001229 
0.000970 0.000115 0.000740 0.001259 
0.000946 0.000126 0.000682 0.001191 
0.000979 0.000118 0.000684 0.001264 
0.000957 0.000118 0.000706 0.001201 
0.000967 0.000114 0.000648 0.001241 
0.000936 0.000107 0.000661 0.001172 
0.000962 0.000111 0.000712 0.001205 
0.000928 0.000111 0.000734 0.001277 
0.000942 0.000099 0.000757 0.001261 
0.000958 0.000123 0.000776 0.001347 
0.000917 0.000112 0.000712 0.001225 
0.000921 0.000107 0.000737 0.001224 
0.000949 0.000120 0.000739 0.001303 
0.000929 0.000100 0.000696 0.001225 
0.000962 0.000115 0.000776 0.001311 
0.000930 0.000112 0.000760 0.001288 
0.000946 0.000114 0.000763 0.001283 
0.000927 0.000122 0.000727 0.001265 
0.000939 0.000112 0.000720 0.001257 
0.000950 0.000093 0.000772 0.001181 
0.000942 0.000090 0.000777 0.001147 
0.000962 0.000090 0.000738 0.001187 
0.000917 0.000086 0.000735 0.001166 
0.000968 0.000090 0.000744 0.001189 
0.000977 0.000090 0.000755 0.001236 
0.000949 0.000095 0.000765 0.001252 
0.000939 0.000087 0.000761 0.001170 
0.000963 0.000092 0.000767 0.001234 
0.000966 0.000093 0.000759 0.001300 
0.000954 0.000090 0.000754 0.001237 
0.000883 0.000105 0.000650 0.001207 
0.000879 0.000111 0.000621 0.001204 
0.000877 0.000105 0.000664 0.001176 
0.000904 0.000108 0.000621 0.001252 
0.000872 0.000110 0.000619 0.001235 
0.000878 0.000114 0.000667 0.001208 
0.000863 0.000096 0.000631 0.001122 
0.000859 0.000113 0.000656 0.001186 
0.000881 0.000112 0.000487 0.001239 
0.000863 0.000111 0.000644 0.001170 
0.000921 0.000100 0.000689 0.001194 
0.000899 0.000092 0.000664 0.001134 
0.000910 0.000103 0.000665 0.001209 
0.000906 0.000101 0.000682 0.001176 
0.000882 0.000103 0.000698 0.001186 
0.000944 0.000102 0.000698 0.001206 
0.000903 0.000099 0.000707 0.001163 
0.000912 0.000106 0.000681 0.001180 
0.000892 0.000105 0.000673 0.001203 
0.000924 0.000105 0.000702 0.001208 
0.000901 0.000107 0.000670 0.001189 
0.000913 0.000106 0.000698 0.001219 
0.000919 0.000107 0.000701 0.001171 
0.000922 0.000102 0.000688 0.001257 
0.000922 0.000090 0.000707 0.001180 
0.000905 0.000108 0.000669 0.001209 
0.000971 0.000101 0.000734 0.001350 
0.000929 0.000109 0.000710 0.001264 
0.000966 0.000105 0.000718 0.001326 
0.000974 0.000106 0.000706 0.001243 
0.000950 0.000110 0.000751 0.001246 
0.000955 0.000113 0.000686 0.001298 
0.000944 0.000109 0.000730 0.001290 
0.000956 0.000123 0.000721 0.001327 
0.000953 0.000118 0.000698 0.001258 
0.000966 0.000120 0.000653 0.001281 
0.000964 0.000105 0.000731 0.001279 
0.000958 0.000128 0.000684 0.001348 
0.000937 0.000122 0.000667 0.001208 
0.000914 0.000132 0.000660 0.001301 
0.000904 0.000094 0.000742 0.001147 
0.000917 0.000109 0.000713 0.001205 
0.000933 0.000090 0.000728 0.001198 
0.000899 0.000089 0.000750 0.001095 
0.000904 0.000086 0.000745 0.001102 
0.000891 0.000109 0.000687 0.001128 
0.000886 0.000099 0.000696 0.001112 
0.000909 0.000093 0.000728 0.001167 
0.000894 0.000092 0.000727 0.001089 
0.000887 0.000096 0.000708 0.001155 
0.000913 0.000095 0.000743 0.001160 
0.000905 0.000099 0.000715 0.001147 
0.000913 0.000088 0.000711 0.001158 
0.000913 0.000101 0.000746 0.001141 
0.000932 0.000096 0.000709 0.001205 
0.000875 0.000079 0.000704 0.001040 
0.000860 0.000106 0.000651 0.001079 
0.000881 0.000089 0.000650 0.001072 
0.000920 0.000085 0.000731 0.001097 
0.000857 0.000109 0.000505 0.001123 
0.000892 0.000097 0.000635 0.001129 
0.000864 0.000121 0.000499 0.001151 
0.000896 0.000066 0.000701 0.001055 
0.000863 0.000098 0.000680 0.001139 
0.000868 0.000107 0.000608 0.001083 
0.000876 0.000110 0.000600 0.001174 
0.000908 0.000083 0.000711 0.001190 
0.000950 0.000132 0.000675 0.001200 
0.000941 0.000126 0.000665 0.001245 
0.000907 0.000115 0.000694 0.001287 
0.000931 0.000113 0.000696 0.001229 
0.000921 0.000119 0.000678 0.001213 
0.000908 0.000126 0.000666 0.001239 
0.000909 0.000122 0.000654 0.001175 
0.000979 0.000108 0.000751 0.001223 
0.000911 0.000118 0.000705 0.001148 
0.000930 0.000115 0.000696 0.001285 
0.000931 0.000128 0.000683 0.001293 
0.000941 0.000123 0.000685 0.001374 
0.000906 0.000092 0.000724 0.001200 
0.000860 0.000095 0.000693 0.001079 
0.000874 0.000101 0.000693 0.001162 
0.000903 0.000097 0.000675 0.001191 
0.000890 0.000103 0.000691 0.001166 
0.000935 0.000097 0.000716 0.001130 
0.000909 0.000089 0.000723 0.001127 
0.000903 0.000098 0.000716 0.001126 
0.000923 0.000114 0.000694 0.001205 
0.000908 0.000106 0.000733 0.001268 
0.000901 0.000093 0.000745 0.001153 
0.000931 0.000104 0.000724 0.001229 
0.000901 0.000086 0.000721 0.001121 
0.000980 0.000119 0.000738 0.001342 
0.000960 0.000101 0.000710 0.001222 
0.000966 0.000108 0.000718 0.001245 
0.000975 0.000112 0.000737 0.001298 
0.000971 0.000110 0.000706 0.001301 
0.000946 0.000103 0.000718 0.001188 
0.000967 0.000096 0.000705 0.001225 
0.000951 0.000110 0.000715 0.001247 
0.000941 0.000095 0.000719 0.001176 
0.000954 0.000102 0.000697 0.001221 
0.000958 0.000106 0.000734 0.001257 
0.000967 0.000106 0.000719 0.001224 
0.000936 0.000106 0.000698 0.001220 
0.000936 0.000102 0.000717 0.001180 
0.000939 0.000086 0.000728 0.001148 
0.000928 0.000105 0.000687 0.001162 
0.000948 0.000091 0.000712 0.001205 
0.000932 0.000092 0.000731 0.001195 
0.000932 0.000101 0.000671 0.001193 
0.000906 0.000099 0.000695 0.001153 
0.000933 0.000096 0.000718 0.001174 
0.000922 0.000093 0.000715 0.001191 
0.000956 0.000096 0.000725 0.001210 
0.000927 0.000102 0.000701 0.001216 
0.000938 0.000104 0.000691 0.001179 
0.000937 0.000097 0.000717 0.001264 
0.000903 0.000112 0.000659 0.001207 
0.000928 0.000076 0.000784 0.001144 
0.000907 0.000093 0.000693 0.001134 
0.000931 0.000095 0.000739 0.001206 
0.000942 0.000087 0.000764 0.001138 
0.000934 0.000105 0.000755 0.001181 
0.000907 0.000086 0.000729 0.001137 
0.000933 0.000093 0.000783 0.001166 
0.000918 0.000075 0.000772 0.001116 
0.000904 0.000080 0.000750 0.001113 
0.000900 0.000086 0.000720 0.001098 
0.000931 0.000092 0.000722 0.001149 
0.000912 0.000088 0.000722 0.001151 
0.000901 0.000089 0.000724 0.001166 
