0.001106 0.000129 0.000873 0.001388 
0.001077 0.000123 0.000808 0.001355 
0.001064 0.000122 0.000862 0.001405 
0.001098 0.000131 0.000858 0.001382 
0.001096 0.000126 0.000851 0.001402 
0.001104 0.000121 0.000840 0.001342 
0.001106 0.000136 0.000853 0.001394 
0.001094 0.000117 0.000917 0.001360 
0.001070 0.000117 0.000860 0.001335 
0.001077 0.000115 0.000869 0.001332 
0.001087 0.000137 0.000846 0.001381 
0.001053 0.000116 0.000856 0.001314 
0.001095 0.000126 0.000877 0.001378 
0.001003 0.000083 0.000799 0.001225 
0.001012 0.000101 0.000763 0.001297 
0.001014 0.000082 0.000789 0.001316 
0.000996 0.000087 0.000785 0.001217 
0.000993 0.000078 0.000808 0.001219 
0.000991 0.000083 0.000798 0.001217 
0.001030 0.000107 0.000813 0.001549 
0.000989 0.000094 0.000799 0.001276 
0.001012 0.000080 0.000826 0.001307 
0.000983 0.000085 0.000802 0.001229 
0.001020 0.000089 0.000821 0.001313 
0.001007 0.000083 0.000818 0.001243 
0.000994 0.000083 0.000797 0.001219 
0.001073 0.000079 0.000856 0.001260 
0.001032 0.000074 0.000811 0.001232 
0.001077 0.000081 0.000825 0.001250 
0.001108 0.000094 0.000813 0.001340 
0.001097 0.000094 0.000794 0.001399 
0.001107 0.000094 0.000821 0.001395 
0.001073 0.000091 0.000794 0.001362 
0.001061 0.000098 0.000789 0.001331 
0.001086 0.000101 0.000799 0.001392 
0.001084 0.000099 0.000790 0.001386 
0.001072 0.000083 0.000819 0.001306 
0.001065 0.000122 0.000851 0.001304 
0.001080 0.000126 0.000868 0.001335 
0.001072 0.000128 0.000837 0.001337 
0.001081 0.000128 0.000846 0.001425 
0.001080 0.000146 0.000816 0.001442 
0.001083 0.000126 0.000849 0.001341 
0.001058 0.000127 0.000824 0.001319 
0.001098 0.000130 0.000891 0.001360 
0.001063 0.000129 0.000838 0.001297 
0.001084 0.000141 0.000844 0.001408 
0.001063 0.000137 0.000820 0.001334 
0.001074 0.000137 0.000820 0.001442 
0.001030 0.000108 0.000776 0.001293 
0.001034 0.000116 0.000803 0.001297 
0.001014 0.000103 0.000767 0.001310 
0.001009 0.000092 0.000774 0.001219 
0.001053 0.000123 0.000802 0.001321 
0.001017 0.000095 0.000782 0.001309 
0.001030 0.000120 0.000780 0.001396 
0.001028 0.000095 0.000809 0.001237 
0.001027 0.000108 0.000781 0.001302 
0.001022 0.000109 0.000811 0.001345 
0.001028 0.000099 0.000789 0.001248 
0.000966 0.000089 0.000782 0.001153 
0.000965 0.000089 0.000737 0.001166 
0.000963 0.000096 0.000758 0.001184 
0.000963 0.000097 0.000773 0.001181 
0.000953 0.000093 0.000732 0.001184 
0.000962 0.000089 0.000747 0.001204 
0.000962 0.000089 0.000759 0.001182 
0.000940 0.000097 0.000724 0.001164 
0.000966 0.000088 0.000745 0.001150 
0.000936 0.000094 0.000726 0.001126 
0.001039 0.000124 0.000818 0.001376 
0.001063 0.000121 0.000824 0.001423 
0.001041 0.000128 0.000759 0.001391 
0.001071 0.000108 0.000734 0.001330 
0.001021 0.000112 0.000797 0.001341 
0.001066 0.000123 0.000834 0.001366 
0.001056 0.000102 0.000829 0.001316 
0.001069 0.000110 0.000840 0.001349 
0.001040 0.000121 0.000795 0.001403 
0.001074 0.000142 0.000765 0.001490 
0.001064 0.000130 0.000799 0.001396 
0.001064 0.000119 0.000847 0.001337 
0.001051 0.000125 0.000802 0.001348 
0.001030 0.000114 0.000799 0.001395 
0.001065 0.000113 0.000848 0.001382 
0.001033 0.000106 0.000803 0.001259 
0.001111 0.000140 0.000842 0.001464 
0.001098 0.000137 0.000857 0.001450 
0.001132 0.000154 0.000850 0.001501 
0.001100 0.000144 0.000851 0.001530 
0.001106 0.000133 0.000830 0.001460 
0.001118 0.000132 0.000859 0.001403 
0.001098 0.000132 0.000812 0.001444 
0.001102 0.000126 0.000821 0.001398 
0.001104 0.000142 0.000815 0.001460 
0.001107 0.000137 0.000835 0.001459 
0.001087 0.000133 0.000824 0.001468 
0.001114 0.000141 0.000826 0.001466 
0.001102 0.000136 0.000824 0.001425 
0.001095 0.000133 0.000873 0.001439 
0.001017 0.000115 0.000792 0.001281 
0.001032 0.000121 0.000815 0.001359 
0.001019 0.000125 0.000779 0.001319 
0.001011 0.000111 0.000750 0.001273 
0.001028 0.000113 0.000793 0.001280 
0.001026 0.000127 0.000798 0.001326 
0.001023 0.000120 0.000785 0.001326 
0.001028 0.000123 0.000801 0.001375 
0.000997 0.000123 0.000772 0.001311 
0.001009 0.000112 0.000769 0.001284 
0.001012 0.000119 0.000762 0.001324 
0.001019 0.000117 0.000771 0.001284 
0.001031 0.000136 0.000760 0.001388 
0.001001 0.000126 0.000753 0.001338 
0.001059 0.000104 0.000844 0.001254 
0.001026 0.000108 0.000779 0.001213 
0.001059 0.000129 0.000783 0.001321 
0.001047 0.000116 0.000832 0.001265 
0.001036 0.000097 0.000845 0.001226 
0.001051 0.000114 0.000829 0.001264 
0.001052 0.000107 0.000830 0.001262 
0.001064 0.000113 0.000846 0.001286 
0.001017 0.000093 0.000825 0.001263 
0.001040 0.000104 0.000813 0.001222 
0.001051 0.000115 0.000838 0.001276 
0.001060 0.000127 0.000822 0.001265 
0.001042 0.000115 0.000785 0.001246 
0.001159 0.000135 0.000864 0.001561 
0.001144 0.000124 0.000892 0.001538 
0.001151 0.000145 0.000858 0.001519 
0.001155 0.000119 0.000881 0.001597 
0.001160 0.000142 0.000903 0.001523 
0.001170 0.000157 0.000853 0.001574 
0.001140 0.000136 0.000879 0.001510 
0.001175 0.000145 0.000890 0.001581 
0.001143 0.000161 0.000857 0.001640 
0.001168 0.000134 0.000889 0.001530 
0.001148 0.000128 0.000862 0.001616 
0.001136 0.000101 0.000877 0.001435 
0.001036 0.000072 0.000817 0.001294 
0.001036 0.000062 0.000860 0.001248 
0.001035 0.000074 0.000785 0.001350 
0.001071 0.000077 0.000830 0.001377 
0.001050 0.000069 0.000805 0.001281 
0.001074 0.000080 0.000767 0.001464 
0.001047 0.000080 0.000794 0.001384 
0.001055 0.000076 0.000806 0.001345 
0.001089 0.000076 0.000885 0.001368 
0.001054 0.000065 0.000865 0.001339 
0.001033 0.000069 0.000777 0.001319 
0.001052 0.000065 0.000821 0.001284 
0.001055 0.000075 0.000811 0.001427 
0.001104 0.000090 0.000855 0.001314 
0.001109 0.000091 0.000841 0.001335 
0.001094 0.000081 0.000848 0.001273 
0.001104 0.000106 0.000837 0.001333 
0.001114 0.000110 0.000819 0.001374 
0.001091 0.000088 0.000837 0.001253 
0.001103 0.000089 0.000837 0.001351 
0.001098 0.000097 0.000842 0.001382 
0.001070 0.000082 0.000797 0.001243 
0.001088 0.000095 0.000832 0.001318 
0.001083 0.000081 0.000815 0.001238 
0.001112 0.000100 0.000809 0.001340 
0.001068 0.000094 0.000781 0.001262 
0.001074 0.000129 0.000810 0.001367 
0.001086 0.000131 0.000833 0.001437 
0.001073 0.000132 0.000806 0.001375 
0.001112 0.000137 0.000851 0.001424 
0.001094 0.000137 0.000815 0.001385 
0.001089 0.000145 0.000793 0.001398 
0.001087 0.000149 0.000787 0.001426 
0.001120 0.000150 0.000803 0.001416 
0.001076 0.000132 0.000799 0.001394 
0.001104 0.000139 0.000831 0.001414 
0.001071 0.000137 0.000805 0.001361 
0.001079 0.000130 0.000807 0.001347 
0.001105 0.000148 0.000825 0.001509 
0.001067 0.000132 0.000808 0.001371 
0.001110 0.000145 0.000789 0.001578 
0.001088 0.000129 0.000820 0.001447 
0.001093 0.000143 0.000800 0.001483 
0.001099 0.000150 0.000817 0.001536 
0.001112 0.000156 0.000798 0.001556 
0.001102 0.000142 0.000819 0.001438 
0.001103 0.000143 0.000827 0.001537 
0.001079 0.000163 0.000780 0.001634 
0.001083 0.000149 0.000808 0.001578 
0.001097 0.000165 0.000809 0.001565 
0.001082 0.000155 0.000797 0.001473 
0.001086 0.000151 0.000813 0.001496 
0.001087 0.000150 0.000821 0.001492 
