0.001077 0.000122 0.000857 0.001518 
0.001079 0.000120 0.000834 0.001552 
0.001064 0.000132 0.000750 0.001634 
0.001045 0.000135 0.000817 0.001608 
0.001066 0.000118 0.000839 0.001619 
0.001072 0.000122 0.000773 0.001515 
0.001021 0.000121 0.000819 0.001569 
0.001073 0.000137 0.000855 0.001636 
0.001039 0.000120 0.000843 0.001597 
0.001059 0.000124 0.000819 0.001630 
0.001038 0.000124 0.000836 0.001590 
0.001035 0.000103 0.000820 0.001404 
0.001070 0.000131 0.000822 0.001617 
0.001014 0.000127 0.000799 0.001546 
0.001049 0.000127 0.000784 0.001594 
0.001054 0.000119 0.000819 0.001527 
0.001082 0.000140 0.000805 0.001554 
0.001060 0.000152 0.000788 0.001796 
0.001036 0.000114 0.000808 0.001544 
0.001037 0.000104 0.000822 0.001435 
0.001030 0.000125 0.000794 0.001543 
0.001050 0.000126 0.000815 0.001519 
0.001015 0.000133 0.000769 0.001589 
0.001008 0.000113 0.000770 0.001527 
0.001018 0.000130 0.000794 0.001564 
0.001042 0.000122 0.000771 0.001536 
0.001122 0.000146 0.000865 0.001746 
0.001039 0.000121 0.000812 0.001645 
0.001111 0.000123 0.000808 0.001680 
0.001155 0.000112 0.000914 0.001570 
0.001160 0.000121 0.000897 0.001760 
0.001150 0.000119 0.000884 0.001666 
0.001116 0.000129 0.000895 0.001687 
0.001152 0.000134 0.000847 0.001737 
0.001155 0.000125 0.000867 0.001762 
0.001104 0.000122 0.000852 0.001629 
0.001154 0.000116 0.000805 0.001633 
0.001021 0.000154 0.000806 0.001910 
0.001021 0.000152 0.000798 0.001853 
0.001047 0.000174 0.000813 0.001986 
0.001039 0.000148 0.000799 0.001901 
0.001012 0.000156 0.000799 0.001865 
0.001092 0.000170 0.000828 0.002053 
0.001005 0.000154 0.000815 0.001765 
0.001042 0.000188 0.000822 0.002028 
0.001029 0.000153 0.000806 0.001797 
0.001031 0.000194 0.000805 0.002110 
0.001050 0.000182 0.000815 0.001877 
0.001028 0.000217 0.000806 0.002120 
0.001048 0.000117 0.000821 0.001440 
0.001113 0.000113 0.000835 0.001506 
0.001052 0.000101 0.000846 0.001452 
0.001060 0.000118 0.000830 0.001537 
0.001077 0.000112 0.000812 0.001414 
0.001046 0.000098 0.000821 0.001375 
0.001118 0.000128 0.000837 0.001442 
0.001051 0.000111 0.000817 0.001505 
0.001022 0.000102 0.000819 0.001316 
0.001043 0.000095 0.000849 0.001445 
0.001045 0.000123 0.000808 0.001513 
0.000999 0.000177 0.000751 0.001677 
0.000996 0.000122 0.000712 0.001555 
0.000993 0.000170 0.000737 0.001742 
0.000997 0.000152 0.000785 0.001664 
0.001010 0.000129 0.000712 0.001534 
0.000995 0.000136 0.000682 0.001565 
0.000971 0.000152 0.000715 0.001559 
0.000915 0.000121 0.000719 0.001421 
0.000976 0.000142 0.000726 0.001930 
0.001002 0.000174 0.000774 0.001693 
0.001068 0.000179 0.000765 0.001542 
0.001048 0.000151 0.000759 0.001494 
0.001039 0.000132 0.000758 0.001455 
0.001063 0.000159 0.000743 0.001491 
0.001036 0.000149 0.000750 0.001488 
0.001120 0.000156 0.000767 0.001568 
0.001065 0.000132 0.000771 0.001399 
0.001068 0.000124 0.000784 0.001357 
0.001068 0.000167 0.000727 0.001555 
0.001051 0.000160 0.000766 0.001579 
0.001019 0.000135 0.000741 0.001348 
0.001080 0.000157 0.000749 0.001540 
0.001079 0.000116 0.000791 0.001526 
0.001064 0.000121 0.000819 0.001389 
0.001070 0.000166 0.000786 0.001654 
0.001010 0.000148 0.000721 0.001506 
0.001033 0.000143 0.000820 0.001586 
0.000992 0.000126 0.000773 0.001445 
0.001051 0.000126 0.000838 0.001622 
0.001015 0.000127 0.000818 0.001552 
0.001012 0.000141 0.000768 0.001530 
0.001043 0.000111 0.000821 0.001461 
0.001035 0.000164 0.000795 0.001691 
0.001106 0.000121 0.000804 0.001482 
0.001030 0.000127 0.000826 0.001588 
0.001033 0.000184 0.000780 0.001578 
0.001002 0.000117 0.000807 0.001515 
0.001070 0.000140 0.000821 0.001513 
0.001063 0.000120 0.000809 0.001423 
0.001025 0.000118 0.000795 0.001442 
0.000979 0.000126 0.000799 0.001761 
0.000956 0.000135 0.000772 0.001765 
0.000967 0.000145 0.000781 0.001770 
0.000968 0.000099 0.000829 0.001634 
0.001039 0.000157 0.000844 0.001853 
0.000998 0.000138 0.000761 0.001791 
0.001015 0.000165 0.000788 0.001705 
0.001019 0.000114 0.000811 0.001559 
0.000996 0.000125 0.000784 0.001638 
0.000980 0.000107 0.000802 0.001563 
0.000973 0.000132 0.000781 0.001745 
0.000961 0.000137 0.000750 0.001725 
0.001023 0.000182 0.000788 0.001835 
0.001029 0.000132 0.000821 0.001667 
0.000965 0.000126 0.000760 0.001317 
0.000907 0.000117 0.000667 0.001240 
0.000950 0.000132 0.000722 0.001374 
0.000952 0.000143 0.000716 0.001377 
0.000970 0.000112 0.000759 0.001296 
0.000990 0.000128 0.000721 0.001404 
0.001005 0.000109 0.000720 0.001270 
0.000947 0.000125 0.000743 0.001323 
0.000972 0.000104 0.000776 0.001368 
0.001022 0.000135 0.000775 0.001450 
0.000974 0.000103 0.000775 0.001375 
0.000983 0.000104 0.000778 0.001431 
0.000972 0.000118 0.000781 0.001374 
0.001055 0.000092 0.000842 0.001362 
0.001082 0.000096 0.000877 0.001499 
0.001089 0.000114 0.000841 0.001322 
0.001023 0.000135 0.000816 0.001548 
0.001073 0.000096 0.000910 0.001417 
0.001085 0.000082 0.000918 0.001387 
0.000999 0.000098 0.000773 0.001235 
0.001116 0.000134 0.000889 0.001471 
0.001017 0.000103 0.000835 0.001297 
0.001080 0.000099 0.000858 0.001368 
0.001076 0.000119 0.000839 0.001386 
0.001065 0.000108 0.000856 0.001433 
0.001004 0.000137 0.000718 0.001369 
0.000970 0.000110 0.000757 0.001385 
0.001007 0.000133 0.000723 0.001424 
0.001069 0.000141 0.000740 0.001426 
0.001098 0.000123 0.000827 0.001509 
0.001084 0.000140 0.000835 0.001458 
0.001054 0.000125 0.000805 0.001527 
0.001078 0.000113 0.000821 0.001420 
0.001156 0.000166 0.000819 0.001684 
0.001105 0.000146 0.000734 0.001430 
0.001033 0.000114 0.000796 0.001390 
0.001099 0.000141 0.000812 0.001496 
0.001034 0.000160 0.000789 0.001758 
0.001070 0.000102 0.000855 0.001392 
0.001100 0.000097 0.000863 0.001379 
0.001131 0.000128 0.000835 0.001506 
0.001132 0.000135 0.000836 0.001406 
0.001090 0.000098 0.000836 0.001349 
0.001108 0.000140 0.000841 0.001538 
0.001074 0.000095 0.000843 0.001351 
0.001089 0.000142 0.000868 0.001484 
0.001076 0.000119 0.000841 0.001372 
0.001056 0.000091 0.000865 0.001307 
0.001055 0.000099 0.000846 0.001329 
0.001072 0.000104 0.000843 0.001314 
0.001049 0.000111 0.000859 0.001395 
0.001038 0.000068 0.000839 0.001192 
0.001020 0.000067 0.000845 0.001170 
0.001005 0.000083 0.000841 0.001291 
0.001017 0.000086 0.000837 0.001288 
0.001051 0.000099 0.000811 0.001310 
0.001005 0.000089 0.000804 0.001321 
0.000988 0.000087 0.000804 0.001235 
0.001025 0.000090 0.000849 0.001250 
0.001007 0.000097 0.000813 0.001289 
0.001026 0.000081 0.000850 0.001363 
0.001037 0.000112 0.000830 0.001487 
0.000989 0.000081 0.000806 0.001250 
0.001041 0.000091 0.000797 0.001348 
0.001014 0.000092 0.000784 0.001253 
0.000993 0.000129 0.000833 0.001546 
0.000960 0.000125 0.000769 0.001386 
0.000998 0.000126 0.000743 0.001361 
0.001027 0.000111 0.000876 0.001423 
0.001053 0.000151 0.000864 0.001704 
0.001009 0.000123 0.000830 0.001367 
0.000980 0.000116 0.000797 0.001351 
0.001015 0.000104 0.000892 0.001456 
0.000977 0.000107 0.000821 0.001426 
0.000992 0.000112 0.000812 0.001474 
0.000988 0.000101 0.000796 0.001285 
0.000986 0.000108 0.000800 0.001442 
0.000980 0.000114 0.000795 0.001370 
