0.000892 0.000120 0.000636 0.001282 
0.000852 0.000109 0.000613 0.001202 
0.000860 0.000106 0.000640 0.001181 
0.000886 0.000123 0.000640 0.001291 
0.000903 0.000117 0.000667 0.001244 
0.000887 0.000120 0.000622 0.001303 
0.000874 0.000113 0.000633 0.001261 
0.000901 0.000108 0.000676 0.001214 
0.000849 0.000113 0.000579 0.001175 
0.000895 0.000107 0.000638 0.001242 
0.000857 0.000115 0.000611 0.001185 
0.000850 0.000099 0.000600 0.001111 
0.000885 0.000121 0.000615 0.001253 
0.000853 0.000112 0.000625 0.001192 
0.000837 0.000098 0.000615 0.001182 
0.000814 0.000096 0.000604 0.001094 
0.000825 0.000096 0.000612 0.001155 
0.000854 0.000106 0.000579 0.001194 
0.000814 0.000101 0.000587 0.001114 
0.000847 0.000114 0.000606 0.001233 
0.000835 0.000108 0.000623 0.001237 
0.000824 0.000101 0.000610 0.001105 
0.000817 0.000103 0.000596 0.001128 
0.000834 0.000116 0.000540 0.001205 
0.000837 0.000107 0.000623 0.001111 
0.000819 0.000095 0.000606 0.001124 
0.000844 0.000092 0.000611 0.001086 
0.000827 0.000092 0.000624 0.001042 
0.000869 0.000103 0.000642 0.001134 
0.000855 0.000102 0.000566 0.001106 
0.000863 0.000099 0.000647 0.001153 
0.000857 0.000098 0.000631 0.001141 
0.000841 0.000090 0.000613 0.001076 
0.000815 0.000089 0.000592 0.001053 
0.000864 0.000093 0.000604 0.001144 
0.000844 0.000108 0.000617 0.001254 
0.000884 0.000087 0.000671 0.001114 
0.000846 0.000090 0.000614 0.001073 
0.000846 0.000096 0.000610 0.001076 
0.000829 0.000099 0.000604 0.001112 
0.000830 0.000097 0.000579 0.001121 
0.000843 0.000095 0.000587 0.001098 
0.000831 0.000101 0.000606 0.001106 
0.000840 0.000093 0.000553 0.001106 
0.000846 0.000090 0.000639 0.001064 
0.000834 0.000095 0.000616 0.001094 
0.000840 0.000091 0.000637 0.001062 
0.000824 0.000095 0.000598 0.001088 
0.000844 0.000086 0.000638 0.001137 
0.000892 0.000104 0.000685 0.001154 
0.000853 0.000105 0.000643 0.001275 
0.000883 0.000108 0.000642 0.001244 
0.000862 0.000087 0.000667 0.001090 
0.000879 0.000105 0.000655 0.001179 
0.000890 0.000102 0.000641 0.001181 
0.000865 0.000102 0.000671 0.001176 
0.000874 0.000102 0.000656 0.001148 
0.000872 0.000097 0.000637 0.001150 
0.000877 0.000103 0.000636 0.001183 
0.000910 0.000115 0.000646 0.001235 
0.000821 0.000096 0.000601 0.001086 
0.000816 0.000098 0.000582 0.001105 
0.000811 0.000095 0.000601 0.001103 
0.000817 0.000098 0.000607 0.001074 
0.000794 0.000099 0.000566 0.001079 
0.000812 0.000092 0.000585 0.001075 
0.000810 0.000096 0.000584 0.001073 
0.000801 0.000089 0.000607 0.001058 
0.000841 0.000090 0.000591 0.001114 
0.000798 0.000090 0.000575 0.001059 
0.000827 0.000082 0.000638 0.001066 
0.000815 0.000090 0.000627 0.001088 
0.000829 0.000086 0.000651 0.001090 
0.000822 0.000090 0.000636 0.001128 
0.000829 0.000080 0.000670 0.001096 
0.000851 0.000091 0.000646 0.001175 
0.000855 0.000085 0.000668 0.001119 
0.000841 0.000081 0.000652 0.001129 
0.000822 0.000081 0.000633 0.001077 
0.000836 0.000087 0.000666 0.001155 
0.000823 0.000081 0.000642 0.001107 
0.000838 0.000084 0.000668 0.001110 
0.000834 0.000086 0.000652 0.001085 
0.000820 0.000086 0.000618 0.001142 
0.000825 0.000082 0.000644 0.001106 
0.000813 0.000095 0.000588 0.001091 
0.000877 0.000109 0.000608 0.001157 
0.000849 0.000103 0.000604 0.001174 
0.000875 0.000106 0.000622 0.001120 
0.000864 0.000103 0.000601 0.001090 
0.000866 0.000103 0.000628 0.001117 
0.000888 0.000105 0.000644 0.001207 
0.000846 0.000098 0.000593 0.001080 
0.000870 0.000105 0.000628 0.001156 
0.000878 0.000100 0.000630 0.001137 
0.000869 0.000096 0.000647 0.001120 
0.000862 0.000104 0.000624 0.001109 
0.000898 0.000107 0.000651 0.001218 
0.000890 0.000103 0.000644 0.001182 
0.000856 0.000103 0.000633 0.001151 
0.000860 0.000079 0.000652 0.001138 
0.000859 0.000087 0.000622 0.001145 
0.000891 0.000089 0.000680 0.001156 
0.000841 0.000085 0.000628 0.001129 
0.000852 0.000088 0.000601 0.001139 
0.000847 0.000083 0.000663 0.001163 
0.000845 0.000083 0.000664 0.001118 
0.000852 0.000086 0.000652 0.001146 
0.000865 0.000078 0.000658 0.001148 
0.000851 0.000088 0.000631 0.001171 
0.000843 0.000078 0.000621 0.001133 
0.000832 0.000080 0.000662 0.001141 
0.000852 0.000076 0.000652 0.001168 
0.000827 0.000086 0.000616 0.001146 
0.000871 0.000107 0.000633 0.001195 
0.000880 0.000108 0.000611 0.001201 
0.000882 0.000114 0.000646 0.001257 
0.000862 0.000118 0.000620 0.001215 
0.000881 0.000106 0.000638 0.001156 
0.000874 0.000114 0.000661 0.001277 
0.000878 0.000111 0.000627 0.001171 
0.000873 0.000106 0.000642 0.001292 
0.000831 0.000094 0.000621 0.001122 
0.000861 0.000103 0.000640 0.001172 
0.000881 0.000122 0.000600 0.001229 
0.000869 0.000117 0.000602 0.001178 
0.000868 0.000114 0.000640 0.001173 
0.000855 0.000105 0.000562 0.001123 
0.000847 0.000112 0.000597 0.001123 
0.000857 0.000112 0.000598 0.001166 
0.000849 0.000099 0.000617 0.001089 
0.000859 0.000105 0.000620 0.001117 
0.000853 0.000107 0.000621 0.001146 
0.000869 0.000105 0.000614 0.001172 
0.000866 0.000103 0.000654 0.001113 
0.000848 0.000110 0.000581 0.001137 
0.000857 0.000113 0.000591 0.001132 
0.000851 0.000106 0.000579 0.001142 
0.000831 0.000104 0.000597 0.001133 
0.000881 0.000089 0.000673 0.001117 
0.000837 0.000089 0.000613 0.001037 
0.000848 0.000089 0.000645 0.001056 
0.000841 0.000086 0.000643 0.001050 
0.000839 0.000088 0.000614 0.001055 
0.000874 0.000096 0.000645 0.001157 
0.000853 0.000092 0.000639 0.001077 
0.000863 0.000088 0.000644 0.001107 
0.000866 0.000094 0.000647 0.001077 
0.000863 0.000094 0.000649 0.001108 
0.000857 0.000087 0.000641 0.001105 
0.000829 0.000082 0.000657 0.001050 
0.000846 0.000087 0.000634 0.001068 
0.000880 0.000110 0.000678 0.001243 
0.000888 0.000122 0.000664 0.001221 
0.000894 0.000111 0.000687 0.001254 
0.000885 0.000098 0.000690 0.001172 
0.000898 0.000113 0.000689 0.001251 
0.000873 0.000099 0.000676 0.001236 
0.000867 0.000107 0.000663 0.001347 
0.000863 0.000096 0.000659 0.001104 
0.000872 0.000108 0.000655 0.001145 
0.000856 0.000090 0.000659 0.001139 
0.000861 0.000094 0.000676 0.001147 
0.000880 0.000116 0.000659 0.001184 
0.000867 0.000108 0.000652 0.001198 
0.000845 0.000107 0.000610 0.001197 
0.000840 0.000098 0.000629 0.001173 
0.000849 0.000098 0.000619 0.001198 
0.000871 0.000109 0.000646 0.001242 
0.000864 0.000106 0.000637 0.001191 
0.000870 0.000114 0.000624 0.001224 
0.000839 0.000102 0.000594 0.001214 
0.000859 0.000109 0.000629 0.001259 
0.000832 0.000097 0.000594 0.001086 
0.000872 0.000102 0.000628 0.001183 
0.000834 0.000098 0.000617 0.001166 
0.000847 0.000112 0.000617 0.001246 
0.000877 0.000106 0.000647 0.001198 
0.000846 0.000099 0.000625 0.001157 
0.000876 0.000076 0.000715 0.001165 
0.000814 0.000097 0.000627 0.001141 
0.000840 0.000083 0.000654 0.001095 
0.000857 0.000098 0.000663 0.001173 
0.000820 0.000097 0.000660 0.001228 
0.000813 0.000102 0.000635 0.001171 
0.000915 0.000089 0.000722 0.001204 
0.000803 0.000081 0.000622 0.001066 
0.000871 0.000092 0.000706 0.001188 
0.000830 0.000094 0.000647 0.001172 
0.000876 0.000086 0.000720 0.001191 
0.000814 0.000109 0.000630 0.001165 
0.000819 0.000096 0.000659 0.001183 
