0.001006 0.000047 0.000887 0.001097 
0.000987 0.000033 0.000924 0.001097 
0.000978 0.000036 0.000883 0.001053 
0.000983 0.000036 0.000899 0.001101 
0.001013 0.000046 0.000887 0.001110 
0.001019 0.000035 0.000940 0.001134 
0.001030 0.000045 0.000896 0.001145 
0.001024 0.000031 0.000944 0.001090 
0.000980 0.000028 0.000907 0.001032 
0.000989 0.000042 0.000892 0.001070 
0.000995 0.000052 0.000890 0.001107 
0.001029 0.000048 0.000898 0.001122 
0.000998 0.000049 0.000887 0.001098 
0.001054 0.000060 0.000892 0.001197 
0.001062 0.000062 0.000890 0.001255 
0.001057 0.000060 0.000911 0.001213 
0.001036 0.000053 0.000926 0.001186 
0.001055 0.000075 0.000869 0.001341 
0.001047 0.000057 0.000936 0.001236 
0.001060 0.000056 0.000911 0.001235 
0.001070 0.000057 0.000922 0.001244 
0.001040 0.000058 0.000925 0.001183 
0.001011 0.000046 0.000922 0.001135 
0.001037 0.000061 0.000898 0.001191 
0.001035 0.000061 0.000902 0.001235 
0.001025 0.000055 0.000909 0.001225 
0.000938 0.000033 0.000870 0.001012 
0.000969 0.000038 0.000882 0.001046 
0.000948 0.000032 0.000867 0.001018 
0.000967 0.000058 0.000886 0.001113 
0.000977 0.000050 0.000888 0.001093 
0.000943 0.000056 0.000842 0.001053 
0.000964 0.000052 0.000865 0.001098 
0.000938 0.000046 0.000843 0.001048 
0.000980 0.000048 0.000907 0.001090 
0.000932 0.000046 0.000841 0.001025 
0.000955 0.000049 0.000862 0.001118 
0.001031 0.000036 0.000932 0.001106 
0.001056 0.000042 0.000954 0.001156 
0.001070 0.000046 0.000980 0.001155 
0.001056 0.000049 0.000930 0.001162 
0.001066 0.000040 0.000967 0.001147 
0.001062 0.000050 0.000963 0.001182 
0.001047 0.000030 0.000969 0.001108 
0.001079 0.000037 0.000990 0.001156 
0.001063 0.000046 0.000953 0.001194 
0.001041 0.000055 0.000928 0.001150 
0.001041 0.000041 0.000954 0.001141 
0.001030 0.000047 0.000941 0.001127 
0.001064 0.000048 0.000907 0.001190 
0.001052 0.000049 0.000918 0.001162 
0.001029 0.000047 0.000889 0.001125 
0.001026 0.000062 0.000867 0.001156 
0.001042 0.000055 0.000946 0.001166 
0.001077 0.000073 0.000924 0.001211 
0.001032 0.000052 0.000891 0.001177 
0.001032 0.000048 0.000938 0.001142 
0.001060 0.000057 0.000938 0.001188 
0.001025 0.000056 0.000900 0.001142 
0.001053 0.000047 0.000912 0.001162 
0.001085 0.000076 0.000962 0.001252 
0.001084 0.000072 0.000972 0.001222 
0.001083 0.000071 0.000951 0.001203 
0.001110 0.000055 0.000971 0.001240 
0.001077 0.000072 0.000964 0.001221 
0.001097 0.000074 0.000951 0.001269 
0.001087 0.000054 0.000972 0.001207 
0.001067 0.000079 0.000930 0.001201 
0.001082 0.000069 0.000964 0.001221 
0.001051 0.000074 0.000889 0.001176 
0.001001 0.000044 0.000926 0.001111 
0.000997 0.000044 0.000888 0.001084 
0.001017 0.000043 0.000902 0.001123 
0.001042 0.000059 0.000892 0.001185 
0.001019 0.000056 0.000883 0.001141 
0.001057 0.000046 0.000952 0.001154 
0.001022 0.000051 0.000894 0.001137 
0.001021 0.000050 0.000913 0.001151 
0.001025 0.000040 0.000909 0.001108 
0.001033 0.000040 0.000935 0.001129 
0.001022 0.000044 0.000909 0.001099 
0.001025 0.000048 0.000909 0.001119 
0.001035 0.000049 0.000924 0.001141 
0.001008 0.000054 0.000874 0.001146 
0.001014 0.000056 0.000886 0.001141 
0.001029 0.000043 0.000931 0.001141 
0.001010 0.000056 0.000858 0.001128 
0.001058 0.000070 0.000878 0.001181 
0.001037 0.000053 0.000902 0.001147 
0.001023 0.000043 0.000947 0.001139 
0.000987 0.000044 0.000906 0.001108 
0.001001 0.000049 0.000923 0.001151 
0.001019 0.000054 0.000887 0.001116 
0.001024 0.000055 0.000920 0.001164 
0.000987 0.000042 0.000921 0.001119 
0.000973 0.000045 0.000848 0.001078 
0.001049 0.000053 0.000919 0.001165 
0.000981 0.000054 0.000878 0.001162 
0.000990 0.000061 0.000867 0.001170 
0.001044 0.000069 0.000919 0.001224 
0.001005 0.000044 0.000885 0.001104 
0.001032 0.000042 0.000937 0.001143 
0.000995 0.000040 0.000923 0.001096 
0.001017 0.000055 0.000934 0.001202 
0.000982 0.000041 0.000911 0.001140 
0.000983 0.000039 0.000907 0.001080 
0.000989 0.000039 0.000902 0.001097 
0.000978 0.000047 0.000884 0.001165 
0.000990 0.000042 0.000915 0.001098 
0.000981 0.000049 0.000862 0.001128 
0.001008 0.000051 0.000929 0.001135 
0.000975 0.000047 0.000864 0.001097 
0.001002 0.000040 0.000909 0.001104 
0.000984 0.000035 0.000913 0.001082 
0.001042 0.000067 0.000922 0.001256 
0.001015 0.000066 0.000871 0.001229 
0.001030 0.000063 0.000909 0.001248 
0.001042 0.000062 0.000917 0.001256 
0.001026 0.000074 0.000921 0.001234 
0.001025 0.000068 0.000856 0.001242 
0.001065 0.000049 0.000914 0.001172 
0.001046 0.000050 0.000963 0.001224 
0.000973 0.000062 0.000855 0.001134 
0.001003 0.000069 0.000879 0.001249 
0.001029 0.000077 0.000884 0.001273 
0.001027 0.000069 0.000923 0.001258 
0.000980 0.000074 0.000866 0.001257 
0.001052 0.000034 0.000971 0.001146 
0.001066 0.000052 0.000937 0.001228 
0.001042 0.000051 0.000930 0.001218 
0.001044 0.000048 0.000940 0.001155 
0.001040 0.000055 0.000906 0.001155 
0.001026 0.000044 0.000928 0.001148 
0.001009 0.000045 0.000901 0.001098 
0.001046 0.000050 0.000943 0.001163 
0.001002 0.000045 0.000903 0.001093 
0.001052 0.000052 0.000892 0.001159 
0.001071 0.000045 0.000989 0.001205 
0.001054 0.000043 0.000978 0.001181 
0.000978 0.000051 0.000864 0.001084 
0.000951 0.000047 0.000822 0.001053 
0.000957 0.000055 0.000815 0.001070 
0.000963 0.000059 0.000862 0.001103 
0.000963 0.000051 0.000854 0.001066 
0.000994 0.000056 0.000874 0.001122 
0.000958 0.000054 0.000850 0.001077 
0.000986 0.000058 0.000855 0.001097 
0.000986 0.000067 0.000832 0.001137 
0.000947 0.000067 0.000795 0.001115 
0.000974 0.000040 0.000876 0.001061 
0.000990 0.000057 0.000869 0.001101 
0.000967 0.000046 0.000885 0.001129 
0.001043 0.000059 0.000896 0.001158 
0.001021 0.000069 0.000863 0.001179 
0.001035 0.000048 0.000933 0.001134 
0.001003 0.000054 0.000889 0.001111 
0.001001 0.000057 0.000892 0.001136 
0.000986 0.000055 0.000879 0.001092 
0.001034 0.000067 0.000913 0.001237 
0.001023 0.000064 0.000905 0.001144 
0.000970 0.000055 0.000877 0.001076 
0.000975 0.000066 0.000863 0.001107 
0.000959 0.000056 0.000848 0.001101 
0.000993 0.000067 0.000856 0.001138 
0.000987 0.000056 0.000881 0.001098 
0.001028 0.000034 0.000912 0.001102 
0.001010 0.000040 0.000895 0.001071 
0.001016 0.000030 0.000952 0.001076 
0.001063 0.000047 0.000946 0.001188 
0.001006 0.000039 0.000913 0.001096 
0.001040 0.000051 0.000924 0.001167 
0.001011 0.000039 0.000934 0.001108 
0.001020 0.000045 0.000904 0.001102 
0.001004 0.000031 0.000897 0.001075 
0.001033 0.000039 0.000924 0.001121 
0.001008 0.000041 0.000923 0.001103 
0.001002 0.000025 0.000945 0.001048 
0.001029 0.000047 0.000914 0.001104 
0.001004 0.000032 0.000927 0.001072 
0.001052 0.000040 0.000972 0.001149 
0.000983 0.000047 0.000901 0.001123 
0.000970 0.000036 0.000905 0.001061 
0.001000 0.000035 0.000908 0.001107 
0.001030 0.000030 0.000913 0.001092 
0.000980 0.000033 0.000923 0.001088 
0.000989 0.000032 0.000914 0.001108 
0.000982 0.000033 0.000896 0.001060 
0.000984 0.000040 0.000911 0.001080 
0.001017 0.000036 0.000924 0.001138 
0.001003 0.000033 0.000925 0.001100 
0.000995 0.000039 0.000899 0.001093 
0.000962 0.000033 0.000884 0.001123 
