0.001359 0.000027 0.001340 0.001377 
0.001188 0.000074 0.001136 0.001241 
0.001134 0.000000 0.001134 0.001135 
0.001258 0.000079 0.001202 0.001314 
0.001360 0.000024 0.001343 0.001378 
0.001162 0.000006 0.001158 0.001166 
0.001202 0.000159 0.001090 0.001315 
0.001216 0.000079 0.001160 0.001273 
0.001286 0.000111 0.001207 0.001365 
0.001287 0.000133 0.001193 0.001381 
0.001289 0.000021 0.001274 0.001304 
0.001146 0.000007 0.001141 0.001151 
0.001259 0.000141 0.001159 0.001358 
0.001231 0.000050 0.001195 0.001266 
0.001141 0.000045 0.001110 0.001173 
0.001146 0.000047 0.001113 0.001180 
0.001105 0.000056 0.001066 0.001144 
0.001132 0.000038 0.001105 0.001159 
0.001175 0.000017 0.001163 0.001187 
0.001190 0.000030 0.001169 0.001212 
0.001148 0.000064 0.001103 0.001193 
0.001153 0.000041 0.001124 0.001182 
0.001046 0.000013 0.001037 0.001056 
0.001086 0.000156 0.000975 0.001196 
0.001220 0.000006 0.001216 0.001225 
0.001004 0.000126 0.000915 0.001093 
0.001060 0.000001 0.001059 0.001061 
0.000953 0.000063 0.000908 0.000998 
0.001086 0.000016 0.001074 0.001097 
0.001170 0.000014 0.001160 0.001180 
0.001145 0.000004 0.001142 0.001147 
0.001050 0.000047 0.001016 0.001083 
0.001147 0.000054 0.001109 0.001185 
0.001054 0.000001 0.001053 0.001055 
0.001141 0.000005 0.001138 0.001144 
0.000954 0.000017 0.000942 0.000966 
0.001011 0.000072 0.000960 0.001062 
0.001240 0.000000 0.001240 0.001241 
0.001086 0.000111 0.001008 0.001164 
0.001185 0.000018 0.001172 0.001197 
0.001080 0.000105 0.001006 0.001155 
0.001186 0.000020 0.001172 0.001200 
0.001052 0.000074 0.000999 0.001104 
0.001203 0.000015 0.001193 0.001214 
0.001274 0.000083 0.001215 0.001333 
0.001107 0.000120 0.001023 0.001192 
0.001086 0.000086 0.001026 0.001147 
0.001104 0.000159 0.000991 0.001216 
0.001104 0.000100 0.001033 0.001175 
0.001379 0.000032 0.001356 0.001402 
0.001193 0.000128 0.001103 0.001283 
0.001295 0.000241 0.001124 0.001465 
0.001301 0.000062 0.001257 0.001345 
0.001128 0.000049 0.001093 0.001163 
0.001374 0.000069 0.001325 0.001424 
0.001392 0.000047 0.001359 0.001425 
0.001388 0.000007 0.001384 0.001393 
0.001218 0.000162 0.001103 0.001333 
0.001264 0.000176 0.001139 0.001388 
0.001280 0.000260 0.001096 0.001464 
0.000988 0.000088 0.000926 0.001050 
0.001058 0.000034 0.001034 0.001082 
0.001116 0.000029 0.001095 0.001137 
0.001060 0.000116 0.000978 0.001142 
0.000984 0.000067 0.000936 0.001031 
0.001073 0.000018 0.001061 0.001086 
0.001117 0.000025 0.001099 0.001134 
0.001010 0.000120 0.000925 0.001095 
0.001056 0.000012 0.001048 0.001065 
0.001049 0.000038 0.001022 0.001075 
0.001286 0.000104 0.001213 0.001360 
0.001299 0.000008 0.001293 0.001304 
0.001145 0.000020 0.001131 0.001159 
0.001213 0.000122 0.001127 0.001300 
0.001059 0.000007 0.001054 0.001064 
0.001403 0.000052 0.001367 0.001440 
0.001350 0.000005 0.001346 0.001353 
0.001166 0.000019 0.001152 0.001180 
0.001164 0.000043 0.001134 0.001194 
0.001123 0.000074 0.001071 0.001176 
0.001284 0.000158 0.001172 0.001396 
0.001125 0.000024 0.001108 0.001142 
0.001195 0.000167 0.001077 0.001313 
0.001149 0.000001 0.001148 0.001149 
0.001299 0.000026 0.001280 0.001317 
0.001270 0.000225 0.001111 0.001429 
0.001061 0.000003 0.001059 0.001064 
0.001047 0.000043 0.001016 0.001077 
0.001013 0.000065 0.000967 0.001059 
0.001057 0.000046 0.001024 0.001089 
0.001052 0.000115 0.000971 0.001133 
0.001143 0.000028 0.001123 0.001163 
0.001049 0.000059 0.001008 0.001091 
0.001177 0.000024 0.001160 0.001195 
0.001079 0.000117 0.000996 0.001162 
0.001084 0.000008 0.001078 0.001090 
0.001024 0.000010 0.001017 0.001032 
0.001052 0.000089 0.000988 0.001115 
0.001132 0.000127 0.001043 0.001222 
0.001110 0.000044 0.001079 0.001141 
0.001349 0.000068 0.001301 0.001397 
0.001243 0.000217 0.001089 0.001396 
0.001108 0.000005 0.001104 0.001112 
0.001408 0.000013 0.001399 0.001417 
0.001410 0.000102 0.001338 0.001482 
0.001417 0.000022 0.001401 0.001432 
0.001222 0.000155 0.001113 0.001332 
0.001348 0.000042 0.001319 0.001378 
0.001184 0.000207 0.001038 0.001330 
0.001197 0.000185 0.001066 0.001327 
0.001102 0.000044 0.001071 0.001134 
0.001323 0.000009 0.001317 0.001330 
0.001371 0.000041 0.001341 0.001400 
0.001239 0.000186 0.001108 0.001370 
0.001436 0.000014 0.001426 0.001446 
0.001297 0.000144 0.001195 0.001399 
0.001225 0.000086 0.001164 0.001286 
0.001377 0.000076 0.001323 0.001431 
0.001331 0.000152 0.001223 0.001439 
0.001382 0.000167 0.001264 0.001500 
0.001573 0.000071 0.001523 0.001623 
0.001335 0.000127 0.001245 0.001425 
0.001332 0.000118 0.001249 0.001416 
0.001278 0.000153 0.001170 0.001386 
0.001392 0.000180 0.001265 0.001520 
0.001196 0.000037 0.001170 0.001222 
0.001174 0.000050 0.001139 0.001210 
0.001178 0.000137 0.001081 0.001275 
0.001307 0.000081 0.001250 0.001364 
0.001221 0.000039 0.001193 0.001248 
0.001193 0.000009 0.001187 0.001200 
0.001262 0.000012 0.001253 0.001270 
0.001156 0.000021 0.001141 0.001171 
0.001230 0.000011 0.001222 0.001238 
0.001186 0.000016 0.001174 0.001197 
0.001329 0.000033 0.001305 0.001352 
0.001408 0.000056 0.001369 0.001448 
0.001199 0.000023 0.001183 0.001215 
0.001219 0.000100 0.001149 0.001290 
0.002045 0.000005 0.002042 0.002049 
0.001963 0.000251 0.001786 0.002141 
0.001711 0.000188 0.001578 0.001844 
0.001868 0.000135 0.001772 0.001963 
0.001850 0.000122 0.001763 0.001936 
0.001404 0.000131 0.001312 0.001496 
0.001562 0.000484 0.001220 0.001904 
0.001706 0.000147 0.001603 0.001810 
0.001896 0.000207 0.001750 0.002043 
0.001806 0.000189 0.001673 0.001940 
0.001870 0.000184 0.001740 0.002000 
0.001879 0.000172 0.001757 0.002001 
0.001763 0.000152 0.001655 0.001870 
0.001272 0.000075 0.001219 0.001325 
0.001227 0.000022 0.001212 0.001243 
0.001216 0.000007 0.001211 0.001221 
0.001112 0.000032 0.001089 0.001135 
0.001163 0.000124 0.001075 0.001251 
0.001169 0.000068 0.001120 0.001217 
0.001077 0.000024 0.001060 0.001093 
0.001145 0.000028 0.001125 0.001164 
0.001183 0.000012 0.001175 0.001191 
0.001121 0.000043 0.001091 0.001152 
0.001047 0.000005 0.001044 0.001051 
0.001262 0.000098 0.001193 0.001331 
0.001132 0.000026 0.001114 0.001151 
0.001075 0.000174 0.000952 0.001197 
0.001114 0.000046 0.001082 0.001146 
0.001101 0.000011 0.001094 0.001109 
0.001127 0.000014 0.001117 0.001138 
0.001187 0.000008 0.001182 0.001193 
0.001222 0.000019 0.001209 0.001235 
0.001083 0.000191 0.000948 0.001218 
0.001126 0.000011 0.001117 0.001134 
0.001060 0.000015 0.001050 0.001070 
0.001126 0.000029 0.001106 0.001147 
0.001051 0.000072 0.001001 0.001102 
0.001032 0.000149 0.000927 0.001137 
0.001151 0.000059 0.001110 0.001193 
0.001175 0.000009 0.001168 0.001181 
0.001311 0.000031 0.001288 0.001333 
0.001304 0.000048 0.001270 0.001338 
0.001399 0.000081 0.001341 0.001457 
0.001248 0.000027 0.001229 0.001268 
0.001349 0.000069 0.001301 0.001398 
0.001326 0.000007 0.001321 0.001331 
0.001429 0.000004 0.001426 0.001432 
0.001306 0.000062 0.001262 0.001350 
0.001342 0.000063 0.001297 0.001386 
0.001335 0.000034 0.001311 0.001359 
0.001376 0.000003 0.001374 0.001378 
0.001246 0.000035 0.001221 0.001271 
0.001284 0.000006 0.001280 0.001289 
