0.001333 0.000264 0.000752 0.002057 
0.001306 0.000263 0.000680 0.002017 
0.001350 0.000281 0.000745 0.002119 
0.001331 0.000255 0.000784 0.001995 
0.001328 0.000255 0.000813 0.001970 
0.001368 0.000273 0.000751 0.002147 
0.001306 0.000251 0.000766 0.001936 
0.001341 0.000277 0.000744 0.002012 
0.001324 0.000278 0.000715 0.002030 
0.001350 0.000263 0.000801 0.002011 
0.001309 0.000255 0.000759 0.001964 
0.001320 0.000254 0.000755 0.001944 
0.001332 0.000265 0.000722 0.001973 
0.001333 0.000276 0.000778 0.002237 
0.001319 0.000279 0.000750 0.002206 
0.001367 0.000316 0.000737 0.002439 
0.001438 0.000333 0.000759 0.002627 
0.001292 0.000247 0.000733 0.002006 
0.001310 0.000273 0.000733 0.002143 
0.001326 0.000279 0.000732 0.002279 
0.001305 0.000274 0.000747 0.002126 
0.001312 0.000281 0.000691 0.002245 
0.001400 0.000318 0.000732 0.002453 
0.001298 0.000282 0.000700 0.002277 
0.001281 0.000257 0.000677 0.002209 
0.001376 0.000316 0.000759 0.002445 
0.001432 0.000312 0.000700 0.002522 
0.001330 0.000276 0.000704 0.002297 
0.001378 0.000293 0.000741 0.002452 
0.001393 0.000277 0.000802 0.002392 
0.001401 0.000285 0.000779 0.002315 
0.001380 0.000263 0.000736 0.002159 
0.001367 0.000278 0.000713 0.002245 
0.001398 0.000293 0.000725 0.002204 
0.001457 0.000284 0.000788 0.002420 
0.001345 0.000257 0.000764 0.002140 
0.001483 0.000318 0.000810 0.002391 
0.001401 0.000306 0.000767 0.002238 
0.001361 0.000314 0.000694 0.002320 
0.001319 0.000278 0.000715 0.002189 
0.001348 0.000305 0.000684 0.002282 
0.001401 0.000308 0.000741 0.002294 
0.001250 0.000249 0.000675 0.001912 
0.001353 0.000300 0.000738 0.002175 
0.001304 0.000269 0.000676 0.002117 
0.001357 0.000296 0.000696 0.002208 
0.001304 0.000261 0.000706 0.002064 
0.001324 0.000283 0.000695 0.002099 
0.001363 0.000282 0.000769 0.002204 
0.001566 0.000381 0.000801 0.002779 
0.001395 0.000330 0.000772 0.002517 
0.001491 0.000355 0.000742 0.002581 
0.001588 0.000381 0.000821 0.002707 
0.001475 0.000369 0.000740 0.002591 
0.001495 0.000376 0.000740 0.002608 
0.001400 0.000342 0.000779 0.002414 
0.001469 0.000341 0.000793 0.002496 
0.001546 0.000360 0.000832 0.002543 
0.001487 0.000340 0.000771 0.002483 
0.001488 0.000369 0.000756 0.002599 
0.001321 0.000255 0.000737 0.002248 
0.001418 0.000310 0.000762 0.002438 
0.001314 0.000244 0.000711 0.002236 
0.001362 0.000270 0.000793 0.002255 
0.001329 0.000264 0.000746 0.002280 
0.001321 0.000261 0.000770 0.002390 
0.001382 0.000300 0.000727 0.002417 
0.001406 0.000301 0.000759 0.002448 
0.001382 0.000303 0.000704 0.002450 
0.001401 0.000292 0.000697 0.002504 
0.001555 0.000297 0.000762 0.002300 
0.001505 0.000298 0.000720 0.002454 
0.001429 0.000252 0.000817 0.002056 
0.001423 0.000263 0.000786 0.002174 
0.001395 0.000246 0.000815 0.002078 
0.001444 0.000260 0.000838 0.002257 
0.001474 0.000258 0.000868 0.002071 
0.001556 0.000297 0.000869 0.002348 
0.001485 0.000280 0.000794 0.002246 
0.001457 0.000261 0.000806 0.002140 
0.001535 0.000289 0.000791 0.002354 
0.001560 0.000296 0.000844 0.002297 
0.001470 0.000259 0.000823 0.002147 
0.001419 0.000263 0.000796 0.002264 
0.001448 0.000258 0.000813 0.002079 
0.001368 0.000246 0.000792 0.002108 
0.001342 0.000290 0.000763 0.002109 
0.001292 0.000275 0.000732 0.002115 
0.001350 0.000299 0.000772 0.002154 
0.001352 0.000299 0.000744 0.002171 
0.001391 0.000305 0.000739 0.002195 
0.001372 0.000297 0.000789 0.002242 
0.001352 0.000306 0.000719 0.002192 
0.001402 0.000320 0.000736 0.002303 
0.001346 0.000286 0.000778 0.002159 
0.001413 0.000338 0.000794 0.002546 
0.001356 0.000301 0.000779 0.002236 
0.001391 0.000303 0.000736 0.002400 
0.001399 0.000304 0.000790 0.002208 
0.001332 0.000291 0.000754 0.002121 
0.001471 0.000375 0.000730 0.002573 
0.001348 0.000340 0.000644 0.002526 
0.001359 0.000335 0.000698 0.002308 
0.001355 0.000340 0.000719 0.002310 
0.001433 0.000358 0.000721 0.002563 
0.001486 0.000380 0.000715 0.002723 
0.001379 0.000343 0.000744 0.002391 
0.001378 0.000353 0.000714 0.002472 
0.001435 0.000372 0.000705 0.002704 
0.001361 0.000364 0.000731 0.002541 
0.001308 0.000324 0.000681 0.002250 
0.001302 0.000317 0.000701 0.002179 
0.001378 0.000350 0.000673 0.002386 
0.001434 0.000352 0.000690 0.002483 
0.001311 0.000271 0.000727 0.002183 
0.001371 0.000300 0.000781 0.002237 
0.001468 0.000338 0.000779 0.002491 
0.001447 0.000353 0.000794 0.002554 
0.001392 0.000315 0.000809 0.002304 
0.001420 0.000347 0.000759 0.002606 
0.001481 0.000337 0.000800 0.002392 
0.001461 0.000344 0.000784 0.002513 
0.001339 0.000282 0.000716 0.002074 
0.001439 0.000339 0.000787 0.002461 
0.001372 0.000292 0.000745 0.002258 
0.001422 0.000320 0.000791 0.002350 
0.001369 0.000319 0.000728 0.002446 
0.001449 0.000300 0.000812 0.002379 
0.001389 0.000279 0.000772 0.002188 
0.001378 0.000271 0.000708 0.002362 
0.001393 0.000295 0.000769 0.002429 
0.001423 0.000273 0.000790 0.002293 
0.001474 0.000345 0.000795 0.002726 
0.001563 0.000332 0.000815 0.002908 
0.001373 0.000266 0.000685 0.002414 
0.001558 0.000389 0.000784 0.002835 
0.001470 0.000320 0.000786 0.002330 
0.001401 0.000277 0.000760 0.002239 
0.001351 0.000258 0.000726 0.002318 
0.001487 0.000344 0.000734 0.002329 
0.001433 0.000337 0.000669 0.002557 
0.001488 0.000364 0.000763 0.002481 
0.001484 0.000353 0.000684 0.002676 
0.001396 0.000314 0.000687 0.002385 
0.001314 0.000282 0.000679 0.002271 
0.001437 0.000337 0.000715 0.002529 
0.001491 0.000350 0.000709 0.002469 
0.001345 0.000289 0.000671 0.002206 
0.001415 0.000325 0.000676 0.002426 
0.001437 0.000334 0.000665 0.002561 
0.001462 0.000335 0.000698 0.002563 
0.001355 0.000301 0.000642 0.002146 
0.001369 0.000250 0.000813 0.002090 
0.001423 0.000294 0.000833 0.002347 
0.001453 0.000309 0.000809 0.002462 
0.001386 0.000240 0.000862 0.002171 
0.001375 0.000250 0.000816 0.002142 
0.001391 0.000280 0.000827 0.002288 
0.001377 0.000277 0.000803 0.002247 
0.001447 0.000299 0.000871 0.002525 
0.001395 0.000285 0.000839 0.002385 
0.001400 0.000286 0.000835 0.002294 
0.001438 0.000298 0.000804 0.002513 
0.001448 0.000305 0.000785 0.002432 
0.001423 0.000299 0.000802 0.002352 
0.001319 0.000232 0.000727 0.002070 
0.001308 0.000251 0.000797 0.002175 
0.001319 0.000232 0.000858 0.002106 
0.001305 0.000221 0.000763 0.002025 
0.001397 0.000276 0.000755 0.002408 
0.001385 0.000259 0.000797 0.002275 
0.001341 0.000252 0.000715 0.002160 
0.001293 0.000232 0.000781 0.001987 
0.001328 0.000238 0.000738 0.002054 
0.001309 0.000217 0.000786 0.002106 
0.001398 0.000279 0.000694 0.002236 
0.001385 0.000249 0.000760 0.002154 
0.001353 0.000242 0.000753 0.002073 
0.001350 0.000261 0.000790 0.002222 
0.001556 0.000344 0.000837 0.002535 
0.001552 0.000397 0.000809 0.002879 
0.001785 0.000423 0.000891 0.003096 
0.001556 0.000352 0.000862 0.002761 
0.001545 0.000363 0.000838 0.002641 
0.001755 0.000438 0.000835 0.002998 
0.001853 0.000454 0.000870 0.003156 
0.001611 0.000390 0.000828 0.002756 
0.001814 0.000480 0.000826 0.003325 
0.001645 0.000389 0.000851 0.003004 
0.001752 0.000443 0.000865 0.002949 
0.001470 0.000349 0.000742 0.002625 
0.001738 0.000469 0.000774 0.003128 
