0.000893 0.000114 0.000665 0.001357 
0.000872 0.000116 0.000629 0.001282 
0.000894 0.000115 0.000657 0.001275 
0.000901 0.000124 0.000639 0.001377 
0.000882 0.000120 0.000615 0.001282 
0.000901 0.000121 0.000590 0.001397 
0.000899 0.000119 0.000646 0.001316 
0.000902 0.000118 0.000663 0.001308 
0.000859 0.000111 0.000597 0.001220 
0.000881 0.000124 0.000646 0.001341 
0.000891 0.000121 0.000647 0.001370 
0.000886 0.000112 0.000670 0.001325 
0.000908 0.000122 0.000664 0.001312 
0.000851 0.000111 0.000612 0.001228 
0.000841 0.000102 0.000595 0.001226 
0.000858 0.000109 0.000589 0.001221 
0.000851 0.000106 0.000577 0.001186 
0.000877 0.000110 0.000604 0.001290 
0.000847 0.000105 0.000571 0.001179 
0.000841 0.000103 0.000575 0.001102 
0.000835 0.000099 0.000599 0.001139 
0.000834 0.000105 0.000568 0.001176 
0.000827 0.000104 0.000553 0.001125 
0.000844 0.000104 0.000617 0.001150 
0.000864 0.000115 0.000570 0.001179 
0.000837 0.000103 0.000610 0.001132 
0.000854 0.000100 0.000622 0.001145 
0.000810 0.000105 0.000499 0.001099 
0.000850 0.000101 0.000557 0.001099 
0.000873 0.000108 0.000594 0.001198 
0.000887 0.000107 0.000627 0.001215 
0.000872 0.000104 0.000596 0.001221 
0.000846 0.000103 0.000592 0.001131 
0.000831 0.000087 0.000619 0.001098 
0.000863 0.000099 0.000580 0.001142 
0.000826 0.000092 0.000577 0.001093 
0.000832 0.000096 0.000558 0.001102 
0.000790 0.000083 0.000620 0.001110 
0.000802 0.000087 0.000616 0.001116 
0.000807 0.000077 0.000617 0.001147 
0.000781 0.000084 0.000602 0.001126 
0.000782 0.000081 0.000613 0.001104 
0.000813 0.000090 0.000620 0.001226 
0.000773 0.000079 0.000599 0.001054 
0.000808 0.000084 0.000550 0.001114 
0.000797 0.000083 0.000603 0.001129 
0.000822 0.000086 0.000630 0.001113 
0.000795 0.000082 0.000576 0.001102 
0.000831 0.000075 0.000648 0.001098 
0.000930 0.000103 0.000696 0.001263 
0.000888 0.000113 0.000615 0.001238 
0.000918 0.000113 0.000621 0.001305 
0.000896 0.000110 0.000624 0.001197 
0.000929 0.000113 0.000626 0.001217 
0.000925 0.000108 0.000644 0.001214 
0.000896 0.000112 0.000643 0.001228 
0.000917 0.000113 0.000653 0.001289 
0.000911 0.000103 0.000629 0.001175 
0.000911 0.000109 0.000639 0.001178 
0.000894 0.000118 0.000626 0.001305 
0.000814 0.000099 0.000578 0.001083 
0.000830 0.000097 0.000597 0.001075 
0.000809 0.000089 0.000561 0.001012 
0.000825 0.000095 0.000594 0.001074 
0.000812 0.000099 0.000548 0.001128 
0.000805 0.000094 0.000571 0.001056 
0.000809 0.000090 0.000563 0.001050 
0.000796 0.000088 0.000577 0.000995 
0.000824 0.000104 0.000542 0.001085 
0.000819 0.000090 0.000597 0.001111 
0.000830 0.000091 0.000661 0.001112 
0.000793 0.000096 0.000599 0.001103 
0.000829 0.000094 0.000648 0.001105 
0.000793 0.000094 0.000606 0.001071 
0.000812 0.000092 0.000629 0.001104 
0.000852 0.000111 0.000645 0.001305 
0.000814 0.000091 0.000627 0.001115 
0.000827 0.000094 0.000653 0.001110 
0.000807 0.000090 0.000612 0.001091 
0.000817 0.000089 0.000627 0.001147 
0.000793 0.000093 0.000626 0.001098 
0.000817 0.000087 0.000627 0.001069 
0.000829 0.000091 0.000646 0.001081 
0.000821 0.000103 0.000596 0.001161 
0.000808 0.000088 0.000627 0.001057 
0.000789 0.000096 0.000568 0.001061 
0.000861 0.000106 0.000613 0.001149 
0.000867 0.000102 0.000631 0.001158 
0.000870 0.000107 0.000620 0.001157 
0.000865 0.000106 0.000630 0.001186 
0.000875 0.000101 0.000610 0.001153 
0.000880 0.000106 0.000623 0.001204 
0.000859 0.000104 0.000637 0.001207 
0.000899 0.000104 0.000652 0.001260 
0.000870 0.000101 0.000660 0.001193 
0.000855 0.000099 0.000624 0.001147 
0.000863 0.000102 0.000646 0.001168 
0.000885 0.000103 0.000656 0.001197 
0.000883 0.000099 0.000644 0.001211 
0.000869 0.000106 0.000616 0.001193 
0.000855 0.000090 0.000651 0.001147 
0.000831 0.000091 0.000645 0.001103 
0.000873 0.000091 0.000698 0.001223 
0.000853 0.000086 0.000675 0.001154 
0.000869 0.000115 0.000646 0.001342 
0.000840 0.000089 0.000650 0.001125 
0.000877 0.000098 0.000660 0.001177 
0.000851 0.000103 0.000624 0.001188 
0.000855 0.000088 0.000678 0.001156 
0.000822 0.000092 0.000618 0.001097 
0.000843 0.000088 0.000665 0.001098 
0.000829 0.000090 0.000659 0.001166 
0.000870 0.000090 0.000678 0.001174 
0.000852 0.000083 0.000692 0.001099 
0.000874 0.000103 0.000638 0.001078 
0.000843 0.000107 0.000609 0.001118 
0.000844 0.000107 0.000607 0.001100 
0.000861 0.000109 0.000642 0.001111 
0.000858 0.000107 0.000612 0.001135 
0.000848 0.000100 0.000620 0.001130 
0.000869 0.000119 0.000633 0.001181 
0.000861 0.000108 0.000652 0.001161 
0.000844 0.000099 0.000619 0.001079 
0.000864 0.000105 0.000646 0.001173 
0.000843 0.000112 0.000621 0.001136 
0.000846 0.000105 0.000599 0.001134 
0.000854 0.000111 0.000635 0.001146 
0.000865 0.000110 0.000621 0.001204 
0.000819 0.000105 0.000594 0.001140 
0.000839 0.000104 0.000600 0.001143 
0.000854 0.000104 0.000614 0.001220 
0.000852 0.000105 0.000611 0.001212 
0.000821 0.000103 0.000604 0.001155 
0.000832 0.000099 0.000604 0.001307 
0.000849 0.000105 0.000630 0.001216 
0.000843 0.000098 0.000597 0.001248 
0.000860 0.000113 0.000569 0.001179 
0.000842 0.000102 0.000619 0.001135 
0.000846 0.000104 0.000597 0.001121 
0.000852 0.000107 0.000613 0.001165 
0.000836 0.000099 0.000621 0.001082 
0.000850 0.000099 0.000634 0.001146 
0.000865 0.000112 0.000614 0.001158 
0.000857 0.000112 0.000623 0.001176 
0.000856 0.000105 0.000586 0.001153 
0.000837 0.000105 0.000628 0.001131 
0.000892 0.000120 0.000658 0.001236 
0.000851 0.000113 0.000602 0.001207 
0.000869 0.000104 0.000602 0.001229 
0.000858 0.000103 0.000592 0.001130 
0.000868 0.000107 0.000631 0.001163 
0.000835 0.000096 0.000620 0.001095 
0.000867 0.000097 0.000665 0.001272 
0.000876 0.000121 0.000629 0.001423 
0.000873 0.000104 0.000659 0.001316 
0.000899 0.000112 0.000645 0.001349 
0.000884 0.000110 0.000666 0.001348 
0.000863 0.000100 0.000652 0.001117 
0.000847 0.000093 0.000655 0.001186 
0.000863 0.000106 0.000662 0.001314 
0.000861 0.000098 0.000663 0.001159 
0.000853 0.000103 0.000647 0.001248 
0.000853 0.000095 0.000655 0.001170 
0.000878 0.000113 0.000658 0.001252 
0.000858 0.000111 0.000632 0.001262 
0.000836 0.000100 0.000607 0.001157 
0.000822 0.000099 0.000593 0.001192 
0.000834 0.000100 0.000611 0.001149 
0.000819 0.000097 0.000590 0.001182 
0.000845 0.000108 0.000601 0.001163 
0.000823 0.000094 0.000597 0.001150 
0.000815 0.000092 0.000623 0.001126 
0.000844 0.000102 0.000605 0.001183 
0.000826 0.000097 0.000581 0.001144 
0.000850 0.000103 0.000622 0.001192 
0.000835 0.000107 0.000555 0.001201 
0.000820 0.000091 0.000606 0.001082 
0.000842 0.000095 0.000608 0.001161 
0.000796 0.000098 0.000592 0.001161 
0.000872 0.000099 0.000669 0.001177 
0.000813 0.000103 0.000622 0.001163 
0.000882 0.000109 0.000676 0.001233 
0.000857 0.000106 0.000640 0.001206 
0.000875 0.000117 0.000671 0.001323 
0.000825 0.000102 0.000643 0.001135 
0.000877 0.000094 0.000662 0.001215 
0.000836 0.000104 0.000630 0.001168 
0.000839 0.000096 0.000638 0.001131 
0.000852 0.000110 0.000661 0.001179 
0.000837 0.000099 0.000638 0.001124 
0.000829 0.000106 0.000643 0.001173 
0.000813 0.000096 0.000628 0.001116 
