0.000878 0.000010 0.000866 0.000890 
0.000851 0.000009 0.000839 0.000860 
0.000885 0.000015 0.000865 0.000900 
0.000874 0.000012 0.000857 0.000883 
0.000878 0.000011 0.000864 0.000887 
0.000905 0.000009 0.000898 0.000917 
0.000875 0.000011 0.000861 0.000885 
0.000875 0.000010 0.000860 0.000881 
0.000854 0.000018 0.000829 0.000869 
0.000878 0.000009 0.000869 0.000886 
0.000845 0.000013 0.000827 0.000859 
0.000854 0.000007 0.000843 0.000859 
0.000890 0.000029 0.000852 0.000920 
0.000880 0.000026 0.000852 0.000912 
0.000866 0.000025 0.000843 0.000902 
0.000839 0.000023 0.000813 0.000867 
0.000866 0.000015 0.000845 0.000881 
0.000892 0.000022 0.000861 0.000909 
0.000839 0.000016 0.000816 0.000853 
0.000882 0.000021 0.000859 0.000909 
0.000857 0.000015 0.000838 0.000875 
0.000861 0.000016 0.000839 0.000876 
0.000862 0.000017 0.000840 0.000878 
0.000879 0.000036 0.000843 0.000925 
0.000864 0.000012 0.000846 0.000875 
0.000830 0.000013 0.000814 0.000844 
0.000864 0.000039 0.000812 0.000900 
0.000813 0.000018 0.000788 0.000827 
0.000849 0.000035 0.000811 0.000888 
0.000859 0.000048 0.000809 0.000922 
0.000819 0.000034 0.000771 0.000850 
0.000843 0.000036 0.000795 0.000881 
0.000818 0.000024 0.000790 0.000840 
0.000784 0.000022 0.000751 0.000798 
0.000831 0.000026 0.000803 0.000864 
0.000819 0.000032 0.000784 0.000856 
0.000900 0.000031 0.000865 0.000938 
0.000872 0.000014 0.000852 0.000881 
0.000887 0.000017 0.000866 0.000906 
0.000883 0.000014 0.000864 0.000894 
0.000849 0.000013 0.000836 0.000861 
0.000859 0.000015 0.000840 0.000873 
0.000839 0.000011 0.000823 0.000847 
0.000864 0.000011 0.000850 0.000873 
0.000879 0.000012 0.000863 0.000892 
0.000859 0.000012 0.000843 0.000871 
0.000876 0.000011 0.000861 0.000887 
0.000841 0.000013 0.000826 0.000853 
0.000901 0.000016 0.000885 0.000916 
0.001047 0.000028 0.001005 0.001068 
0.000972 0.000024 0.000942 0.000996 
0.001014 0.000020 0.000993 0.001041 
0.000967 0.000021 0.000942 0.000992 
0.001013 0.000018 0.000993 0.001035 
0.001011 0.000027 0.000977 0.001034 
0.000980 0.000020 0.000957 0.001001 
0.001047 0.000014 0.001030 0.001063 
0.000992 0.000038 0.000948 0.001026 
0.000944 0.000036 0.000893 0.000975 
0.000985 0.000032 0.000953 0.001017 
0.000851 0.000026 0.000823 0.000883 
0.000893 0.000027 0.000862 0.000924 
0.000840 0.000020 0.000813 0.000862 
0.000833 0.000022 0.000811 0.000858 
0.000874 0.000033 0.000830 0.000900 
0.000846 0.000031 0.000815 0.000884 
0.000886 0.000026 0.000851 0.000908 
0.000844 0.000029 0.000807 0.000875 
0.000886 0.000021 0.000856 0.000904 
0.000845 0.000025 0.000809 0.000866 
0.000946 0.000028 0.000906 0.000972 
0.000880 0.000045 0.000823 0.000929 
0.000934 0.000038 0.000890 0.000980 
0.000929 0.000023 0.000898 0.000947 
0.000855 0.000022 0.000826 0.000879 
0.000926 0.000043 0.000881 0.000981 
0.000926 0.000020 0.000900 0.000943 
0.000945 0.000030 0.000913 0.000986 
0.000882 0.000020 0.000861 0.000906 
0.000927 0.000019 0.000900 0.000943 
0.000898 0.000019 0.000881 0.000922 
0.000954 0.000010 0.000946 0.000968 
0.000890 0.000024 0.000863 0.000916 
0.000867 0.000037 0.000822 0.000902 
0.000848 0.000028 0.000813 0.000875 
0.000861 0.000024 0.000830 0.000885 
0.000917 0.000030 0.000881 0.000953 
0.000879 0.000029 0.000852 0.000915 
0.000887 0.000038 0.000853 0.000932 
0.000923 0.000027 0.000889 0.000952 
0.000906 0.000035 0.000855 0.000930 
0.000901 0.000043 0.000852 0.000954 
0.000927 0.000028 0.000898 0.000960 
0.000890 0.000041 0.000851 0.000940 
0.000900 0.000031 0.000875 0.000945 
0.001024 0.000031 0.000994 0.001064 
0.000904 0.000038 0.000857 0.000948 
0.000948 0.000035 0.000897 0.000972 
0.000890 0.000047 0.000834 0.000943 
0.000917 0.000024 0.000893 0.000944 
0.000976 0.000028 0.000934 0.000996 
0.000959 0.000019 0.000931 0.000975 
0.000948 0.000022 0.000917 0.000970 
0.000950 0.000023 0.000925 0.000970 
0.001003 0.000034 0.000968 0.001050 
0.000946 0.000022 0.000914 0.000964 
0.000986 0.000014 0.000969 0.000999 
0.000978 0.000021 0.000950 0.001000 
0.000990 0.000016 0.000968 0.001005 
0.000964 0.000025 0.000934 0.000992 
0.000914 0.000016 0.000891 0.000925 
0.000958 0.000020 0.000930 0.000979 
0.000923 0.000030 0.000885 0.000958 
0.000939 0.000036 0.000898 0.000973 
0.000950 0.000019 0.000927 0.000972 
0.000945 0.000025 0.000914 0.000974 
0.000937 0.000016 0.000919 0.000951 
0.001005 0.000011 0.000994 0.001020 
0.000986 0.000028 0.000956 0.001020 
0.000887 0.000014 0.000867 0.000900 
0.000930 0.000022 0.000901 0.000952 
0.001018 0.000024 0.000993 0.001049 
0.000949 0.000030 0.000907 0.000973 
0.000975 0.000025 0.000940 0.000999 
0.000922 0.000026 0.000898 0.000953 
0.000887 0.000013 0.000870 0.000898 
0.000959 0.000035 0.000928 0.001002 
0.000875 0.000042 0.000825 0.000918 
0.000832 0.000033 0.000797 0.000875 
0.000793 0.000037 0.000758 0.000838 
0.000831 0.000044 0.000788 0.000886 
0.000837 0.000028 0.000801 0.000863 
0.000796 0.000047 0.000754 0.000856 
0.000853 0.000031 0.000818 0.000887 
0.000823 0.000051 0.000775 0.000894 
0.000823 0.000039 0.000768 0.000853 
0.000794 0.000024 0.000766 0.000814 
0.000815 0.000027 0.000782 0.000843 
0.000849 0.000035 0.000815 0.000895 
0.000945 0.000027 0.000907 0.000966 
0.000946 0.000023 0.000912 0.000964 
0.000947 0.000021 0.000925 0.000975 
0.000979 0.000029 0.000941 0.001010 
0.000926 0.000036 0.000878 0.000958 
0.000943 0.000017 0.000925 0.000959 
0.000967 0.000032 0.000924 0.000993 
0.000967 0.000020 0.000938 0.000982 
0.000996 0.000022 0.000966 0.001014 
0.000953 0.000022 0.000921 0.000970 
0.000952 0.000019 0.000928 0.000972 
0.000971 0.000020 0.000951 0.000994 
0.000951 0.000025 0.000925 0.000978 
0.000909 0.000013 0.000889 0.000916 
0.000977 0.000022 0.000945 0.000996 
0.000935 0.000012 0.000921 0.000950 
0.000967 0.000016 0.000949 0.000985 
0.000932 0.000018 0.000909 0.000951 
0.000943 0.000022 0.000913 0.000961 
0.000918 0.000034 0.000874 0.000954 
0.000935 0.000023 0.000902 0.000953 
0.000922 0.000026 0.000885 0.000941 
0.000920 0.000013 0.000909 0.000940 
0.000918 0.000028 0.000877 0.000943 
0.000964 0.000026 0.000929 0.000991 
0.000938 0.000026 0.000901 0.000960 
0.000949 0.000020 0.000926 0.000971 
0.000893 0.000022 0.000863 0.000915 
0.000918 0.000015 0.000897 0.000931 
0.000919 0.000030 0.000875 0.000939 
0.000963 0.000026 0.000939 0.000987 
0.000982 0.000022 0.000955 0.001005 
0.000905 0.000019 0.000879 0.000923 
0.000914 0.000010 0.000903 0.000928 
0.000911 0.000021 0.000892 0.000931 
0.000954 0.000014 0.000940 0.000971 
0.000945 0.000022 0.000914 0.000961 
0.000965 0.000026 0.000929 0.000991 
0.000981 0.000021 0.000961 0.001007 
0.000922 0.000013 0.000909 0.000937 
0.001034 0.000037 0.000986 0.001064 
0.000939 0.000031 0.000910 0.000972 
0.000996 0.000033 0.000948 0.001017 
0.001072 0.000044 0.001007 0.001104 
0.001025 0.000029 0.000990 0.001051 
0.000967 0.000025 0.000940 0.001001 
0.001089 0.000046 0.001037 0.001139 
0.000939 0.000037 0.000897 0.000972 
0.000948 0.000037 0.000904 0.000979 
0.000986 0.000023 0.000954 0.001004 
0.000904 0.000017 0.000879 0.000915 
0.000883 0.000065 0.000803 0.000951 
0.000913 0.000032 0.000870 0.000947 
