0.001304 0.000176 0.000838 0.001833 
0.001318 0.000195 0.000744 0.001967 
0.001328 0.000183 0.000836 0.002039 
0.001329 0.000176 0.000869 0.001989 
0.001319 0.000187 0.000790 0.002159 
0.001335 0.000180 0.000847 0.001988 
0.001309 0.000187 0.000820 0.002015 
0.001311 0.000178 0.000776 0.001911 
0.001292 0.000187 0.000771 0.001839 
0.001328 0.000186 0.000805 0.001921 
0.001312 0.000186 0.000849 0.001936 
0.001314 0.000181 0.000814 0.001995 
0.001306 0.000178 0.000796 0.001995 
0.001338 0.000200 0.000817 0.002513 
0.001345 0.000202 0.000792 0.002413 
0.001353 0.000203 0.000806 0.002112 
0.001354 0.000191 0.000813 0.002167 
0.001329 0.000184 0.000795 0.002124 
0.001330 0.000197 0.000770 0.002146 
0.001362 0.000204 0.000785 0.002192 
0.001318 0.000193 0.000767 0.002041 
0.001334 0.000197 0.000779 0.002138 
0.001312 0.000189 0.000730 0.001903 
0.001317 0.000194 0.000739 0.002162 
0.001332 0.000190 0.000774 0.002130 
0.001329 0.000193 0.000776 0.002164 
0.001303 0.000201 0.000803 0.001816 
0.001288 0.000209 0.000796 0.002319 
0.001294 0.000198 0.000809 0.001732 
0.001306 0.000192 0.000830 0.001876 
0.001316 0.000200 0.000832 0.002101 
0.001290 0.000200 0.000816 0.002006 
0.001285 0.000195 0.000818 0.001895 
0.001267 0.000196 0.000776 0.001782 
0.001343 0.000191 0.000886 0.002217 
0.001271 0.000208 0.000802 0.001938 
0.001313 0.000204 0.000810 0.001879 
0.001398 0.000223 0.000876 0.001949 
0.001382 0.000217 0.000828 0.001936 
0.001397 0.000225 0.000881 0.001912 
0.001359 0.000211 0.000866 0.001930 
0.001376 0.000222 0.000850 0.001906 
0.001343 0.000204 0.000855 0.001837 
0.001344 0.000211 0.000839 0.001887 
0.001364 0.000206 0.000864 0.002082 
0.001380 0.000218 0.000883 0.001902 
0.001346 0.000207 0.000853 0.001848 
0.001364 0.000205 0.000866 0.001914 
0.001368 0.000216 0.000869 0.001868 
0.001425 0.000207 0.000909 0.002517 
0.001378 0.000205 0.000840 0.002556 
0.001377 0.000183 0.000899 0.002306 
0.001411 0.000187 0.000874 0.002317 
0.001360 0.000175 0.000877 0.002236 
0.001403 0.000208 0.000854 0.002547 
0.001351 0.000194 0.000873 0.002290 
0.001401 0.000195 0.000871 0.002418 
0.001412 0.000192 0.000890 0.002238 
0.001402 0.000193 0.000880 0.002200 
0.001393 0.000201 0.000847 0.002817 
0.001293 0.000176 0.000812 0.001877 
0.001293 0.000170 0.000843 0.001823 
0.001291 0.000172 0.000835 0.001792 
0.001306 0.000177 0.000808 0.001874 
0.001290 0.000172 0.000827 0.001821 
0.001268 0.000176 0.000758 0.002020 
0.001300 0.000183 0.000819 0.001977 
0.001284 0.000182 0.000777 0.001918 
0.001273 0.000167 0.000777 0.001982 
0.001293 0.000182 0.000786 0.002031 
0.001428 0.000232 0.000842 0.002304 
0.001349 0.000212 0.000853 0.001984 
0.001385 0.000221 0.000804 0.002307 
0.001381 0.000238 0.000855 0.002654 
0.001379 0.000233 0.000856 0.002362 
0.001396 0.000219 0.000849 0.002492 
0.001371 0.000220 0.000840 0.002129 
0.001423 0.000231 0.000837 0.002398 
0.001400 0.000226 0.000820 0.002017 
0.001387 0.000233 0.000826 0.002022 
0.001413 0.000228 0.000831 0.002100 
0.001390 0.000226 0.000856 0.002055 
0.001374 0.000219 0.000802 0.001939 
0.001398 0.000225 0.000851 0.002370 
0.001350 0.000216 0.000865 0.002015 
0.001396 0.000227 0.000774 0.002443 
0.001339 0.000235 0.000790 0.001997 
0.001319 0.000230 0.000797 0.002055 
0.001341 0.000238 0.000801 0.002040 
0.001364 0.000237 0.000807 0.001980 
0.001364 0.000219 0.000830 0.001896 
0.001366 0.000228 0.000849 0.001987 
0.001373 0.000236 0.000759 0.001886 
0.001396 0.000231 0.000819 0.001983 
0.001369 0.000227 0.000795 0.002031 
0.001372 0.000242 0.000790 0.002125 
0.001360 0.000236 0.000781 0.002003 
0.001368 0.000223 0.000823 0.001908 
0.001390 0.000230 0.000813 0.001915 
0.001360 0.000235 0.000811 0.002210 
0.001393 0.000194 0.000864 0.001988 
0.001386 0.000191 0.000891 0.002219 
0.001374 0.000192 0.000873 0.002096 
0.001465 0.000219 0.000911 0.002363 
0.001422 0.000191 0.000908 0.002021 
0.001391 0.000204 0.000886 0.002017 
0.001392 0.000199 0.000856 0.001999 
0.001391 0.000194 0.000886 0.002206 
0.001380 0.000191 0.000853 0.002049 
0.001380 0.000199 0.000895 0.002210 
0.001392 0.000199 0.000877 0.001948 
0.001378 0.000194 0.000874 0.001949 
0.001362 0.000198 0.000821 0.002103 
0.001410 0.000195 0.000886 0.002184 
0.001372 0.000208 0.000754 0.002267 
0.001357 0.000199 0.000808 0.001976 
0.001376 0.000209 0.000802 0.002173 
0.001384 0.000207 0.000773 0.002074 
0.001381 0.000217 0.000756 0.002132 
0.001356 0.000207 0.000798 0.002100 
0.001412 0.000220 0.000786 0.002074 
0.001362 0.000209 0.000778 0.002167 
0.001377 0.000219 0.000748 0.002040 
0.001369 0.000210 0.000794 0.002039 
0.001397 0.000207 0.000814 0.001930 
0.001428 0.000228 0.000838 0.002381 
0.001388 0.000221 0.000768 0.002337 
0.001348 0.000182 0.000818 0.001898 
0.001338 0.000172 0.000864 0.001833 
0.001329 0.000179 0.000834 0.002072 
0.001334 0.000175 0.000881 0.001822 
0.001347 0.000182 0.000837 0.001863 
0.001321 0.000173 0.000847 0.001786 
0.001351 0.000192 0.000837 0.001976 
0.001318 0.000170 0.000824 0.001803 
0.001364 0.000187 0.000842 0.002029 
0.001389 0.000190 0.000899 0.002108 
0.001322 0.000176 0.000823 0.001840 
0.001358 0.000185 0.000815 0.002023 
0.001373 0.000213 0.000820 0.002435 
0.001360 0.000212 0.000811 0.002611 
0.001356 0.000199 0.000850 0.002309 
0.001369 0.000198 0.000835 0.002230 
0.001369 0.000188 0.000831 0.002246 
0.001382 0.000188 0.000865 0.002227 
0.001359 0.000196 0.000805 0.002203 
0.001398 0.000204 0.000876 0.002368 
0.001389 0.000202 0.000836 0.002557 
0.001338 0.000186 0.000774 0.002124 
0.001371 0.000208 0.000839 0.002482 
0.001371 0.000196 0.000825 0.002266 
0.001345 0.000194 0.000821 0.002187 
0.001382 0.000197 0.000923 0.001923 
0.001408 0.000205 0.000888 0.002030 
0.001385 0.000211 0.000802 0.002013 
0.001368 0.000206 0.000857 0.001934 
0.001370 0.000195 0.000851 0.001861 
0.001347 0.000206 0.000878 0.001967 
0.001373 0.000213 0.000834 0.001938 
0.001380 0.000213 0.000879 0.001980 
0.001363 0.000195 0.000844 0.001951 
0.001342 0.000203 0.000887 0.002058 
0.001403 0.000209 0.000917 0.002041 
0.001412 0.000198 0.000922 0.001996 
0.001377 0.000212 0.000893 0.002148 
0.001287 0.000178 0.000813 0.002295 
0.001246 0.000189 0.000813 0.002062 
0.001297 0.000183 0.000811 0.002027 
0.001296 0.000184 0.000845 0.002199 
0.001320 0.000182 0.000862 0.002252 
0.001327 0.000187 0.000838 0.002051 
0.001280 0.000175 0.000795 0.001855 
0.001284 0.000171 0.000823 0.002175 
0.001284 0.000188 0.000844 0.002100 
0.001294 0.000187 0.000830 0.001909 
0.001301 0.000187 0.000828 0.002056 
0.001275 0.000197 0.000811 0.002054 
0.001303 0.000173 0.000827 0.002118 
0.001310 0.000197 0.000846 0.002166 
0.001436 0.000225 0.000819 0.001982 
0.001391 0.000238 0.000829 0.002113 
0.001477 0.000241 0.000848 0.002231 
0.001460 0.000233 0.000891 0.002050 
0.001441 0.000226 0.000866 0.002012 
0.001446 0.000238 0.000845 0.002067 
0.001451 0.000245 0.000824 0.002277 
0.001387 0.000223 0.000798 0.001951 
0.001430 0.000232 0.000834 0.002089 
0.001453 0.000238 0.000852 0.002062 
0.001422 0.000239 0.000855 0.002116 
0.001372 0.000232 0.000820 0.002139 
0.001404 0.000245 0.000817 0.002131 
