0.000908 0.000152 0.000645 0.001443 
0.000899 0.000148 0.000597 0.001434 
0.000868 0.000138 0.000655 0.001515 
0.000859 0.000137 0.000592 0.001415 
0.000901 0.000127 0.000662 0.001383 
0.000919 0.000176 0.000622 0.001593 
0.000909 0.000137 0.000642 0.001426 
0.000879 0.000132 0.000626 0.001348 
0.000927 0.000131 0.000661 0.001325 
0.000830 0.000148 0.000570 0.001422 
0.000876 0.000141 0.000640 0.001477 
0.000902 0.000158 0.000632 0.001455 
0.000902 0.000137 0.000671 0.001390 
0.000905 0.000217 0.000636 0.001968 
0.000839 0.000178 0.000549 0.001541 
0.000896 0.000191 0.000648 0.001906 
0.000872 0.000131 0.000614 0.001647 
0.000799 0.000126 0.000592 0.001391 
0.000853 0.000186 0.000607 0.001683 
0.000831 0.000136 0.000637 0.001477 
0.000880 0.000205 0.000582 0.001795 
0.000873 0.000172 0.000636 0.001667 
0.000830 0.000130 0.000617 0.001600 
0.000883 0.000161 0.000621 0.001584 
0.000894 0.000179 0.000630 0.001590 
0.000840 0.000176 0.000604 0.001564 
0.000886 0.000142 0.000599 0.001272 
0.000881 0.000107 0.000618 0.001239 
0.000886 0.000139 0.000587 0.001296 
0.000914 0.000145 0.000610 0.001288 
0.000952 0.000139 0.000637 0.001426 
0.000874 0.000138 0.000621 0.001426 
0.000900 0.000144 0.000662 0.001398 
0.000910 0.000150 0.000715 0.001604 
0.000928 0.000159 0.000616 0.001514 
0.000868 0.000155 0.000634 0.001368 
0.000889 0.000156 0.000582 0.001324 
0.000843 0.000121 0.000631 0.001540 
0.000884 0.000136 0.000662 0.001542 
0.000911 0.000135 0.000684 0.001465 
0.000893 0.000131 0.000673 0.001493 
0.000881 0.000120 0.000656 0.001416 
0.000838 0.000124 0.000630 0.001419 
0.000890 0.000124 0.000678 0.001494 
0.000892 0.000134 0.000604 0.001406 
0.000888 0.000127 0.000655 0.001632 
0.000853 0.000121 0.000641 0.001407 
0.000898 0.000134 0.000655 0.001482 
0.000890 0.000133 0.000630 0.001366 
0.000902 0.000110 0.000657 0.001226 
0.000873 0.000108 0.000697 0.001498 
0.000893 0.000092 0.000665 0.001310 
0.000920 0.000080 0.000667 0.001111 
0.000953 0.000079 0.000722 0.001219 
0.000957 0.000102 0.000761 0.001667 
0.000869 0.000100 0.000634 0.001319 
0.000898 0.000077 0.000693 0.001139 
0.000913 0.000081 0.000696 0.001205 
0.000884 0.000081 0.000713 0.001188 
0.000880 0.000082 0.000705 0.001262 
0.000975 0.000180 0.000762 0.001689 
0.000991 0.000176 0.000697 0.001565 
0.001005 0.000187 0.000730 0.001682 
0.000999 0.000194 0.000668 0.001652 
0.001004 0.000178 0.000674 0.001551 
0.000963 0.000193 0.000712 0.001773 
0.001042 0.000198 0.000663 0.001750 
0.000991 0.000225 0.000716 0.001789 
0.000994 0.000218 0.000718 0.001811 
0.000992 0.000204 0.000698 0.001790 
0.000899 0.000120 0.000673 0.001353 
0.000883 0.000099 0.000683 0.001241 
0.000920 0.000109 0.000674 0.001257 
0.000866 0.000127 0.000656 0.001429 
0.000858 0.000108 0.000651 0.001304 
0.000936 0.000113 0.000704 0.001272 
0.000919 0.000123 0.000677 0.001402 
0.000899 0.000114 0.000667 0.001294 
0.000938 0.000108 0.000724 0.001195 
0.000876 0.000120 0.000670 0.001278 
0.000929 0.000124 0.000636 0.001366 
0.000934 0.000135 0.000665 0.001376 
0.000896 0.000098 0.000644 0.001196 
0.000907 0.000120 0.000675 0.001309 
0.000876 0.000125 0.000622 0.001382 
0.000936 0.000102 0.000701 0.001216 
0.000899 0.000145 0.000619 0.001338 
0.000873 0.000147 0.000613 0.001251 
0.000984 0.000195 0.000652 0.001497 
0.000856 0.000174 0.000570 0.001310 
0.000982 0.000201 0.000626 0.001454 
0.001085 0.000185 0.000655 0.001521 
0.000946 0.000181 0.000627 0.001494 
0.000980 0.000172 0.000656 0.001432 
0.000933 0.000180 0.000583 0.001356 
0.000902 0.000179 0.000587 0.001344 
0.000891 0.000174 0.000602 0.001395 
0.000954 0.000175 0.000613 0.001382 
0.000955 0.000200 0.000592 0.001540 
0.000778 0.000146 0.000563 0.001329 
0.000929 0.000122 0.000596 0.001353 
0.000911 0.000141 0.000653 0.001342 
0.000886 0.000128 0.000668 0.001514 
0.000994 0.000210 0.000671 0.001624 
0.000982 0.000209 0.000586 0.001616 
0.000906 0.000178 0.000631 0.001741 
0.000851 0.000154 0.000607 0.001359 
0.000953 0.000197 0.000639 0.001585 
0.000897 0.000142 0.000573 0.001299 
0.000896 0.000141 0.000616 0.001332 
0.000876 0.000123 0.000644 0.001301 
0.000866 0.000121 0.000622 0.001221 
0.000838 0.000118 0.000595 0.001169 
0.000895 0.000101 0.000636 0.001161 
0.000880 0.000130 0.000622 0.001293 
0.000843 0.000094 0.000618 0.001214 
0.000817 0.000109 0.000616 0.001213 
0.000905 0.000170 0.000551 0.001679 
0.000988 0.000161 0.000672 0.001474 
0.000822 0.000132 0.000546 0.001343 
0.000902 0.000106 0.000658 0.001372 
0.000909 0.000101 0.000657 0.001222 
0.000801 0.000099 0.000570 0.001044 
0.000809 0.000134 0.000531 0.001291 
0.000801 0.000102 0.000588 0.001127 
0.000949 0.000207 0.000629 0.001735 
0.000823 0.000095 0.000680 0.001357 
0.000785 0.000114 0.000568 0.001262 
0.000762 0.000118 0.000587 0.001357 
0.000749 0.000119 0.000549 0.001213 
0.000714 0.000081 0.000565 0.001190 
0.000759 0.000120 0.000565 0.001188 
0.000754 0.000141 0.000546 0.001252 
0.000793 0.000189 0.000541 0.001544 
0.000756 0.000127 0.000546 0.001417 
0.000849 0.000192 0.000572 0.001605 
0.000814 0.000163 0.000579 0.001553 
0.000739 0.000107 0.000566 0.001144 
0.000825 0.000125 0.000610 0.001278 
0.000939 0.000126 0.000682 0.001317 
0.000916 0.000099 0.000733 0.001200 
0.000920 0.000145 0.000646 0.001299 
0.000951 0.000134 0.000729 0.001351 
0.000974 0.000172 0.000642 0.001560 
0.000991 0.000152 0.000700 0.001390 
0.000929 0.000135 0.000700 0.001433 
0.000902 0.000134 0.000650 0.001401 
0.001012 0.000176 0.000748 0.001715 
0.000917 0.000134 0.000660 0.001325 
0.000883 0.000123 0.000643 0.001343 
0.000939 0.000135 0.000650 0.001367 
0.000942 0.000155 0.000612 0.001424 
0.000985 0.000179 0.000695 0.001448 
0.000920 0.000162 0.000614 0.001357 
0.000917 0.000138 0.000649 0.001247 
0.000904 0.000145 0.000675 0.001329 
0.000905 0.000113 0.000668 0.001245 
0.000959 0.000146 0.000676 0.001575 
0.000882 0.000129 0.000629 0.001234 
0.000901 0.000135 0.000641 0.001247 
0.000848 0.000137 0.000614 0.001230 
0.000866 0.000109 0.000682 0.001223 
0.000859 0.000121 0.000619 0.001183 
0.000934 0.000130 0.000628 0.001330 
0.000848 0.000151 0.000579 0.001259 
0.000864 0.000138 0.000652 0.001443 
0.000910 0.000141 0.000679 0.001378 
0.000794 0.000102 0.000605 0.001091 
0.000832 0.000140 0.000644 0.001374 
0.000851 0.000119 0.000646 0.001171 
0.000823 0.000134 0.000650 0.001224 
0.000811 0.000119 0.000626 0.001123 
0.000864 0.000114 0.000667 0.001144 
0.000978 0.000167 0.000705 0.001382 
0.000861 0.000128 0.000634 0.001233 
0.000844 0.000120 0.000655 0.001517 
0.000864 0.000135 0.000630 0.001382 
0.000856 0.000120 0.000633 0.001624 
0.000904 0.000157 0.000664 0.001434 
0.000895 0.000122 0.000658 0.001380 
0.000917 0.000113 0.000663 0.001428 
0.000912 0.000145 0.000660 0.001479 
0.000934 0.000138 0.000658 0.001447 
0.000948 0.000159 0.000617 0.001569 
0.000973 0.000158 0.000665 0.001609 
0.000941 0.000149 0.000617 0.001422 
0.000886 0.000119 0.000631 0.001370 
0.000876 0.000135 0.000652 0.001702 
0.000955 0.000151 0.000726 0.001419 
0.000918 0.000136 0.000716 0.001487 
0.000892 0.000124 0.000672 0.001484 
0.000924 0.000144 0.000664 0.001395 
