0.000425 0.000051 0.000000 0.000543 
0.000431 0.000040 0.000000 0.000679 
0.000449 0.000051 0.000000 0.000621 
0.000423 0.000045 0.000000 0.000601 
0.000445 0.000047 0.000000 0.000602 
0.000421 0.000051 0.000000 0.000568 
0.000459 0.000057 0.000000 0.000611 
0.000441 0.000048 0.000000 0.000691 
0.000437 0.000044 0.000000 0.000680 
0.000414 0.000044 0.000000 0.000573 
0.000442 0.000046 0.000000 0.000608 
0.000427 0.000042 0.000000 0.000537 
0.000425 0.000062 0.000000 0.000549 
0.000354 0.000047 0.000000 0.000537 
0.000380 0.000052 0.000000 0.000648 
0.000372 0.000049 0.000000 0.000553 
0.000379 0.000052 0.000000 0.000751 
0.000368 0.000052 0.000000 0.000635 
0.000361 0.000048 0.000000 0.000545 
0.000371 0.000048 0.000000 0.000545 
0.000350 0.000058 0.000000 0.000554 
0.000360 0.000055 0.000000 0.000680 
0.000366 0.000053 0.000000 0.000646 
0.000360 0.000053 0.000000 0.000650 
0.000367 0.000052 0.000000 0.000654 
0.000379 0.000046 0.000000 0.000635 
0.000415 0.000045 0.000000 0.000678 
0.000414 0.000042 0.000000 0.000674 
0.000407 0.000040 0.000000 0.000629 
0.000376 0.000042 0.000000 0.000644 
0.000377 0.000047 0.000000 0.000637 
0.000381 0.000041 0.000000 0.000591 
0.000404 0.000043 0.000000 0.000625 
0.000411 0.000043 0.000000 0.000593 
0.000396 0.000049 0.000000 0.000594 
0.000395 0.000041 0.000000 0.000557 
0.000405 0.000046 0.000000 0.000662 
0.000420 0.000042 0.000000 0.000595 
0.000415 0.000049 0.000000 0.000596 
0.000415 0.000049 0.000000 0.000523 
0.000409 0.000046 0.000000 0.000542 
0.000408 0.000039 0.000000 0.000574 
0.000398 0.000041 0.000000 0.000487 
0.000400 0.000040 0.000000 0.000549 
0.000408 0.000048 0.000000 0.000564 
0.000395 0.000045 0.000000 0.000560 
0.000411 0.000045 0.000000 0.000503 
0.000392 0.000049 0.000000 0.000536 
0.000398 0.000044 0.000000 0.000557 
0.000399 0.000043 0.000000 0.000558 
0.000394 0.000042 0.000000 0.000612 
0.000405 0.000044 0.000000 0.000707 
0.000408 0.000046 0.000000 0.000701 
0.000418 0.000045 0.000000 0.000578 
0.000424 0.000042 0.000000 0.000669 
0.000400 0.000042 0.000000 0.000618 
0.000405 0.000048 0.000000 0.000591 
0.000406 0.000038 0.000000 0.000581 
0.000417 0.000042 0.000000 0.000566 
0.000409 0.000039 0.000000 0.000689 
0.000360 0.000054 0.000000 0.000563 
0.000358 0.000058 0.000000 0.000745 
0.000371 0.000057 0.000000 0.000675 
0.000356 0.000052 0.000000 0.000562 
0.000363 0.000051 0.000000 0.000582 
0.000369 0.000054 0.000000 0.000600 
0.000365 0.000061 0.000000 0.000713 
0.000360 0.000051 0.000000 0.000650 
0.000342 0.000058 0.000000 0.000621 
0.000361 0.000058 0.000000 0.000806 
0.000410 0.000052 0.000000 0.000604 
0.000417 0.000049 0.000000 0.000621 
0.000409 0.000041 0.000000 0.000564 
0.000430 0.000039 0.000000 0.000661 
0.000401 0.000038 0.000000 0.000600 
0.000389 0.000042 0.000000 0.000499 
0.000424 0.000043 0.000000 0.000542 
0.000417 0.000036 0.000000 0.000562 
0.000389 0.000044 0.000000 0.000699 
0.000400 0.000042 0.000000 0.000529 
0.000403 0.000038 0.000000 0.000497 
0.000413 0.000046 0.000000 0.000601 
0.000408 0.000035 0.000000 0.000505 
0.000404 0.000045 0.000000 0.000548 
0.000423 0.000040 0.000000 0.000622 
0.000419 0.000046 0.000000 0.000647 
0.000403 0.000039 0.000000 0.000517 
0.000407 0.000038 0.000000 0.000661 
0.000408 0.000043 0.000000 0.000524 
0.000403 0.000031 0.000000 0.000601 
0.000397 0.000044 0.000000 0.000500 
0.000393 0.000042 0.000000 0.000657 
0.000420 0.000040 0.000000 0.000656 
0.000419 0.000039 0.000000 0.000702 
0.000396 0.000038 0.000000 0.000607 
0.000384 0.000051 0.000000 0.000693 
0.000396 0.000038 0.000000 0.000478 
0.000390 0.000048 0.000000 0.000516 
0.000375 0.000039 0.000000 0.000517 
0.000407 0.000044 0.000000 0.000514 
0.000369 0.000059 0.000000 0.000627 
0.000387 0.000073 0.000000 0.000724 
0.000388 0.000045 0.000000 0.000608 
0.000415 0.000044 0.000000 0.000577 
0.000364 0.000058 0.000000 0.000536 
0.000380 0.000058 0.000000 0.000650 
0.000380 0.000052 0.000000 0.000624 
0.000400 0.000047 0.000000 0.000594 
0.000374 0.000050 0.000000 0.000604 
0.000372 0.000041 0.000000 0.000543 
0.000397 0.000043 0.000000 0.000552 
0.000389 0.000052 0.000000 0.000612 
0.000384 0.000061 0.000000 0.000656 
0.000404 0.000054 0.000000 0.000667 
0.000389 0.000045 0.000000 0.000515 
0.000464 0.000105 0.000000 0.001015 
0.000372 0.000044 0.000000 0.000514 
0.000385 0.000036 0.000000 0.000561 
0.000405 0.000035 0.000000 0.000514 
0.000381 0.000045 0.000000 0.000540 
0.000389 0.000044 0.000000 0.000617 
0.000407 0.000037 0.000000 0.000541 
0.000412 0.000033 0.000000 0.000604 
0.000415 0.000054 0.000000 0.000914 
0.000406 0.000031 0.000000 0.000549 
0.000439 0.000104 0.000000 0.000983 
0.000392 0.000041 0.000000 0.000516 
0.000397 0.000046 0.000000 0.000723 
0.000412 0.000045 0.000000 0.000645 
0.000378 0.000051 0.000000 0.000716 
0.000409 0.000050 0.000000 0.000668 
0.000403 0.000048 0.000000 0.000665 
0.000384 0.000050 0.000000 0.000719 
0.000388 0.000051 0.000000 0.000660 
0.000391 0.000052 0.000000 0.000552 
0.000372 0.000056 0.000000 0.000616 
0.000409 0.000040 0.000000 0.000676 
0.000395 0.000046 0.000000 0.000603 
0.000425 0.000044 0.000000 0.000718 
0.000425 0.000032 0.000000 0.000522 
0.000411 0.000031 0.000000 0.000560 
0.000406 0.000041 0.000000 0.000488 
0.000404 0.000032 0.000000 0.000503 
0.000399 0.000035 0.000000 0.000512 
0.000378 0.000043 0.000000 0.000524 
0.000392 0.000034 0.000000 0.000460 
0.000404 0.000038 0.000000 0.000488 
0.000375 0.000040 0.000000 0.000492 
0.000393 0.000040 0.000000 0.000512 
0.000404 0.000033 0.000000 0.000494 
0.000400 0.000039 0.000000 0.000487 
0.000409 0.000039 0.000000 0.000531 
0.000401 0.000038 0.000000 0.000523 
0.000416 0.000045 0.000000 0.000515 
0.000414 0.000040 0.000000 0.000533 
0.000434 0.000040 0.000000 0.000613 
0.000391 0.000039 0.000000 0.000497 
0.000399 0.000038 0.000000 0.000515 
0.000411 0.000038 0.000000 0.000487 
0.000397 0.000036 0.000000 0.000565 
0.000387 0.000037 0.000000 0.000554 
0.000404 0.000039 0.000000 0.000603 
0.000405 0.000036 0.000000 0.000570 
0.000403 0.000038 0.000000 0.000628 
0.000373 0.000034 0.000000 0.000535 
0.000356 0.000057 0.000000 0.000499 
0.000358 0.000059 0.000000 0.000638 
0.000364 0.000050 0.000000 0.000543 
0.000360 0.000055 0.000000 0.000484 
0.000349 0.000054 0.000000 0.000486 
0.000353 0.000056 0.000000 0.000469 
0.000352 0.000055 0.000000 0.000523 
0.000348 0.000056 0.000000 0.000542 
0.000350 0.000069 0.000000 0.000496 
0.000363 0.000058 0.000000 0.000496 
0.000359 0.000057 0.000000 0.000551 
0.000355 0.000051 0.000000 0.000461 
0.000350 0.000056 0.000000 0.000561 
0.000359 0.000061 0.000000 0.000477 
0.000394 0.000052 0.000000 0.000773 
0.000391 0.000049 0.000000 0.000761 
0.000393 0.000050 0.000000 0.000850 
0.000386 0.000053 0.000000 0.000754 
0.000402 0.000053 0.000000 0.000806 
0.000386 0.000045 0.000000 0.000738 
0.000405 0.000068 0.000000 0.000943 
0.000381 0.000060 0.000000 0.000710 
0.000410 0.000053 0.000000 0.000877 
0.000378 0.000050 0.000000 0.000720 
0.000390 0.000056 0.000000 0.000821 
0.000391 0.000054 0.000000 0.000660 
0.000391 0.000057 0.000000 0.000839 
