0.000554 0.000286 0.000000 0.001515 
0.000539 0.000276 0.000000 0.001428 
0.000514 0.000276 0.000000 0.001581 
0.000534 0.000295 0.000000 0.001506 
0.000536 0.000273 0.000000 0.001406 
0.000537 0.000276 0.000000 0.001445 
0.000571 0.000308 0.000000 0.001600 
0.000544 0.000285 0.000000 0.001517 
0.000555 0.000301 0.000000 0.001615 
0.000520 0.000273 0.000000 0.001401 
0.000545 0.000283 0.000000 0.001514 
0.000555 0.000308 0.000000 0.001500 
0.000549 0.000299 0.000000 0.001526 
0.000515 0.000244 0.000000 0.001408 
0.000496 0.000217 0.000000 0.001206 
0.000543 0.000261 0.000000 0.001523 
0.000543 0.000292 0.000000 0.001661 
0.000520 0.000257 0.000000 0.001579 
0.000531 0.000267 0.000000 0.001487 
0.000529 0.000261 0.000000 0.001535 
0.000523 0.000280 0.000000 0.001526 
0.000533 0.000281 0.000000 0.001466 
0.000513 0.000244 0.000000 0.001525 
0.000514 0.000238 0.000000 0.001317 
0.000530 0.000247 0.000000 0.001332 
0.000524 0.000252 0.000000 0.001514 
0.000578 0.000304 0.000000 0.001629 
0.000572 0.000300 0.000000 0.001644 
0.000565 0.000314 0.000000 0.001618 
0.000548 0.000296 0.000000 0.001543 
0.000551 0.000307 0.000000 0.001585 
0.000558 0.000317 0.000000 0.001604 
0.000542 0.000292 0.000000 0.001545 
0.000574 0.000323 0.000000 0.001654 
0.000551 0.000288 0.000000 0.001535 
0.000575 0.000327 0.000000 0.001674 
0.000571 0.000301 0.000000 0.001638 
0.000578 0.000294 0.000000 0.001480 
0.000573 0.000266 0.000000 0.001416 
0.000572 0.000277 0.000000 0.001455 
0.000570 0.000282 0.000000 0.001465 
0.000570 0.000269 0.000000 0.001464 
0.000570 0.000284 0.000000 0.001410 
0.000571 0.000272 0.000000 0.001386 
0.000569 0.000273 0.000000 0.001434 
0.000573 0.000281 0.000000 0.001559 
0.000576 0.000287 0.000000 0.001512 
0.000563 0.000265 0.000000 0.001419 
0.000583 0.000293 0.000000 0.001553 
0.000604 0.000335 0.000000 0.001653 
0.000604 0.000294 0.000000 0.001462 
0.000581 0.000314 0.000000 0.001635 
0.000622 0.000343 0.000000 0.001815 
0.000624 0.000351 0.000000 0.001901 
0.000606 0.000336 0.000000 0.001798 
0.000587 0.000309 0.000000 0.001615 
0.000599 0.000298 0.000000 0.001520 
0.000604 0.000337 0.000000 0.001728 
0.000604 0.000297 0.000000 0.001534 
0.000581 0.000296 0.000000 0.001478 
0.000516 0.000289 0.000000 0.001582 
0.000506 0.000265 0.000000 0.001428 
0.000507 0.000259 0.000000 0.001503 
0.000501 0.000259 0.000000 0.001457 
0.000491 0.000233 0.000000 0.001325 
0.000500 0.000263 0.000000 0.001406 
0.000511 0.000265 0.000000 0.001513 
0.000492 0.000273 0.000000 0.001558 
0.000487 0.000260 0.000000 0.001441 
0.000496 0.000265 0.000000 0.001446 
0.000525 0.000234 0.000000 0.001258 
0.000536 0.000254 0.000000 0.001479 
0.000543 0.000232 0.000000 0.001334 
0.000535 0.000239 0.000000 0.001329 
0.000521 0.000255 0.000000 0.001414 
0.000524 0.000230 0.000000 0.001190 
0.000541 0.000236 0.000000 0.001219 
0.000542 0.000243 0.000000 0.001443 
0.000534 0.000247 0.000000 0.001364 
0.000546 0.000260 0.000000 0.001414 
0.000530 0.000239 0.000000 0.001283 
0.000551 0.000244 0.000000 0.001308 
0.000524 0.000223 0.000000 0.001220 
0.000543 0.000240 0.000000 0.001258 
0.000555 0.000271 0.000000 0.001543 
0.000544 0.000238 0.000000 0.001491 
0.000522 0.000251 0.000000 0.001337 
0.000533 0.000249 0.000000 0.001382 
0.000543 0.000260 0.000000 0.001403 
0.000508 0.000239 0.000000 0.001256 
0.000528 0.000259 0.000000 0.001362 
0.000553 0.000289 0.000000 0.001671 
0.000544 0.000255 0.000000 0.001450 
0.000520 0.000246 0.000000 0.001348 
0.000538 0.000266 0.000000 0.001414 
0.000528 0.000262 0.000000 0.001508 
0.000519 0.000248 0.000000 0.001323 
0.000530 0.000264 0.000000 0.001545 
0.000492 0.000262 0.000000 0.001501 
0.000523 0.000238 0.000000 0.001420 
0.000602 0.000353 0.000000 0.001924 
0.000607 0.000326 0.000000 0.001599 
0.000606 0.000359 0.000000 0.001866 
0.000610 0.000332 0.000000 0.001651 
0.000613 0.000362 0.000000 0.001825 
0.000612 0.000390 0.000000 0.002008 
0.000592 0.000337 0.000000 0.001717 
0.000601 0.000332 0.000000 0.001774 
0.000585 0.000336 0.000000 0.001656 
0.000611 0.000354 0.000000 0.001706 
0.000603 0.000320 0.000000 0.001659 
0.000597 0.000310 0.000000 0.001575 
0.000591 0.000323 0.000000 0.001972 
0.000611 0.000342 0.000000 0.001822 
0.000538 0.000247 0.000000 0.001384 
0.000584 0.000254 0.000000 0.001525 
0.000514 0.000249 0.000000 0.001326 
0.000519 0.000262 0.000000 0.001400 
0.000574 0.000285 0.000000 0.001507 
0.000519 0.000256 0.000000 0.001334 
0.000535 0.000242 0.000000 0.001989 
0.000505 0.000241 0.000000 0.001311 
0.000516 0.000276 0.000000 0.001526 
0.000545 0.000268 0.000000 0.001719 
0.000521 0.000246 0.000000 0.001350 
0.000569 0.000270 0.000000 0.001476 
0.000501 0.000235 0.000000 0.001353 
0.000587 0.000306 0.000000 0.001517 
0.000591 0.000328 0.000000 0.001606 
0.000563 0.000298 0.000000 0.001486 
0.000563 0.000322 0.000000 0.001759 
0.000557 0.000288 0.000000 0.001442 
0.000548 0.000292 0.000000 0.001499 
0.000573 0.000311 0.000000 0.001620 
0.000563 0.000305 0.000000 0.001586 
0.000594 0.000325 0.000000 0.001578 
0.000590 0.000309 0.000000 0.001536 
0.000572 0.000320 0.000000 0.001553 
0.000614 0.000330 0.000000 0.001717 
0.000594 0.000272 0.000000 0.001690 
0.000573 0.000269 0.000000 0.001409 
0.000591 0.000276 0.000000 0.001522 
0.000580 0.000276 0.000000 0.001490 
0.000583 0.000295 0.000000 0.001843 
0.000568 0.000286 0.000000 0.001499 
0.000582 0.000290 0.000000 0.001600 
0.000572 0.000273 0.000000 0.001459 
0.000573 0.000290 0.000000 0.001459 
0.000572 0.000276 0.000000 0.001410 
0.000574 0.000286 0.000000 0.001464 
0.000610 0.000312 0.000000 0.001708 
0.000590 0.000297 0.000000 0.001572 
0.000544 0.000289 0.000000 0.001591 
0.000500 0.000228 0.000000 0.001487 
0.000504 0.000242 0.000000 0.001338 
0.000512 0.000237 0.000000 0.001365 
0.000480 0.000242 0.000000 0.001411 
0.000548 0.000289 0.000000 0.001464 
0.000494 0.000234 0.000000 0.001344 
0.000521 0.000266 0.000000 0.001443 
0.000494 0.000252 0.000000 0.001379 
0.000512 0.000259 0.000000 0.001527 
0.000492 0.000242 0.000000 0.001403 
0.000511 0.000261 0.000000 0.001360 
0.000504 0.000270 0.000000 0.001422 
0.000495 0.000222 0.000000 0.001341 
0.000528 0.000244 0.000000 0.001287 
0.000470 0.000200 0.000000 0.001290 
0.000490 0.000205 0.000000 0.001229 
0.000471 0.000202 0.000000 0.001239 
0.000478 0.000210 0.000000 0.001318 
0.000476 0.000217 0.000000 0.001450 
0.000476 0.000214 0.000000 0.001422 
0.000514 0.000249 0.000000 0.001555 
0.000494 0.000225 0.000000 0.001467 
0.000525 0.000252 0.000000 0.001350 
0.000475 0.000198 0.000000 0.001331 
0.000493 0.000224 0.000000 0.001407 
0.000500 0.000220 0.000000 0.001359 
0.000601 0.000303 0.000000 0.001490 
0.000585 0.000310 0.000000 0.001592 
0.000585 0.000305 0.000000 0.001490 
0.000604 0.000315 0.000000 0.001590 
0.000584 0.000308 0.000000 0.001523 
0.000591 0.000314 0.000000 0.001498 
0.000610 0.000334 0.000000 0.001587 
0.000600 0.000320 0.000000 0.001643 
0.000608 0.000351 0.000000 0.002142 
0.000578 0.000307 0.000000 0.001518 
0.000602 0.000329 0.000000 0.001646 
0.000593 0.000315 0.000000 0.001566 
0.000589 0.000317 0.000000 0.001549 
