0.000457 0.000136 0.000274 0.001279 
0.000466 0.000138 0.000288 0.001411 
0.000462 0.000154 0.000266 0.001563 
0.000443 0.000159 0.000240 0.001580 
0.000443 0.000127 0.000289 0.001206 
0.000452 0.000164 0.000257 0.001734 
0.000464 0.000159 0.000280 0.001588 
0.000463 0.000155 0.000257 0.001616 
0.000471 0.000140 0.000296 0.001374 
0.000452 0.000168 0.000226 0.001760 
0.000459 0.000158 0.000280 0.001567 
0.000455 0.000159 0.000235 0.001639 
0.000444 0.000136 0.000254 0.001437 
0.000411 0.000148 0.000224 0.001242 
0.000429 0.000158 0.000251 0.001412 
0.000453 0.000152 0.000255 0.001197 
0.000451 0.000157 0.000273 0.001337 
0.000437 0.000163 0.000255 0.001646 
0.000434 0.000156 0.000246 0.001213 
0.000452 0.000154 0.000276 0.001325 
0.000429 0.000158 0.000236 0.001427 
0.000437 0.000161 0.000226 0.001289 
0.000433 0.000143 0.000236 0.001173 
0.000443 0.000152 0.000263 0.001257 
0.000447 0.000150 0.000263 0.001241 
0.000455 0.000170 0.000254 0.001386 
0.000436 0.000125 0.000256 0.001139 
0.000418 0.000125 0.000238 0.001157 
0.000425 0.000111 0.000258 0.001108 
0.000397 0.000112 0.000224 0.001042 
0.000397 0.000113 0.000228 0.001018 
0.000401 0.000111 0.000231 0.001036 
0.000415 0.000112 0.000265 0.001220 
0.000427 0.000106 0.000264 0.001033 
0.000410 0.000133 0.000233 0.001374 
0.000424 0.000117 0.000258 0.001190 
0.000421 0.000118 0.000255 0.001217 
0.000453 0.000124 0.000280 0.001335 
0.000464 0.000119 0.000275 0.001152 
0.000457 0.000125 0.000285 0.001229 
0.000462 0.000124 0.000267 0.001306 
0.000461 0.000118 0.000259 0.001249 
0.000423 0.000128 0.000235 0.001365 
0.000453 0.000116 0.000255 0.001186 
0.000440 0.000126 0.000249 0.001369 
0.000450 0.000115 0.000239 0.001200 
0.000448 0.000121 0.000279 0.001287 
0.000449 0.000123 0.000253 0.001253 
0.000449 0.000113 0.000262 0.001164 
0.000445 0.000151 0.000242 0.001415 
0.000448 0.000143 0.000214 0.001404 
0.000454 0.000165 0.000208 0.001549 
0.000465 0.000156 0.000271 0.001542 
0.000473 0.000142 0.000260 0.001261 
0.000458 0.000146 0.000237 0.001291 
0.000448 0.000170 0.000188 0.001515 
0.000455 0.000162 0.000242 0.001393 
0.000431 0.000138 0.000232 0.001430 
0.000466 0.000149 0.000250 0.001341 
0.000441 0.000147 0.000254 0.001570 
0.000400 0.000111 0.000224 0.001074 
0.000401 0.000103 0.000230 0.000931 
0.000433 0.000107 0.000263 0.000921 
0.000415 0.000108 0.000231 0.000997 
0.000390 0.000124 0.000187 0.001205 
0.000409 0.000106 0.000218 0.000923 
0.000413 0.000103 0.000259 0.000886 
0.000402 0.000104 0.000229 0.000929 
0.000381 0.000094 0.000227 0.000876 
0.000387 0.000106 0.000188 0.001001 
0.000449 0.000131 0.000264 0.001093 
0.000437 0.000104 0.000271 0.000960 
0.000442 0.000121 0.000254 0.001055 
0.000447 0.000130 0.000274 0.001069 
0.000447 0.000124 0.000252 0.001068 
0.000422 0.000126 0.000213 0.001122 
0.000452 0.000119 0.000274 0.000952 
0.000451 0.000121 0.000265 0.001132 
0.000450 0.000121 0.000262 0.001073 
0.000444 0.000110 0.000252 0.001053 
0.000443 0.000113 0.000266 0.000982 
0.000451 0.000124 0.000253 0.001045 
0.000436 0.000127 0.000261 0.001082 
0.000449 0.000123 0.000271 0.001007 
0.000450 0.000113 0.000270 0.001021 
0.000425 0.000116 0.000232 0.001083 
0.000455 0.000164 0.000206 0.001345 
0.000463 0.000171 0.000199 0.001473 
0.000459 0.000168 0.000248 0.001621 
0.000449 0.000173 0.000245 0.001554 
0.000455 0.000166 0.000218 0.001559 
0.000446 0.000167 0.000205 0.001641 
0.000470 0.000176 0.000227 0.001529 
0.000464 0.000166 0.000246 0.001489 
0.000457 0.000179 0.000187 0.001576 
0.000464 0.000182 0.000235 0.001625 
0.000451 0.000164 0.000230 0.001380 
0.000451 0.000161 0.000203 0.001535 
0.000446 0.000173 0.000230 0.001531 
0.000475 0.000171 0.000223 0.001597 
0.000491 0.000163 0.000225 0.001221 
0.000483 0.000152 0.000226 0.001244 
0.000477 0.000162 0.000175 0.001239 
0.000479 0.000162 0.000223 0.001368 
0.000483 0.000163 0.000247 0.001393 
0.000491 0.000162 0.000243 0.001395 
0.000480 0.000143 0.000202 0.001207 
0.000462 0.000147 0.000233 0.001378 
0.000475 0.000160 0.000229 0.001298 
0.000473 0.000150 0.000255 0.001151 
0.000491 0.000153 0.000241 0.001123 
0.000474 0.000145 0.000245 0.001133 
0.000487 0.000148 0.000228 0.001224 
0.000496 0.000145 0.000261 0.001184 
0.000559 0.000174 0.000315 0.001439 
0.000516 0.000160 0.000323 0.001322 
0.000526 0.000180 0.000314 0.001630 
0.000528 0.000180 0.000310 0.001340 
0.000528 0.000171 0.000317 0.001494 
0.000530 0.000185 0.000259 0.001550 
0.000525 0.000195 0.000306 0.001509 
0.000520 0.000196 0.000262 0.001897 
0.000544 0.000181 0.000322 0.001424 
0.000515 0.000185 0.000291 0.001704 
0.000552 0.000171 0.000334 0.001588 
0.000513 0.000171 0.000279 0.001436 
0.000538 0.000202 0.000289 0.001818 
0.000560 0.000166 0.000358 0.001525 
0.000555 0.000145 0.000382 0.001341 
0.000608 0.000179 0.000384 0.001560 
0.000584 0.000150 0.000385 0.001328 
0.000558 0.000169 0.000365 0.001430 
0.000566 0.000173 0.000347 0.001521 
0.000584 0.000161 0.000361 0.001383 
0.000535 0.000162 0.000361 0.001517 
0.000577 0.000159 0.000388 0.001451 
0.000636 0.000200 0.000376 0.001697 
0.000591 0.000171 0.000376 0.001507 
0.000616 0.000170 0.000398 0.001473 
0.000504 0.000164 0.000275 0.001424 
0.000489 0.000152 0.000260 0.001356 
0.000480 0.000160 0.000256 0.001483 
0.000470 0.000175 0.000251 0.001663 
0.000468 0.000146 0.000276 0.001459 
0.000453 0.000156 0.000262 0.001749 
0.000461 0.000140 0.000275 0.001283 
0.000475 0.000176 0.000258 0.001649 
0.000426 0.000150 0.000227 0.001407 
0.000458 0.000173 0.000240 0.001537 
0.000491 0.000146 0.000283 0.001333 
0.000472 0.000166 0.000272 0.001593 
0.000486 0.000143 0.000299 0.001348 
0.000401 0.000082 0.000259 0.000940 
0.000386 0.000096 0.000227 0.000939 
0.000391 0.000094 0.000225 0.001015 
0.000380 0.000112 0.000196 0.001068 
0.000371 0.000096 0.000196 0.001010 
0.000400 0.000085 0.000243 0.000951 
0.000393 0.000086 0.000241 0.000913 
0.000385 0.000087 0.000232 0.000978 
0.000391 0.000091 0.000208 0.000905 
0.000400 0.000077 0.000272 0.000917 
0.000402 0.000082 0.000253 0.000845 
0.000375 0.000092 0.000221 0.000912 
0.000375 0.000091 0.000203 0.000949 
0.000422 0.000143 0.000199 0.001174 
0.000414 0.000140 0.000228 0.001151 
0.000378 0.000138 0.000188 0.001379 
0.000397 0.000133 0.000209 0.001189 
0.000396 0.000155 0.000189 0.001563 
0.000389 0.000154 0.000192 0.001456 
0.000387 0.000138 0.000188 0.001333 
0.000384 0.000148 0.000190 0.001402 
0.000414 0.000135 0.000230 0.001202 
0.000406 0.000150 0.000224 0.001588 
0.000403 0.000137 0.000202 0.001239 
0.000393 0.000140 0.000216 0.001310 
0.000384 0.000133 0.000204 0.001387 
0.000411 0.000135 0.000249 0.001208 
0.000459 0.000171 0.000276 0.001779 
0.000504 0.000163 0.000262 0.001368 
0.000467 0.000172 0.000240 0.001630 
0.000479 0.000160 0.000259 0.001429 
0.000492 0.000187 0.000234 0.001517 
0.000467 0.000156 0.000276 0.001566 
0.000485 0.000161 0.000291 0.001339 
0.000481 0.000183 0.000260 0.001694 
0.000498 0.000170 0.000271 0.001573 
0.000454 0.000175 0.000231 0.001599 
0.000502 0.000156 0.000282 0.001248 
0.000512 0.000154 0.000313 0.001313 
0.000495 0.000158 0.000280 0.001406 
