0.000963 0.000145 0.000688 0.001446 
0.000943 0.000147 0.000694 0.001413 
0.000927 0.000174 0.000665 0.001383 
0.000967 0.000156 0.000653 0.001371 
0.000937 0.000181 0.000651 0.001547 
0.000937 0.000193 0.000612 0.001531 
0.000958 0.000177 0.000634 0.001485 
0.000981 0.000162 0.000711 0.001454 
0.000933 0.000177 0.000658 0.001497 
0.000966 0.000176 0.000714 0.001503 
0.000939 0.000165 0.000660 0.001392 
0.000946 0.000182 0.000656 0.001533 
0.000934 0.000189 0.000647 0.001484 
0.001026 0.000286 0.000630 0.001905 
0.001137 0.000281 0.000732 0.001908 
0.001070 0.000262 0.000707 0.001861 
0.001031 0.000294 0.000617 0.001933 
0.001133 0.000284 0.000727 0.001946 
0.001105 0.000290 0.000698 0.001910 
0.001175 0.000258 0.000791 0.001943 
0.001133 0.000261 0.000745 0.001933 
0.001038 0.000280 0.000651 0.001806 
0.001053 0.000284 0.000660 0.001824 
0.001060 0.000263 0.000686 0.001927 
0.001130 0.000292 0.000672 0.001881 
0.001055 0.000285 0.000681 0.001947 
0.001083 0.000211 0.000682 0.001678 
0.001027 0.000186 0.000682 0.001659 
0.001101 0.000212 0.000686 0.001667 
0.001018 0.000205 0.000700 0.001733 
0.001083 0.000205 0.000678 0.001664 
0.001058 0.000199 0.000689 0.001675 
0.001055 0.000176 0.000712 0.001645 
0.001130 0.000185 0.000773 0.001676 
0.001131 0.000228 0.000680 0.001725 
0.001038 0.000203 0.000654 0.001693 
0.001084 0.000203 0.000748 0.001753 
0.001214 0.000306 0.000739 0.001986 
0.001227 0.000301 0.000800 0.001934 
0.001279 0.000301 0.000846 0.001928 
0.001210 0.000308 0.000772 0.001862 
0.001272 0.000331 0.000779 0.002080 
0.001242 0.000290 0.000721 0.001899 
0.001178 0.000305 0.000699 0.001875 
0.001202 0.000306 0.000750 0.002056 
0.001159 0.000291 0.000759 0.002064 
0.001192 0.000321 0.000723 0.001925 
0.001167 0.000271 0.000755 0.001925 
0.001199 0.000342 0.000750 0.001987 
0.001241 0.000438 0.000700 0.002208 
0.001208 0.000422 0.000660 0.002004 
0.001192 0.000405 0.000683 0.002102 
0.001219 0.000419 0.000684 0.002033 
0.001196 0.000389 0.000673 0.002056 
0.001226 0.000420 0.000682 0.002217 
0.001241 0.000441 0.000662 0.002138 
0.001230 0.000423 0.000690 0.002090 
0.001258 0.000454 0.000695 0.002175 
0.001194 0.000426 0.000674 0.002022 
0.001195 0.000389 0.000692 0.001916 
0.000972 0.000191 0.000668 0.001784 
0.000915 0.000193 0.000595 0.001602 
0.000974 0.000193 0.000656 0.001661 
0.000969 0.000189 0.000645 0.001628 
0.000876 0.000198 0.000568 0.001656 
0.000950 0.000183 0.000670 0.001610 
0.000938 0.000211 0.000652 0.001878 
0.000948 0.000201 0.000630 0.001602 
0.000888 0.000219 0.000554 0.001628 
0.000920 0.000216 0.000669 0.001800 
0.001008 0.000192 0.000696 0.001661 
0.000906 0.000205 0.000589 0.001690 
0.000998 0.000162 0.000731 0.001643 
0.001014 0.000183 0.000686 0.001668 
0.000998 0.000178 0.000703 0.001607 
0.000970 0.000187 0.000654 0.001744 
0.000990 0.000186 0.000704 0.001771 
0.000972 0.000180 0.000672 0.001728 
0.000992 0.000181 0.000641 0.001616 
0.001000 0.000172 0.000725 0.001707 
0.000977 0.000187 0.000684 0.001724 
0.001011 0.000173 0.000694 0.001827 
0.000969 0.000189 0.000603 0.001576 
0.000934 0.000176 0.000675 0.001716 
0.000955 0.000179 0.000637 0.001726 
0.000977 0.000162 0.000687 0.001657 
0.001032 0.000130 0.000730 0.001439 
0.000923 0.000143 0.000693 0.001389 
0.001064 0.000151 0.000818 0.001597 
0.000991 0.000137 0.000741 0.001495 
0.001030 0.000161 0.000735 0.001538 
0.000967 0.000162 0.000728 0.001584 
0.001086 0.000144 0.000847 0.001531 
0.001043 0.000180 0.000743 0.001669 
0.000956 0.000114 0.000756 0.001379 
0.001045 0.000164 0.000816 0.001650 
0.001024 0.000139 0.000757 0.001489 
0.001036 0.000134 0.000791 0.001510 
0.000983 0.000167 0.000700 0.001560 
0.000962 0.000137 0.000708 0.001391 
0.001439 0.000469 0.000840 0.002465 
0.001504 0.000489 0.000863 0.002576 
0.001380 0.000478 0.000787 0.002416 
0.001548 0.000515 0.000881 0.002591 
0.001468 0.000501 0.000830 0.002656 
0.001473 0.000508 0.000848 0.002548 
0.001451 0.000503 0.000837 0.002660 
0.001440 0.000490 0.000840 0.002570 
0.001437 0.000535 0.000811 0.002610 
0.001486 0.000465 0.000872 0.002734 
0.001485 0.000488 0.000825 0.002447 
0.001439 0.000480 0.000835 0.002440 
0.001499 0.000473 0.000837 0.002512 
0.001450 0.000489 0.000820 0.002434 
0.001083 0.000282 0.000420 0.001913 
0.001114 0.000210 0.000675 0.001791 
0.001193 0.000194 0.000822 0.001713 
0.001183 0.000220 0.000819 0.001871 
0.001169 0.000195 0.000748 0.001903 
0.001106 0.000255 0.000701 0.001929 
0.001238 0.000256 0.000824 0.001998 
0.001134 0.000225 0.000687 0.001824 
0.001186 0.000154 0.000841 0.001658 
0.001213 0.000215 0.000884 0.001754 
0.001179 0.000211 0.000752 0.001711 
0.001181 0.000214 0.000710 0.001772 
0.001211 0.000217 0.000900 0.001817 
0.001130 0.000265 0.000735 0.002159 
0.001103 0.000258 0.000748 0.002172 
0.001075 0.000195 0.000761 0.001886 
0.001099 0.000275 0.000687 0.002210 
0.001117 0.000260 0.000742 0.002189 
0.001083 0.000231 0.000768 0.002016 
0.001097 0.000239 0.000723 0.002051 
0.001159 0.000203 0.000881 0.001961 
0.001158 0.000304 0.000662 0.002412 
0.001130 0.000235 0.000764 0.001970 
0.001126 0.000262 0.000730 0.002099 
0.001080 0.000226 0.000662 0.002021 
0.001510 0.000598 0.000757 0.002766 
0.001393 0.000574 0.000692 0.002595 
0.001486 0.000620 0.000724 0.002712 
0.001458 0.000581 0.000774 0.002732 
0.001496 0.000667 0.000695 0.002851 
0.001453 0.000607 0.000696 0.002656 
0.001476 0.000617 0.000724 0.002771 
0.001581 0.000668 0.000742 0.002707 
0.001511 0.000631 0.000706 0.002764 
0.001488 0.000607 0.000686 0.002715 
0.001470 0.000602 0.000626 0.002686 
0.001467 0.000623 0.000706 0.002729 
0.001471 0.000569 0.000747 0.002636 
0.000903 0.000155 0.000620 0.001446 
0.000998 0.000208 0.000630 0.001824 
0.001028 0.000178 0.000706 0.001598 
0.001074 0.000176 0.000767 0.001589 
0.000976 0.000167 0.000655 0.001540 
0.000921 0.000185 0.000614 0.001552 
0.000972 0.000170 0.000684 0.001581 
0.000892 0.000223 0.000517 0.001620 
0.000966 0.000183 0.000621 0.001388 
0.000897 0.000206 0.000537 0.001713 
0.000960 0.000227 0.000508 0.001777 
0.000966 0.000226 0.000520 0.001613 
0.001023 0.000224 0.000668 0.001663 
0.000923 0.000172 0.000688 0.001639 
0.000904 0.000178 0.000554 0.001494 
0.000933 0.000161 0.000617 0.001579 
0.000890 0.000148 0.000644 0.001476 
0.000922 0.000170 0.000500 0.001608 
0.000920 0.000149 0.000612 0.001511 
0.000896 0.000146 0.000683 0.001582 
0.000889 0.000148 0.000598 0.001392 
0.000931 0.000156 0.000699 0.001519 
0.000947 0.000181 0.000581 0.001558 
0.000904 0.000164 0.000524 0.001478 
0.000922 0.000153 0.000661 0.001648 
0.000880 0.000183 0.000536 0.001676 
0.000911 0.000124 0.000661 0.001464 
0.001248 0.000276 0.000888 0.002038 
0.001223 0.000242 0.000907 0.001968 
0.001206 0.000229 0.000869 0.001975 
0.001237 0.000252 0.000918 0.001984 
0.001229 0.000253 0.000894 0.001940 
0.001249 0.000283 0.000893 0.001979 
0.001267 0.000265 0.000952 0.002080 
0.001266 0.000264 0.000925 0.002029 
0.001279 0.000262 0.000961 0.002043 
0.001201 0.000262 0.000825 0.001985 
0.001205 0.000262 0.000882 0.002120 
0.001258 0.000249 0.000891 0.001919 
0.001274 0.000281 0.000847 0.001947 
