0.000538 0.000053 0.000415 0.000695 
0.000557 0.000045 0.000457 0.000685 
0.000541 0.000040 0.000446 0.000666 
0.000539 0.000050 0.000419 0.000709 
0.000546 0.000050 0.000419 0.000690 
0.000543 0.000053 0.000427 0.000696 
0.000558 0.000058 0.000450 0.000744 
0.000561 0.000050 0.000451 0.000698 
0.000538 0.000046 0.000438 0.000673 
0.000550 0.000042 0.000442 0.000674 
0.000543 0.000052 0.000416 0.000721 
0.000543 0.000057 0.000431 0.000708 
0.000542 0.000051 0.000416 0.000696 
0.000473 0.000104 0.000284 0.000811 
0.000487 0.000105 0.000315 0.000862 
0.000491 0.000100 0.000344 0.000824 
0.000488 0.000089 0.000337 0.000791 
0.000508 0.000124 0.000326 0.000951 
0.000490 0.000105 0.000314 0.000853 
0.000506 0.000102 0.000340 0.000845 
0.000498 0.000105 0.000336 0.000845 
0.000470 0.000095 0.000319 0.000806 
0.000482 0.000088 0.000342 0.000792 
0.000483 0.000093 0.000332 0.000792 
0.000503 0.000089 0.000346 0.000800 
0.000492 0.000103 0.000336 0.000834 
0.000546 0.000052 0.000429 0.000695 
0.000517 0.000043 0.000421 0.000645 
0.000533 0.000050 0.000434 0.000717 
0.000498 0.000053 0.000370 0.000672 
0.000491 0.000052 0.000372 0.000664 
0.000498 0.000045 0.000381 0.000643 
0.000518 0.000044 0.000417 0.000656 
0.000514 0.000045 0.000418 0.000659 
0.000521 0.000044 0.000411 0.000681 
0.000520 0.000051 0.000416 0.000656 
0.000518 0.000052 0.000398 0.000649 
0.000540 0.000070 0.000402 0.000746 
0.000544 0.000078 0.000385 0.000779 
0.000535 0.000081 0.000388 0.000783 
0.000537 0.000072 0.000415 0.000768 
0.000536 0.000075 0.000402 0.000747 
0.000537 0.000079 0.000373 0.000762 
0.000541 0.000072 0.000398 0.000753 
0.000539 0.000086 0.000383 0.000794 
0.000545 0.000084 0.000340 0.000793 
0.000525 0.000073 0.000377 0.000732 
0.000531 0.000068 0.000417 0.000746 
0.000531 0.000071 0.000399 0.000748 
0.000533 0.000072 0.000410 0.000778 
0.000531 0.000069 0.000384 0.000784 
0.000523 0.000066 0.000398 0.000772 
0.000540 0.000062 0.000410 0.000719 
0.000534 0.000054 0.000415 0.000723 
0.000534 0.000072 0.000397 0.000764 
0.000539 0.000067 0.000411 0.000761 
0.000540 0.000051 0.000422 0.000733 
0.000536 0.000064 0.000407 0.000765 
0.000531 0.000056 0.000403 0.000736 
0.000546 0.000065 0.000421 0.000803 
0.000542 0.000096 0.000394 0.000828 
0.000510 0.000089 0.000369 0.000840 
0.000541 0.000084 0.000412 0.000812 
0.000553 0.000129 0.000342 0.000984 
0.000513 0.000093 0.000366 0.000860 
0.000537 0.000098 0.000375 0.000875 
0.000526 0.000102 0.000369 0.000944 
0.000527 0.000091 0.000378 0.000833 
0.000509 0.000085 0.000357 0.000800 
0.000507 0.000090 0.000358 0.000848 
0.000540 0.000062 0.000427 0.000762 
0.000524 0.000057 0.000410 0.000739 
0.000540 0.000068 0.000438 0.000807 
0.000538 0.000078 0.000389 0.000804 
0.000527 0.000062 0.000419 0.000774 
0.000541 0.000069 0.000425 0.000795 
0.000545 0.000060 0.000429 0.000757 
0.000551 0.000062 0.000450 0.000795 
0.000543 0.000067 0.000438 0.000808 
0.000550 0.000072 0.000433 0.000817 
0.000546 0.000067 0.000430 0.000775 
0.000544 0.000064 0.000454 0.000808 
0.000530 0.000071 0.000393 0.000811 
0.000545 0.000060 0.000445 0.000790 
0.000541 0.000055 0.000423 0.000747 
0.000526 0.000064 0.000398 0.000759 
0.000561 0.000051 0.000451 0.000761 
0.000567 0.000050 0.000447 0.000735 
0.000562 0.000049 0.000456 0.000729 
0.000556 0.000049 0.000437 0.000708 
0.000568 0.000040 0.000459 0.000711 
0.000570 0.000043 0.000473 0.000733 
0.000572 0.000048 0.000449 0.000741 
0.000566 0.000047 0.000476 0.000766 
0.000570 0.000040 0.000467 0.000716 
0.000559 0.000038 0.000474 0.000667 
0.000552 0.000054 0.000441 0.000753 
0.000564 0.000045 0.000453 0.000722 
0.000563 0.000047 0.000435 0.000739 
0.000580 0.000047 0.000473 0.000765 
0.000538 0.000075 0.000404 0.000758 
0.000542 0.000077 0.000405 0.000763 
0.000533 0.000067 0.000396 0.000713 
0.000558 0.000080 0.000415 0.000817 
0.000542 0.000074 0.000418 0.000770 
0.000514 0.000071 0.000363 0.000701 
0.000525 0.000074 0.000368 0.000722 
0.000535 0.000072 0.000391 0.000761 
0.000513 0.000066 0.000376 0.000702 
0.000525 0.000071 0.000393 0.000753 
0.000557 0.000077 0.000410 0.000771 
0.000521 0.000067 0.000388 0.000704 
0.000523 0.000066 0.000415 0.000708 
0.000536 0.000059 0.000405 0.000699 
0.000568 0.000078 0.000418 0.000865 
0.000553 0.000097 0.000421 0.000941 
0.000557 0.000090 0.000427 0.000921 
0.000554 0.000109 0.000396 0.001020 
0.000570 0.000099 0.000422 0.000968 
0.000543 0.000118 0.000396 0.001019 
0.000568 0.000103 0.000416 0.000987 
0.000565 0.000099 0.000444 0.000972 
0.000565 0.000087 0.000451 0.000875 
0.000542 0.000095 0.000416 0.000944 
0.000566 0.000097 0.000436 0.000959 
0.000556 0.000092 0.000409 0.000873 
0.000561 0.000085 0.000434 0.000897 
0.000578 0.000055 0.000452 0.000748 
0.000572 0.000062 0.000417 0.000738 
0.000566 0.000059 0.000418 0.000753 
0.000582 0.000059 0.000410 0.000737 
0.000579 0.000056 0.000428 0.000742 
0.000571 0.000055 0.000426 0.000739 
0.000557 0.000052 0.000428 0.000699 
0.000587 0.000058 0.000437 0.000750 
0.000556 0.000053 0.000441 0.000727 
0.000577 0.000054 0.000431 0.000734 
0.000576 0.000066 0.000414 0.000784 
0.000591 0.000058 0.000449 0.000745 
0.000564 0.000060 0.000419 0.000747 
0.000549 0.000056 0.000434 0.000724 
0.000562 0.000063 0.000434 0.000744 
0.000542 0.000060 0.000399 0.000748 
0.000552 0.000061 0.000424 0.000741 
0.000536 0.000065 0.000389 0.000728 
0.000540 0.000059 0.000381 0.000721 
0.000551 0.000058 0.000424 0.000727 
0.000528 0.000063 0.000390 0.000759 
0.000533 0.000060 0.000418 0.000709 
0.000556 0.000060 0.000439 0.000718 
0.000557 0.000055 0.000417 0.000733 
0.000567 0.000068 0.000402 0.000764 
0.000578 0.000041 0.000471 0.000702 
0.000595 0.000038 0.000511 0.000703 
0.000590 0.000045 0.000455 0.000724 
0.000590 0.000039 0.000460 0.000718 
0.000558 0.000052 0.000411 0.000695 
0.000596 0.000032 0.000486 0.000732 
0.000590 0.000044 0.000451 0.000737 
0.000579 0.000034 0.000490 0.000676 
0.000592 0.000035 0.000475 0.000697 
0.000592 0.000040 0.000477 0.000721 
0.000577 0.000041 0.000482 0.000695 
0.000568 0.000037 0.000496 0.000693 
0.000572 0.000043 0.000446 0.000695 
0.000510 0.000045 0.000409 0.000663 
0.000523 0.000048 0.000426 0.000678 
0.000505 0.000050 0.000394 0.000642 
0.000511 0.000053 0.000388 0.000661 
0.000501 0.000049 0.000402 0.000635 
0.000495 0.000047 0.000370 0.000621 
0.000507 0.000050 0.000405 0.000662 
0.000509 0.000046 0.000426 0.000649 
0.000520 0.000039 0.000435 0.000643 
0.000517 0.000056 0.000388 0.000686 
0.000494 0.000044 0.000405 0.000626 
0.000517 0.000040 0.000436 0.000621 
0.000508 0.000051 0.000411 0.000661 
0.000518 0.000041 0.000438 0.000640 
0.000600 0.000063 0.000494 0.000834 
0.000594 0.000053 0.000477 0.000756 
0.000596 0.000044 0.000516 0.000719 
0.000587 0.000054 0.000494 0.000778 
0.000595 0.000053 0.000489 0.000767 
0.000584 0.000049 0.000489 0.000740 
0.000616 0.000044 0.000531 0.000791 
0.000574 0.000048 0.000474 0.000737 
0.000594 0.000041 0.000515 0.000753 
0.000579 0.000062 0.000468 0.000788 
0.000600 0.000049 0.000500 0.000767 
0.000578 0.000063 0.000465 0.000777 
0.000587 0.000050 0.000508 0.000767 
