0.000556 0.000116 0.000303 0.001091 
0.000569 0.000145 0.000292 0.001132 
0.000551 0.000142 0.000252 0.001125 
0.000538 0.000123 0.000302 0.001077 
0.000548 0.000120 0.000310 0.001035 
0.000549 0.000122 0.000315 0.001105 
0.000560 0.000123 0.000327 0.001151 
0.000556 0.000136 0.000306 0.001157 
0.000537 0.000126 0.000328 0.001115 
0.000550 0.000137 0.000263 0.001136 
0.000546 0.000125 0.000305 0.001086 
0.000543 0.000124 0.000306 0.001064 
0.000543 0.000123 0.000322 0.001129 
0.000534 0.000129 0.000297 0.000961 
0.000564 0.000131 0.000302 0.001012 
0.000545 0.000139 0.000307 0.001030 
0.000575 0.000133 0.000285 0.001067 
0.000556 0.000148 0.000288 0.001132 
0.000545 0.000124 0.000284 0.000998 
0.000540 0.000121 0.000302 0.000941 
0.000545 0.000147 0.000267 0.001002 
0.000555 0.000167 0.000235 0.001098 
0.000555 0.000151 0.000292 0.001024 
0.000535 0.000129 0.000291 0.000975 
0.000527 0.000129 0.000288 0.001005 
0.000553 0.000135 0.000336 0.000993 
0.000615 0.000162 0.000347 0.001378 
0.000575 0.000169 0.000285 0.001244 
0.000603 0.000152 0.000363 0.001222 
0.000559 0.000158 0.000249 0.001157 
0.000553 0.000163 0.000274 0.001300 
0.000574 0.000167 0.000269 0.001190 
0.000593 0.000162 0.000302 0.001340 
0.000618 0.000158 0.000323 0.001305 
0.000559 0.000153 0.000284 0.001184 
0.000574 0.000159 0.000294 0.001252 
0.000607 0.000145 0.000332 0.001243 
0.000636 0.000173 0.000360 0.001387 
0.000637 0.000168 0.000381 0.001411 
0.000635 0.000195 0.000345 0.001472 
0.000639 0.000173 0.000338 0.001388 
0.000637 0.000167 0.000372 0.001390 
0.000618 0.000214 0.000319 0.001501 
0.000615 0.000157 0.000380 0.001324 
0.000646 0.000204 0.000330 0.001530 
0.000623 0.000166 0.000367 0.001322 
0.000644 0.000217 0.000352 0.001581 
0.000621 0.000183 0.000324 0.001390 
0.000645 0.000217 0.000353 0.001510 
0.000590 0.000139 0.000338 0.001223 
0.000593 0.000142 0.000364 0.001198 
0.000596 0.000135 0.000344 0.001245 
0.000625 0.000130 0.000371 0.001202 
0.000615 0.000131 0.000385 0.001302 
0.000589 0.000126 0.000376 0.001275 
0.000609 0.000134 0.000347 0.001248 
0.000606 0.000133 0.000389 0.001297 
0.000592 0.000131 0.000328 0.001205 
0.000599 0.000135 0.000376 0.001198 
0.000602 0.000130 0.000348 0.001177 
0.000541 0.000134 0.000347 0.001179 
0.000535 0.000127 0.000350 0.001157 
0.000556 0.000129 0.000335 0.001151 
0.000530 0.000120 0.000335 0.001115 
0.000523 0.000132 0.000266 0.001136 
0.000557 0.000136 0.000325 0.001191 
0.000539 0.000120 0.000348 0.001127 
0.000544 0.000122 0.000315 0.001001 
0.000514 0.000129 0.000315 0.001154 
0.000536 0.000130 0.000310 0.001198 
0.000605 0.000145 0.000338 0.001120 
0.000606 0.000135 0.000385 0.001074 
0.000594 0.000135 0.000371 0.001105 
0.000619 0.000155 0.000334 0.001168 
0.000588 0.000154 0.000315 0.001218 
0.000609 0.000152 0.000373 0.001198 
0.000624 0.000130 0.000383 0.001068 
0.000606 0.000146 0.000354 0.001110 
0.000600 0.000149 0.000295 0.001084 
0.000607 0.000140 0.000362 0.001129 
0.000582 0.000139 0.000338 0.001096 
0.000628 0.000135 0.000373 0.001128 
0.000614 0.000148 0.000378 0.001122 
0.000578 0.000136 0.000349 0.001057 
0.000600 0.000146 0.000341 0.001149 
0.000611 0.000170 0.000364 0.001230 
0.000567 0.000126 0.000348 0.001201 
0.000569 0.000128 0.000364 0.001228 
0.000585 0.000130 0.000384 0.001250 
0.000571 0.000120 0.000350 0.001190 
0.000583 0.000133 0.000376 0.001236 
0.000565 0.000116 0.000381 0.001167 
0.000602 0.000144 0.000382 0.001337 
0.000601 0.000126 0.000382 0.001185 
0.000569 0.000134 0.000352 0.001232 
0.000646 0.000137 0.000347 0.001264 
0.000566 0.000125 0.000350 0.001171 
0.000596 0.000142 0.000351 0.001312 
0.000565 0.000119 0.000343 0.001053 
0.000588 0.000119 0.000379 0.001085 
0.000600 0.000165 0.000378 0.001461 
0.000618 0.000174 0.000373 0.001507 
0.000599 0.000168 0.000388 0.001521 
0.000591 0.000148 0.000388 0.001347 
0.000612 0.000175 0.000356 0.001558 
0.000607 0.000164 0.000352 0.001400 
0.000597 0.000183 0.000332 0.001560 
0.000601 0.000159 0.000340 0.001366 
0.000610 0.000160 0.000337 0.001426 
0.000594 0.000162 0.000360 0.001365 
0.000606 0.000155 0.000404 0.001468 
0.000606 0.000156 0.000382 0.001427 
0.000614 0.000191 0.000390 0.001606 
0.000620 0.000155 0.000379 0.001496 
0.000587 0.000107 0.000403 0.000901 
0.000556 0.000110 0.000365 0.000959 
0.000562 0.000130 0.000327 0.001033 
0.000570 0.000120 0.000328 0.001004 
0.000580 0.000132 0.000355 0.001164 
0.000558 0.000120 0.000315 0.000974 
0.000573 0.000119 0.000320 0.000943 
0.000574 0.000113 0.000360 0.001003 
0.000556 0.000121 0.000308 0.000942 
0.000604 0.000134 0.000339 0.001114 
0.000575 0.000134 0.000347 0.001167 
0.000554 0.000129 0.000333 0.001060 
0.000580 0.000103 0.000376 0.000937 
0.000627 0.000142 0.000364 0.001243 
0.000671 0.000166 0.000335 0.001343 
0.000619 0.000149 0.000311 0.001252 
0.000625 0.000165 0.000358 0.001267 
0.000634 0.000149 0.000340 0.001172 
0.000648 0.000172 0.000283 0.001434 
0.000624 0.000150 0.000341 0.001181 
0.000631 0.000167 0.000340 0.001302 
0.000615 0.000147 0.000338 0.001194 
0.000628 0.000165 0.000346 0.001342 
0.000628 0.000170 0.000341 0.001334 
0.000649 0.000159 0.000386 0.001224 
0.000752 0.000224 0.000425 0.001498 
0.000688 0.000229 0.000390 0.001510 
0.000720 0.000223 0.000371 0.001442 
0.000746 0.000228 0.000373 0.001476 
0.000728 0.000244 0.000364 0.001497 
0.000682 0.000238 0.000355 0.001621 
0.000705 0.000213 0.000366 0.001390 
0.000721 0.000222 0.000374 0.001464 
0.000706 0.000279 0.000313 0.001672 
0.000753 0.000245 0.000394 0.001555 
0.000716 0.000229 0.000404 0.001443 
0.000734 0.000234 0.000398 0.001608 
0.000699 0.000238 0.000364 0.001588 
0.000608 0.000156 0.000358 0.001341 
0.000621 0.000159 0.000348 0.001196 
0.000634 0.000162 0.000335 0.001321 
0.000660 0.000183 0.000367 0.001296 
0.000611 0.000153 0.000340 0.001224 
0.000609 0.000157 0.000351 0.001285 
0.000611 0.000146 0.000340 0.001081 
0.000611 0.000155 0.000359 0.001230 
0.000601 0.000140 0.000324 0.001048 
0.000605 0.000137 0.000308 0.001091 
0.000600 0.000149 0.000350 0.001206 
0.000620 0.000177 0.000362 0.001372 
0.000589 0.000143 0.000327 0.001065 
0.000542 0.000108 0.000366 0.000967 
0.000545 0.000098 0.000325 0.000924 
0.000543 0.000110 0.000347 0.000921 
0.000546 0.000096 0.000359 0.000921 
0.000533 0.000108 0.000304 0.001011 
0.000531 0.000110 0.000321 0.001046 
0.000551 0.000125 0.000339 0.001045 
0.000547 0.000113 0.000307 0.000986 
0.000510 0.000096 0.000348 0.000896 
0.000533 0.000104 0.000347 0.000968 
0.000549 0.000120 0.000342 0.000983 
0.000549 0.000096 0.000374 0.000952 
0.000540 0.000124 0.000290 0.001043 
0.000569 0.000120 0.000349 0.001030 
0.000641 0.000117 0.000430 0.001199 
0.000613 0.000116 0.000398 0.001075 
0.000624 0.000125 0.000396 0.001063 
0.000631 0.000133 0.000371 0.001143 
0.000658 0.000148 0.000361 0.001231 
0.000649 0.000137 0.000386 0.001060 
0.000664 0.000134 0.000410 0.001133 
0.000639 0.000134 0.000415 0.001201 
0.000649 0.000119 0.000417 0.001046 
0.000595 0.000123 0.000329 0.001073 
0.000645 0.000116 0.000428 0.001021 
0.000625 0.000125 0.000393 0.001154 
0.000629 0.000127 0.000408 0.001063 
