0.000584 0.000072 0.000397 0.000852 
0.000551 0.000066 0.000404 0.000818 
0.000533 0.000057 0.000401 0.000792 
0.000560 0.000073 0.000361 0.000815 
0.000571 0.000069 0.000389 0.000854 
0.000578 0.000080 0.000366 0.000878 
0.000583 0.000067 0.000391 0.000824 
0.000583 0.000070 0.000393 0.000839 
0.000571 0.000064 0.000374 0.000788 
0.000557 0.000074 0.000367 0.000841 
0.000569 0.000073 0.000384 0.000862 
0.000561 0.000068 0.000397 0.000849 
0.000563 0.000064 0.000372 0.000842 
0.000538 0.000070 0.000351 0.000928 
0.000562 0.000075 0.000390 0.000939 
0.000569 0.000074 0.000409 0.000974 
0.000556 0.000073 0.000374 0.000980 
0.000566 0.000071 0.000378 0.000935 
0.000532 0.000067 0.000359 0.000868 
0.000582 0.000077 0.000384 0.000894 
0.000535 0.000076 0.000331 0.000882 
0.000546 0.000070 0.000385 0.000868 
0.000544 0.000070 0.000376 0.000872 
0.000573 0.000070 0.000386 0.000936 
0.000559 0.000071 0.000403 0.000866 
0.000540 0.000076 0.000363 0.000882 
0.000574 0.000088 0.000370 0.000912 
0.000552 0.000099 0.000334 0.000942 
0.000559 0.000081 0.000382 0.000859 
0.000549 0.000103 0.000288 0.000985 
0.000565 0.000109 0.000363 0.001057 
0.000535 0.000095 0.000327 0.000933 
0.000584 0.000090 0.000382 0.000966 
0.000583 0.000087 0.000382 0.000966 
0.000550 0.000104 0.000348 0.001063 
0.000565 0.000086 0.000351 0.000899 
0.000568 0.000083 0.000390 0.000914 
0.000638 0.000071 0.000444 0.000924 
0.000681 0.000073 0.000463 0.000915 
0.000653 0.000079 0.000439 0.000984 
0.000659 0.000073 0.000463 0.000964 
0.000670 0.000074 0.000464 0.000952 
0.000617 0.000069 0.000405 0.000895 
0.000677 0.000081 0.000463 0.000980 
0.000634 0.000077 0.000425 0.000902 
0.000655 0.000071 0.000464 0.000923 
0.000638 0.000065 0.000432 0.000941 
0.000625 0.000077 0.000426 0.000938 
0.000637 0.000074 0.000440 0.000949 
0.000612 0.000086 0.000415 0.000989 
0.000628 0.000071 0.000452 0.000987 
0.000617 0.000089 0.000422 0.001006 
0.000622 0.000069 0.000457 0.000937 
0.000651 0.000075 0.000435 0.000953 
0.000652 0.000079 0.000461 0.000949 
0.000620 0.000082 0.000432 0.000973 
0.000632 0.000088 0.000412 0.001073 
0.000624 0.000079 0.000416 0.000964 
0.000646 0.000081 0.000438 0.000983 
0.000635 0.000078 0.000443 0.000968 
0.000603 0.000109 0.000380 0.001073 
0.000587 0.000094 0.000395 0.001013 
0.000614 0.000102 0.000410 0.001105 
0.000600 0.000103 0.000395 0.001005 
0.000563 0.000112 0.000367 0.001030 
0.000586 0.000105 0.000405 0.001027 
0.000608 0.000116 0.000382 0.001128 
0.000582 0.000095 0.000396 0.000979 
0.000577 0.000094 0.000371 0.001018 
0.000562 0.000096 0.000360 0.000997 
0.000641 0.000101 0.000432 0.001062 
0.000631 0.000096 0.000418 0.001049 
0.000665 0.000116 0.000415 0.001155 
0.000670 0.000125 0.000404 0.001160 
0.000634 0.000113 0.000423 0.001090 
0.000642 0.000116 0.000402 0.001106 
0.000655 0.000113 0.000391 0.001108 
0.000644 0.000106 0.000417 0.001049 
0.000629 0.000102 0.000397 0.001067 
0.000701 0.000120 0.000421 0.001121 
0.000642 0.000109 0.000407 0.001085 
0.000661 0.000115 0.000408 0.001121 
0.000654 0.000113 0.000412 0.001093 
0.000659 0.000101 0.000419 0.001066 
0.000668 0.000109 0.000433 0.001122 
0.000686 0.000129 0.000415 0.001167 
0.000627 0.000094 0.000430 0.000988 
0.000645 0.000101 0.000415 0.001013 
0.000645 0.000103 0.000407 0.001046 
0.000645 0.000117 0.000416 0.001080 
0.000634 0.000109 0.000401 0.001019 
0.000629 0.000118 0.000425 0.001081 
0.000657 0.000111 0.000420 0.001037 
0.000615 0.000115 0.000417 0.001082 
0.000626 0.000103 0.000402 0.001062 
0.000615 0.000115 0.000392 0.001135 
0.000630 0.000100 0.000415 0.001018 
0.000602 0.000102 0.000431 0.001061 
0.000583 0.000105 0.000387 0.001007 
0.000623 0.000098 0.000414 0.000998 
0.000648 0.000159 0.000405 0.001324 
0.000679 0.000178 0.000410 0.001394 
0.000694 0.000155 0.000425 0.001375 
0.000684 0.000172 0.000428 0.001380 
0.000631 0.000164 0.000414 0.001368 
0.000613 0.000150 0.000391 0.001283 
0.000637 0.000153 0.000417 0.001314 
0.000660 0.000184 0.000417 0.001476 
0.000619 0.000159 0.000391 0.001392 
0.000649 0.000181 0.000425 0.001402 
0.000701 0.000170 0.000393 0.001395 
0.000674 0.000168 0.000398 0.001300 
0.000669 0.000148 0.000428 0.001320 
0.000648 0.000153 0.000416 0.001346 
0.000643 0.000122 0.000445 0.001262 
0.000599 0.000108 0.000387 0.001151 
0.000604 0.000127 0.000357 0.001215 
0.000578 0.000114 0.000388 0.001181 
0.000601 0.000110 0.000417 0.001213 
0.000555 0.000110 0.000391 0.001172 
0.000608 0.000117 0.000381 0.001232 
0.000582 0.000109 0.000386 0.001122 
0.000587 0.000110 0.000395 0.001156 
0.000575 0.000109 0.000374 0.001153 
0.000614 0.000111 0.000398 0.001193 
0.000610 0.000130 0.000396 0.001217 
0.000584 0.000099 0.000389 0.001196 
0.000582 0.000065 0.000455 0.000998 
0.000615 0.000065 0.000460 0.000958 
0.000572 0.000069 0.000429 0.000961 
0.000586 0.000058 0.000447 0.000900 
0.000566 0.000064 0.000443 0.001015 
0.000528 0.000063 0.000393 0.000901 
0.000532 0.000056 0.000411 0.000894 
0.000580 0.000070 0.000437 0.000971 
0.000561 0.000055 0.000443 0.000923 
0.000595 0.000078 0.000456 0.000988 
0.000570 0.000068 0.000424 0.000930 
0.000637 0.000080 0.000456 0.001063 
0.000670 0.000126 0.000438 0.001159 
0.000649 0.000123 0.000438 0.001080 
0.000621 0.000116 0.000449 0.001063 
0.000619 0.000117 0.000443 0.001090 
0.000615 0.000122 0.000415 0.001216 
0.000592 0.000125 0.000409 0.001180 
0.000615 0.000118 0.000456 0.001111 
0.000604 0.000120 0.000434 0.001117 
0.000574 0.000144 0.000310 0.001311 
0.000578 0.000117 0.000373 0.001089 
0.000637 0.000125 0.000462 0.001124 
0.000598 0.000108 0.000429 0.001041 
0.000651 0.000126 0.000455 0.001133 
0.000586 0.000046 0.000442 0.000766 
0.000616 0.000057 0.000444 0.000846 
0.000611 0.000060 0.000421 0.000785 
0.000609 0.000061 0.000434 0.000855 
0.000563 0.000050 0.000425 0.000743 
0.000572 0.000052 0.000428 0.000768 
0.000599 0.000044 0.000447 0.000737 
0.000590 0.000048 0.000423 0.000766 
0.000583 0.000049 0.000418 0.000783 
0.000587 0.000044 0.000444 0.000781 
0.000582 0.000042 0.000442 0.000738 
0.000596 0.000060 0.000434 0.000807 
0.000568 0.000055 0.000424 0.000759 
0.000596 0.000081 0.000406 0.000955 
0.000622 0.000079 0.000406 0.000968 
0.000590 0.000080 0.000386 0.000988 
0.000608 0.000079 0.000383 0.001003 
0.000597 0.000080 0.000397 0.000986 
0.000571 0.000084 0.000378 0.000933 
0.000578 0.000072 0.000378 0.000985 
0.000601 0.000086 0.000384 0.000940 
0.000599 0.000089 0.000405 0.001006 
0.000611 0.000092 0.000374 0.000978 
0.000584 0.000071 0.000411 0.000988 
0.000596 0.000077 0.000369 0.000952 
0.000558 0.000084 0.000370 0.001018 
0.000591 0.000085 0.000432 0.001046 
0.000698 0.000135 0.000405 0.001180 
0.000676 0.000125 0.000439 0.001165 
0.000634 0.000106 0.000419 0.001116 
0.000655 0.000118 0.000442 0.001172 
0.000666 0.000133 0.000441 0.001256 
0.000634 0.000120 0.000410 0.001154 
0.000657 0.000119 0.000421 0.001160 
0.000640 0.000111 0.000449 0.001119 
0.000686 0.000133 0.000423 0.001235 
0.000640 0.000123 0.000424 0.001164 
0.000649 0.000104 0.000426 0.001092 
0.000657 0.000117 0.000443 0.001120 
0.000650 0.000117 0.000410 0.001159 
