0.000525 0.000236 0.000220 0.002226 
0.000535 0.000237 0.000234 0.002139 
0.000532 0.000245 0.000206 0.002077 
0.000516 0.000229 0.000229 0.002164 
0.000523 0.000238 0.000192 0.002094 
0.000519 0.000239 0.000221 0.002242 
0.000527 0.000228 0.000235 0.002043 
0.000520 0.000228 0.000215 0.002078 
0.000515 0.000237 0.000203 0.002084 
0.000529 0.000235 0.000192 0.002074 
0.000530 0.000230 0.000231 0.002108 
0.000527 0.000231 0.000241 0.002003 
0.000518 0.000234 0.000218 0.002163 
0.000502 0.000255 0.000138 0.002049 
0.000520 0.000262 0.000187 0.002034 
0.000504 0.000252 0.000170 0.002016 
0.000548 0.000274 0.000166 0.002131 
0.000479 0.000249 0.000167 0.002166 
0.000499 0.000254 0.000145 0.002026 
0.000502 0.000252 0.000160 0.002038 
0.000500 0.000259 0.000114 0.002063 
0.000491 0.000258 0.000143 0.002091 
0.000532 0.000268 0.000167 0.002074 
0.000496 0.000250 0.000131 0.001920 
0.000483 0.000239 0.000151 0.001964 
0.000522 0.000261 0.000167 0.001981 
0.000583 0.000283 0.000201 0.002086 
0.000543 0.000270 0.000150 0.002183 
0.000560 0.000288 0.000145 0.002102 
0.000539 0.000272 0.000140 0.002032 
0.000552 0.000274 0.000176 0.002195 
0.000549 0.000279 0.000130 0.002152 
0.000561 0.000278 0.000182 0.002114 
0.000600 0.000291 0.000218 0.002143 
0.000575 0.000282 0.000169 0.002181 
0.000538 0.000256 0.000160 0.001989 
0.000576 0.000288 0.000166 0.002205 
0.000549 0.000261 0.000184 0.002082 
0.000537 0.000261 0.000195 0.002034 
0.000534 0.000258 0.000208 0.002024 
0.000539 0.000261 0.000204 0.001945 
0.000568 0.000263 0.000184 0.002048 
0.000498 0.000236 0.000204 0.002003 
0.000543 0.000252 0.000213 0.001992 
0.000522 0.000250 0.000219 0.002085 
0.000551 0.000262 0.000211 0.002029 
0.000530 0.000250 0.000232 0.002003 
0.000547 0.000258 0.000229 0.002035 
0.000537 0.000260 0.000185 0.002112 
0.000675 0.000315 0.000202 0.002268 
0.000655 0.000288 0.000288 0.002234 
0.000655 0.000297 0.000227 0.002288 
0.000717 0.000326 0.000235 0.002271 
0.000667 0.000321 0.000246 0.002276 
0.000635 0.000313 0.000166 0.002283 
0.000630 0.000289 0.000230 0.002199 
0.000638 0.000303 0.000213 0.002229 
0.000681 0.000314 0.000217 0.002268 
0.000689 0.000313 0.000267 0.002205 
0.000658 0.000286 0.000198 0.002153 
0.000537 0.000263 0.000214 0.002076 
0.000547 0.000256 0.000208 0.002101 
0.000550 0.000263 0.000208 0.002202 
0.000540 0.000261 0.000188 0.002100 
0.000521 0.000254 0.000197 0.002092 
0.000539 0.000260 0.000189 0.002130 
0.000535 0.000263 0.000182 0.002171 
0.000557 0.000258 0.000183 0.002115 
0.000514 0.000253 0.000150 0.002074 
0.000559 0.000262 0.000179 0.002122 
0.000593 0.000267 0.000183 0.002000 
0.000580 0.000272 0.000186 0.002082 
0.000563 0.000249 0.000209 0.001951 
0.000556 0.000254 0.000180 0.002031 
0.000525 0.000256 0.000167 0.002123 
0.000561 0.000263 0.000187 0.002042 
0.000582 0.000255 0.000161 0.002078 
0.000592 0.000260 0.000181 0.001979 
0.000562 0.000260 0.000181 0.002029 
0.000574 0.000263 0.000192 0.002143 
0.000604 0.000266 0.000217 0.002038 
0.000608 0.000268 0.000230 0.002034 
0.000567 0.000272 0.000179 0.002099 
0.000541 0.000238 0.000193 0.001911 
0.000548 0.000249 0.000168 0.002076 
0.000542 0.000254 0.000181 0.002119 
0.000522 0.000226 0.000210 0.001987 
0.000487 0.000203 0.000183 0.002006 
0.000528 0.000226 0.000199 0.001998 
0.000525 0.000227 0.000181 0.001968 
0.000528 0.000248 0.000197 0.002388 
0.000503 0.000224 0.000167 0.001926 
0.000516 0.000237 0.000191 0.002195 
0.000522 0.000238 0.000169 0.002020 
0.000517 0.000229 0.000199 0.002070 
0.000566 0.000246 0.000196 0.002021 
0.000520 0.000228 0.000203 0.001987 
0.000534 0.000235 0.000206 0.002014 
0.000523 0.000227 0.000156 0.002139 
0.000510 0.000214 0.000192 0.001953 
0.000610 0.000312 0.000169 0.002382 
0.000575 0.000299 0.000162 0.002387 
0.000584 0.000306 0.000227 0.002478 
0.000567 0.000288 0.000200 0.002301 
0.000614 0.000318 0.000216 0.002489 
0.000642 0.000318 0.000202 0.002338 
0.000566 0.000305 0.000167 0.002327 
0.000564 0.000302 0.000169 0.002337 
0.000598 0.000319 0.000210 0.002449 
0.000578 0.000302 0.000175 0.002318 
0.000558 0.000284 0.000228 0.002247 
0.000546 0.000286 0.000187 0.002227 
0.000577 0.000298 0.000203 0.002329 
0.000620 0.000304 0.000215 0.002357 
0.000482 0.000235 0.000152 0.002013 
0.000512 0.000258 0.000149 0.002026 
0.000549 0.000261 0.000195 0.001896 
0.000536 0.000269 0.000118 0.001975 
0.000523 0.000264 0.000146 0.002125 
0.000520 0.000261 0.000152 0.001929 
0.000546 0.000254 0.000182 0.002054 
0.000552 0.000270 0.000176 0.002090 
0.000521 0.000233 0.000179 0.002126 
0.000542 0.000266 0.000167 0.002107 
0.000524 0.000258 0.000168 0.001872 
0.000534 0.000258 0.000165 0.001948 
0.000519 0.000247 0.000166 0.001863 
0.000613 0.000309 0.000193 0.002327 
0.000611 0.000303 0.000193 0.002126 
0.000595 0.000289 0.000216 0.002087 
0.000547 0.000287 0.000104 0.002141 
0.000609 0.000307 0.000204 0.002173 
0.000627 0.000314 0.000191 0.002206 
0.000650 0.000320 0.000211 0.002185 
0.000595 0.000296 0.000189 0.002147 
0.000630 0.000320 0.000190 0.002194 
0.000601 0.000291 0.000208 0.002154 
0.000599 0.000300 0.000199 0.002221 
0.000593 0.000288 0.000218 0.002267 
0.000647 0.000318 0.000230 0.002475 
0.000620 0.000329 0.000200 0.002424 
0.000652 0.000330 0.000192 0.002465 
0.000668 0.000334 0.000238 0.002484 
0.000614 0.000320 0.000206 0.002474 
0.000572 0.000291 0.000193 0.002603 
0.000624 0.000323 0.000205 0.002525 
0.000643 0.000335 0.000171 0.002489 
0.000554 0.000294 0.000161 0.002577 
0.000638 0.000331 0.000194 0.002488 
0.000622 0.000333 0.000199 0.002548 
0.000654 0.000324 0.000253 0.002444 
0.000586 0.000306 0.000169 0.002373 
0.000528 0.000212 0.000212 0.001866 
0.000543 0.000217 0.000201 0.001881 
0.000559 0.000238 0.000150 0.001915 
0.000552 0.000230 0.000230 0.001904 
0.000535 0.000220 0.000199 0.001960 
0.000538 0.000216 0.000182 0.001742 
0.000559 0.000224 0.000205 0.001851 
0.000543 0.000229 0.000191 0.001749 
0.000532 0.000222 0.000193 0.001788 
0.000536 0.000225 0.000140 0.001813 
0.000538 0.000230 0.000191 0.001808 
0.000534 0.000229 0.000164 0.001879 
0.000534 0.000221 0.000203 0.001816 
0.000522 0.000234 0.000184 0.001962 
0.000519 0.000235 0.000175 0.001928 
0.000503 0.000239 0.000180 0.001989 
0.000508 0.000236 0.000191 0.001977 
0.000524 0.000246 0.000183 0.001998 
0.000524 0.000246 0.000177 0.002015 
0.000533 0.000243 0.000193 0.001998 
0.000496 0.000237 0.000193 0.001942 
0.000505 0.000231 0.000159 0.001869 
0.000505 0.000240 0.000186 0.002080 
0.000532 0.000253 0.000175 0.001946 
0.000540 0.000247 0.000203 0.001972 
0.000513 0.000235 0.000190 0.002032 
0.000554 0.000253 0.000190 0.001967 
0.000701 0.000318 0.000249 0.002286 
0.000694 0.000309 0.000222 0.002234 
0.000799 0.000313 0.000263 0.002233 
0.000699 0.000305 0.000244 0.002224 
0.000704 0.000319 0.000240 0.002304 
0.000798 0.000322 0.000228 0.002255 
0.000813 0.000334 0.000234 0.002320 
0.000740 0.000315 0.000236 0.002287 
0.000798 0.000343 0.000237 0.002343 
0.000726 0.000304 0.000239 0.002255 
0.000767 0.000319 0.000230 0.002385 
0.000679 0.000306 0.000178 0.002271 
0.000751 0.000312 0.000210 0.002326 
