0.000388 0.000054 0.000223 0.000673 
0.000384 0.000060 0.000253 0.000670 
0.000393 0.000060 0.000240 0.000670 
0.000384 0.000059 0.000225 0.000658 
0.000378 0.000060 0.000230 0.000669 
0.000385 0.000061 0.000232 0.000683 
0.000392 0.000058 0.000237 0.000650 
0.000403 0.000053 0.000241 0.000659 
0.000386 0.000049 0.000260 0.000642 
0.000387 0.000057 0.000219 0.000685 
0.000400 0.000058 0.000237 0.000672 
0.000384 0.000058 0.000220 0.000652 
0.000390 0.000058 0.000215 0.000664 
0.000350 0.000057 0.000204 0.000678 
0.000361 0.000062 0.000223 0.000750 
0.000354 0.000058 0.000206 0.000639 
0.000367 0.000060 0.000213 0.000757 
0.000373 0.000052 0.000259 0.000639 
0.000355 0.000057 0.000214 0.000697 
0.000363 0.000058 0.000205 0.000692 
0.000348 0.000057 0.000194 0.000635 
0.000355 0.000054 0.000232 0.000632 
0.000356 0.000056 0.000227 0.000642 
0.000347 0.000059 0.000207 0.000688 
0.000367 0.000052 0.000236 0.000620 
0.000367 0.000059 0.000215 0.000715 
0.000391 0.000065 0.000244 0.000777 
0.000349 0.000064 0.000221 0.000774 
0.000380 0.000068 0.000239 0.000745 
0.000361 0.000067 0.000208 0.000811 
0.000375 0.000066 0.000230 0.000788 
0.000358 0.000070 0.000201 0.000748 
0.000365 0.000064 0.000232 0.000770 
0.000394 0.000056 0.000267 0.000781 
0.000381 0.000067 0.000247 0.000786 
0.000373 0.000061 0.000240 0.000718 
0.000382 0.000071 0.000235 0.000773 
0.000404 0.000058 0.000290 0.000798 
0.000404 0.000061 0.000285 0.000797 
0.000405 0.000055 0.000286 0.000768 
0.000396 0.000057 0.000285 0.000742 
0.000398 0.000060 0.000286 0.000785 
0.000376 0.000056 0.000233 0.000761 
0.000388 0.000057 0.000265 0.000712 
0.000387 0.000062 0.000244 0.000773 
0.000397 0.000058 0.000276 0.000750 
0.000412 0.000049 0.000305 0.000701 
0.000392 0.000054 0.000276 0.000733 
0.000422 0.000049 0.000318 0.000726 
0.000394 0.000067 0.000243 0.000695 
0.000392 0.000065 0.000243 0.000690 
0.000380 0.000063 0.000257 0.000663 
0.000408 0.000068 0.000277 0.000742 
0.000394 0.000062 0.000260 0.000665 
0.000390 0.000065 0.000236 0.000668 
0.000391 0.000065 0.000243 0.000687 
0.000392 0.000071 0.000220 0.000725 
0.000384 0.000067 0.000240 0.000659 
0.000393 0.000062 0.000247 0.000673 
0.000378 0.000066 0.000249 0.000659 
0.000374 0.000056 0.000264 0.000744 
0.000362 0.000059 0.000250 0.000738 
0.000385 0.000056 0.000277 0.000680 
0.000382 0.000054 0.000233 0.000712 
0.000350 0.000061 0.000203 0.000693 
0.000367 0.000055 0.000255 0.000706 
0.000378 0.000054 0.000273 0.000675 
0.000365 0.000057 0.000247 0.000690 
0.000342 0.000065 0.000210 0.000705 
0.000365 0.000059 0.000244 0.000715 
0.000424 0.000059 0.000257 0.000762 
0.000390 0.000061 0.000257 0.000724 
0.000416 0.000059 0.000256 0.000740 
0.000399 0.000061 0.000264 0.000757 
0.000417 0.000056 0.000228 0.000734 
0.000417 0.000060 0.000242 0.000756 
0.000425 0.000061 0.000260 0.000779 
0.000421 0.000060 0.000248 0.000766 
0.000411 0.000057 0.000257 0.000707 
0.000423 0.000056 0.000242 0.000731 
0.000397 0.000063 0.000235 0.000741 
0.000426 0.000059 0.000290 0.000766 
0.000417 0.000058 0.000256 0.000685 
0.000401 0.000061 0.000259 0.000736 
0.000420 0.000054 0.000273 0.000724 
0.000385 0.000060 0.000274 0.000707 
0.000373 0.000062 0.000239 0.000794 
0.000360 0.000066 0.000219 0.000743 
0.000362 0.000067 0.000227 0.000820 
0.000358 0.000065 0.000219 0.000784 
0.000361 0.000064 0.000214 0.000727 
0.000353 0.000064 0.000205 0.000715 
0.000360 0.000064 0.000207 0.000737 
0.000361 0.000076 0.000207 0.000819 
0.000361 0.000068 0.000204 0.000850 
0.000360 0.000077 0.000201 0.000826 
0.000354 0.000069 0.000196 0.000755 
0.000362 0.000068 0.000215 0.000767 
0.000358 0.000071 0.000206 0.000786 
0.000354 0.000073 0.000199 0.000864 
0.000404 0.000082 0.000256 0.000878 
0.000393 0.000082 0.000230 0.000834 
0.000426 0.000078 0.000228 0.000929 
0.000410 0.000088 0.000242 0.000963 
0.000408 0.000092 0.000230 0.000874 
0.000405 0.000082 0.000269 0.000957 
0.000410 0.000079 0.000267 0.000940 
0.000390 0.000099 0.000226 0.000976 
0.000408 0.000085 0.000270 0.000926 
0.000383 0.000083 0.000228 0.000892 
0.000412 0.000079 0.000281 0.000858 
0.000395 0.000086 0.000217 0.000930 
0.000424 0.000077 0.000274 0.000768 
0.000412 0.000080 0.000252 0.000897 
0.000410 0.000068 0.000261 0.000704 
0.000387 0.000065 0.000256 0.000674 
0.000396 0.000067 0.000265 0.000713 
0.000399 0.000065 0.000248 0.000706 
0.000409 0.000061 0.000259 0.000695 
0.000399 0.000062 0.000275 0.000673 
0.000416 0.000061 0.000282 0.000738 
0.000404 0.000065 0.000279 0.000713 
0.000401 0.000067 0.000257 0.000725 
0.000397 0.000066 0.000247 0.000760 
0.000393 0.000068 0.000257 0.000675 
0.000399 0.000062 0.000267 0.000712 
0.000395 0.000070 0.000238 0.000708 
0.000429 0.000060 0.000304 0.000867 
0.000407 0.000064 0.000266 0.000768 
0.000418 0.000058 0.000297 0.000752 
0.000421 0.000058 0.000292 0.000717 
0.000423 0.000067 0.000286 0.000898 
0.000410 0.000064 0.000280 0.000824 
0.000426 0.000065 0.000301 0.000803 
0.000425 0.000053 0.000302 0.000869 
0.000422 0.000062 0.000294 0.000779 
0.000431 0.000061 0.000290 0.000759 
0.000425 0.000056 0.000319 0.000771 
0.000428 0.000060 0.000307 0.000807 
0.000403 0.000073 0.000232 0.000811 
0.000380 0.000068 0.000223 0.000691 
0.000382 0.000082 0.000211 0.000826 
0.000382 0.000087 0.000202 0.000888 
0.000378 0.000073 0.000212 0.000733 
0.000374 0.000067 0.000237 0.000753 
0.000374 0.000073 0.000221 0.000741 
0.000386 0.000080 0.000202 0.000829 
0.000350 0.000072 0.000206 0.000783 
0.000370 0.000081 0.000201 0.000829 
0.000397 0.000075 0.000241 0.000823 
0.000384 0.000076 0.000218 0.000831 
0.000390 0.000064 0.000255 0.000762 
0.000394 0.000055 0.000284 0.000676 
0.000387 0.000063 0.000236 0.000741 
0.000400 0.000063 0.000235 0.000726 
0.000409 0.000067 0.000259 0.000809 
0.000393 0.000061 0.000222 0.000712 
0.000397 0.000062 0.000258 0.000750 
0.000394 0.000058 0.000266 0.000691 
0.000391 0.000059 0.000266 0.000693 
0.000392 0.000064 0.000277 0.000715 
0.000397 0.000063 0.000267 0.000722 
0.000397 0.000060 0.000270 0.000723 
0.000380 0.000065 0.000244 0.000743 
0.000389 0.000055 0.000268 0.000669 
0.000372 0.000058 0.000226 0.000698 
0.000360 0.000066 0.000213 0.000716 
0.000356 0.000060 0.000219 0.000730 
0.000361 0.000059 0.000222 0.000731 
0.000357 0.000062 0.000202 0.000744 
0.000354 0.000061 0.000224 0.000722 
0.000358 0.000059 0.000214 0.000686 
0.000353 0.000063 0.000219 0.000691 
0.000369 0.000055 0.000236 0.000662 
0.000372 0.000057 0.000237 0.000716 
0.000361 0.000064 0.000202 0.000726 
0.000356 0.000062 0.000226 0.000763 
0.000353 0.000063 0.000220 0.000702 
0.000361 0.000065 0.000207 0.000725 
0.000444 0.000068 0.000260 0.000809 
0.000406 0.000061 0.000247 0.000703 
0.000436 0.000071 0.000255 0.000749 
0.000435 0.000068 0.000253 0.000747 
0.000436 0.000062 0.000273 0.000735 
0.000420 0.000073 0.000247 0.000729 
0.000459 0.000068 0.000268 0.000800 
0.000425 0.000057 0.000271 0.000703 
0.000438 0.000069 0.000258 0.000777 
0.000426 0.000067 0.000263 0.000761 
0.000439 0.000063 0.000308 0.000777 
0.000425 0.000055 0.000288 0.000723 
0.000416 0.000064 0.000297 0.000739 
