0.000435 0.000087 0.000297 0.000643 
0.000446 0.000078 0.000317 0.000637 
0.000446 0.000083 0.000317 0.000658 
0.000453 0.000091 0.000305 0.000678 
0.000444 0.000071 0.000317 0.000637 
0.000448 0.000078 0.000324 0.000665 
0.000448 0.000084 0.000314 0.000683 
0.000450 0.000083 0.000317 0.000661 
0.000423 0.000079 0.000301 0.000664 
0.000448 0.000078 0.000313 0.000668 
0.000444 0.000083 0.000319 0.000653 
0.000443 0.000077 0.000316 0.000675 
0.000441 0.000087 0.000299 0.000687 
0.000396 0.000066 0.000286 0.000564 
0.000415 0.000065 0.000306 0.000577 
0.000397 0.000071 0.000283 0.000575 
0.000400 0.000070 0.000292 0.000576 
0.000426 0.000072 0.000312 0.000603 
0.000396 0.000069 0.000278 0.000555 
0.000417 0.000066 0.000320 0.000594 
0.000400 0.000066 0.000283 0.000552 
0.000388 0.000068 0.000278 0.000550 
0.000401 0.000074 0.000284 0.000576 
0.000387 0.000069 0.000271 0.000546 
0.000390 0.000067 0.000269 0.000545 
0.000411 0.000067 0.000298 0.000571 
0.000429 0.000088 0.000282 0.000652 
0.000383 0.000077 0.000260 0.000604 
0.000414 0.000084 0.000273 0.000638 
0.000405 0.000101 0.000257 0.000692 
0.000405 0.000088 0.000267 0.000648 
0.000389 0.000075 0.000265 0.000630 
0.000405 0.000090 0.000272 0.000673 
0.000420 0.000098 0.000268 0.000679 
0.000417 0.000078 0.000293 0.000713 
0.000409 0.000085 0.000277 0.000650 
0.000439 0.000081 0.000303 0.000663 
0.000440 0.000080 0.000313 0.000631 
0.000428 0.000079 0.000295 0.000614 
0.000449 0.000090 0.000301 0.000677 
0.000427 0.000088 0.000285 0.000676 
0.000428 0.000086 0.000296 0.000658 
0.000419 0.000076 0.000281 0.000629 
0.000426 0.000084 0.000309 0.000652 
0.000437 0.000081 0.000307 0.000621 
0.000429 0.000086 0.000291 0.000630 
0.000461 0.000087 0.000319 0.000648 
0.000424 0.000091 0.000291 0.000677 
0.000461 0.000085 0.000339 0.000713 
0.000482 0.000106 0.000287 0.000788 
0.000536 0.000143 0.000291 0.000942 
0.000503 0.000140 0.000282 0.000889 
0.000497 0.000113 0.000323 0.000886 
0.000509 0.000144 0.000301 0.000955 
0.000459 0.000108 0.000262 0.000774 
0.000513 0.000138 0.000293 0.000941 
0.000493 0.000114 0.000293 0.000811 
0.000487 0.000135 0.000297 0.000933 
0.000506 0.000132 0.000297 0.000873 
0.000479 0.000125 0.000290 0.000908 
0.000430 0.000072 0.000293 0.000606 
0.000413 0.000075 0.000275 0.000609 
0.000425 0.000077 0.000290 0.000611 
0.000421 0.000070 0.000287 0.000594 
0.000397 0.000073 0.000256 0.000566 
0.000417 0.000071 0.000275 0.000586 
0.000424 0.000075 0.000276 0.000591 
0.000419 0.000076 0.000285 0.000630 
0.000402 0.000078 0.000229 0.000598 
0.000423 0.000082 0.000243 0.000615 
0.000460 0.000086 0.000314 0.000718 
0.000416 0.000068 0.000299 0.000628 
0.000450 0.000080 0.000309 0.000680 
0.000429 0.000075 0.000296 0.000648 
0.000443 0.000084 0.000284 0.000653 
0.000431 0.000069 0.000319 0.000626 
0.000472 0.000080 0.000327 0.000688 
0.000454 0.000076 0.000322 0.000693 
0.000432 0.000078 0.000304 0.000674 
0.000447 0.000083 0.000295 0.000686 
0.000448 0.000084 0.000301 0.000686 
0.000463 0.000067 0.000345 0.000659 
0.000422 0.000077 0.000310 0.000652 
0.000421 0.000089 0.000269 0.000685 
0.000445 0.000083 0.000310 0.000658 
0.000403 0.000062 0.000299 0.000602 
0.000442 0.000086 0.000280 0.000644 
0.000423 0.000089 0.000241 0.000623 
0.000424 0.000086 0.000263 0.000623 
0.000437 0.000086 0.000247 0.000623 
0.000415 0.000095 0.000228 0.000638 
0.000422 0.000086 0.000254 0.000612 
0.000440 0.000093 0.000246 0.000643 
0.000427 0.000090 0.000250 0.000639 
0.000436 0.000074 0.000292 0.000630 
0.000461 0.000064 0.000313 0.000601 
0.000437 0.000091 0.000235 0.000649 
0.000441 0.000098 0.000261 0.000659 
0.000434 0.000082 0.000277 0.000615 
0.000423 0.000079 0.000253 0.000599 
0.000475 0.000110 0.000272 0.000760 
0.000484 0.000110 0.000280 0.000820 
0.000500 0.000112 0.000301 0.000814 
0.000475 0.000120 0.000254 0.000801 
0.000480 0.000101 0.000268 0.000826 
0.000468 0.000104 0.000284 0.000751 
0.000483 0.000101 0.000302 0.000767 
0.000480 0.000113 0.000251 0.000780 
0.000469 0.000099 0.000282 0.000803 
0.000465 0.000104 0.000278 0.000739 
0.000481 0.000119 0.000287 0.000796 
0.000475 0.000117 0.000279 0.000812 
0.000507 0.000140 0.000292 0.000870 
0.000481 0.000133 0.000274 0.000878 
0.000404 0.000067 0.000279 0.000561 
0.000406 0.000067 0.000261 0.000562 
0.000412 0.000063 0.000287 0.000564 
0.000421 0.000072 0.000262 0.000580 
0.000431 0.000072 0.000278 0.000586 
0.000414 0.000069 0.000269 0.000576 
0.000420 0.000071 0.000288 0.000594 
0.000421 0.000072 0.000269 0.000590 
0.000432 0.000063 0.000297 0.000574 
0.000426 0.000074 0.000273 0.000583 
0.000403 0.000068 0.000260 0.000544 
0.000411 0.000067 0.000285 0.000584 
0.000423 0.000069 0.000272 0.000586 
0.000457 0.000092 0.000297 0.000743 
0.000443 0.000098 0.000289 0.000787 
0.000458 0.000117 0.000297 0.000830 
0.000438 0.000095 0.000286 0.000740 
0.000461 0.000098 0.000298 0.000769 
0.000441 0.000091 0.000297 0.000730 
0.000463 0.000095 0.000305 0.000769 
0.000463 0.000083 0.000302 0.000682 
0.000431 0.000108 0.000262 0.000714 
0.000425 0.000100 0.000282 0.000708 
0.000437 0.000085 0.000315 0.000693 
0.000445 0.000090 0.000312 0.000714 
0.000566 0.000220 0.000283 0.001248 
0.000610 0.000262 0.000263 0.001431 
0.000602 0.000275 0.000268 0.001448 
0.000562 0.000210 0.000291 0.001319 
0.000581 0.000231 0.000264 0.001343 
0.000502 0.000171 0.000263 0.001189 
0.000547 0.000203 0.000265 0.001245 
0.000560 0.000208 0.000261 0.001356 
0.000551 0.000234 0.000239 0.001231 
0.000560 0.000247 0.000246 0.001411 
0.000547 0.000184 0.000291 0.001156 
0.000596 0.000272 0.000263 0.001521 
0.000584 0.000204 0.000287 0.001282 
0.000428 0.000071 0.000281 0.000585 
0.000441 0.000082 0.000295 0.000632 
0.000447 0.000066 0.000328 0.000598 
0.000471 0.000072 0.000332 0.000643 
0.000449 0.000076 0.000301 0.000632 
0.000445 0.000067 0.000314 0.000599 
0.000435 0.000069 0.000308 0.000605 
0.000438 0.000069 0.000303 0.000600 
0.000428 0.000067 0.000280 0.000574 
0.000448 0.000069 0.000309 0.000597 
0.000439 0.000072 0.000280 0.000603 
0.000440 0.000077 0.000287 0.000620 
0.000427 0.000069 0.000298 0.000605 
0.000434 0.000098 0.000258 0.000683 
0.000418 0.000079 0.000277 0.000621 
0.000420 0.000068 0.000284 0.000590 
0.000408 0.000063 0.000288 0.000599 
0.000419 0.000077 0.000274 0.000680 
0.000436 0.000071 0.000306 0.000635 
0.000430 0.000074 0.000293 0.000682 
0.000403 0.000075 0.000245 0.000627 
0.000423 0.000085 0.000275 0.000668 
0.000438 0.000070 0.000300 0.000653 
0.000428 0.000073 0.000269 0.000603 
0.000401 0.000063 0.000281 0.000589 
0.000426 0.000087 0.000262 0.000670 
0.000435 0.000070 0.000306 0.000636 
0.000512 0.000071 0.000346 0.000649 
0.000438 0.000064 0.000299 0.000638 
0.000457 0.000080 0.000287 0.000723 
0.000495 0.000074 0.000327 0.000648 
0.000454 0.000070 0.000278 0.000600 
0.000442 0.000069 0.000264 0.000600 
0.000513 0.000071 0.000327 0.000663 
0.000461 0.000064 0.000313 0.000640 
0.000456 0.000072 0.000300 0.000638 
0.000456 0.000070 0.000314 0.000616 
0.000460 0.000072 0.000309 0.000629 
0.000438 0.000066 0.000303 0.000614 
0.000452 0.000070 0.000296 0.000605 
