0.000729 0.000455 0.000185 0.002469 
0.000750 0.000424 0.000222 0.002447 
0.000754 0.000426 0.000196 0.002310 
0.000735 0.000457 0.000199 0.002412 
0.000723 0.000441 0.000187 0.002283 
0.000725 0.000458 0.000205 0.002472 
0.000747 0.000418 0.000217 0.002335 
0.000754 0.000437 0.000238 0.002347 
0.000716 0.000420 0.000214 0.002277 
0.000731 0.000426 0.000197 0.002385 
0.000734 0.000426 0.000204 0.002350 
0.000722 0.000406 0.000224 0.002286 
0.000738 0.000449 0.000208 0.002386 
0.000717 0.000429 0.000143 0.002313 
0.000748 0.000423 0.000191 0.002287 
0.000710 0.000422 0.000168 0.002240 
0.000742 0.000399 0.000186 0.002219 
0.000732 0.000442 0.000175 0.002385 
0.000700 0.000418 0.000167 0.002236 
0.000710 0.000425 0.000170 0.002259 
0.000741 0.000411 0.000215 0.002271 
0.000709 0.000404 0.000193 0.002157 
0.000740 0.000402 0.000167 0.002165 
0.000713 0.000408 0.000190 0.002185 
0.000732 0.000412 0.000218 0.002277 
0.000729 0.000404 0.000175 0.002353 
0.000807 0.000470 0.000186 0.002445 
0.000773 0.000464 0.000190 0.002379 
0.000815 0.000479 0.000198 0.002383 
0.000747 0.000485 0.000124 0.002462 
0.000760 0.000516 0.000144 0.002646 
0.000746 0.000499 0.000137 0.002506 
0.000795 0.000472 0.000179 0.002383 
0.000805 0.000479 0.000150 0.002508 
0.000747 0.000508 0.000144 0.002621 
0.000756 0.000483 0.000155 0.002427 
0.000790 0.000485 0.000181 0.002527 
0.000662 0.000381 0.000201 0.002213 
0.000681 0.000386 0.000226 0.002132 
0.000677 0.000394 0.000193 0.002185 
0.000671 0.000387 0.000182 0.002291 
0.000668 0.000380 0.000211 0.002141 
0.000648 0.000365 0.000201 0.002061 
0.000653 0.000372 0.000216 0.002096 
0.000668 0.000381 0.000197 0.002128 
0.000668 0.000385 0.000192 0.002218 
0.000698 0.000390 0.000209 0.002182 
0.000651 0.000375 0.000199 0.002168 
0.000687 0.000389 0.000218 0.002209 
0.000968 0.000483 0.000277 0.002578 
0.000967 0.000434 0.000310 0.002419 
0.000926 0.000455 0.000261 0.002490 
0.000960 0.000499 0.000183 0.002572 
0.000992 0.000452 0.000303 0.002481 
0.000945 0.000476 0.000259 0.002495 
0.001051 0.000450 0.000361 0.002611 
0.000985 0.000460 0.000270 0.002601 
0.000950 0.000472 0.000248 0.002534 
0.000924 0.000457 0.000291 0.002503 
0.000894 0.000427 0.000300 0.002439 
0.000759 0.000438 0.000167 0.002268 
0.000739 0.000425 0.000164 0.002145 
0.000774 0.000439 0.000185 0.002252 
0.000723 0.000429 0.000127 0.002273 
0.000742 0.000422 0.000175 0.002192 
0.000735 0.000434 0.000163 0.002252 
0.000758 0.000437 0.000165 0.002272 
0.000737 0.000427 0.000164 0.002260 
0.000728 0.000410 0.000194 0.002155 
0.000756 0.000426 0.000177 0.002205 
0.000764 0.000425 0.000159 0.002206 
0.000782 0.000431 0.000155 0.002302 
0.000753 0.000435 0.000154 0.002253 
0.000756 0.000446 0.000159 0.002347 
0.000767 0.000450 0.000171 0.002532 
0.000753 0.000469 0.000165 0.002492 
0.000765 0.000440 0.000148 0.002461 
0.000760 0.000436 0.000159 0.002303 
0.000759 0.000428 0.000154 0.002372 
0.000792 0.000450 0.000218 0.002357 
0.000750 0.000422 0.000135 0.002394 
0.000778 0.000438 0.000158 0.002384 
0.000745 0.000469 0.000173 0.002513 
0.000753 0.000413 0.000164 0.002215 
0.000785 0.000449 0.000193 0.002345 
0.000755 0.000448 0.000147 0.002447 
0.000739 0.000474 0.000160 0.002459 
0.000713 0.000437 0.000167 0.002182 
0.000705 0.000431 0.000167 0.002260 
0.000747 0.000450 0.000163 0.002403 
0.000703 0.000490 0.000128 0.002436 
0.000708 0.000475 0.000130 0.002451 
0.000739 0.000479 0.000153 0.002501 
0.000730 0.000472 0.000142 0.002435 
0.000718 0.000449 0.000159 0.002345 
0.000777 0.000454 0.000161 0.002385 
0.000719 0.000448 0.000174 0.002323 
0.000750 0.000491 0.000138 0.002496 
0.000721 0.000463 0.000154 0.002264 
0.000728 0.000439 0.000169 0.002116 
0.000922 0.000543 0.000232 0.002738 
0.000895 0.000575 0.000197 0.002791 
0.000879 0.000562 0.000216 0.002739 
0.000907 0.000556 0.000242 0.002854 
0.000884 0.000553 0.000218 0.002745 
0.000895 0.000542 0.000203 0.002939 
0.000898 0.000543 0.000198 0.002698 
0.000896 0.000538 0.000260 0.002695 
0.000917 0.000540 0.000255 0.002759 
0.000850 0.000535 0.000208 0.002660 
0.000925 0.000563 0.000259 0.002836 
0.000915 0.000561 0.000240 0.002793 
0.000956 0.000553 0.000277 0.002691 
0.000928 0.000522 0.000275 0.002739 
0.000681 0.000363 0.000221 0.002037 
0.000690 0.000390 0.000190 0.002227 
0.000737 0.000374 0.000223 0.002105 
0.000731 0.000402 0.000184 0.002324 
0.000713 0.000377 0.000210 0.002163 
0.000744 0.000379 0.000233 0.002220 
0.000743 0.000391 0.000226 0.002262 
0.000709 0.000371 0.000193 0.002118 
0.000708 0.000392 0.000193 0.002215 
0.000739 0.000390 0.000214 0.002204 
0.000699 0.000378 0.000193 0.002064 
0.000719 0.000387 0.000204 0.002129 
0.000708 0.000373 0.000206 0.002103 
0.000867 0.000497 0.000246 0.002476 
0.000888 0.000484 0.000227 0.002362 
0.000855 0.000481 0.000243 0.002367 
0.000865 0.000507 0.000263 0.002462 
0.000881 0.000490 0.000249 0.002467 
0.000873 0.000483 0.000264 0.002392 
0.000883 0.000486 0.000222 0.002363 
0.000878 0.000486 0.000263 0.002356 
0.000858 0.000484 0.000233 0.002577 
0.000849 0.000481 0.000231 0.002462 
0.000861 0.000478 0.000231 0.002371 
0.000860 0.000472 0.000281 0.002448 
0.000935 0.000552 0.000210 0.002583 
0.000930 0.000550 0.000214 0.002571 
0.000917 0.000539 0.000235 0.002540 
0.000945 0.000528 0.000230 0.002523 
0.000930 0.000553 0.000188 0.002593 
0.000894 0.000582 0.000197 0.002665 
0.000918 0.000541 0.000217 0.002565 
0.000912 0.000529 0.000198 0.002466 
0.000886 0.000578 0.000153 0.002649 
0.000903 0.000531 0.000216 0.002492 
0.000931 0.000559 0.000188 0.002593 
0.000927 0.000534 0.000258 0.002585 
0.000966 0.000552 0.000214 0.002535 
0.000682 0.000377 0.000181 0.002108 
0.000731 0.000378 0.000212 0.002197 
0.000725 0.000393 0.000202 0.002131 
0.000765 0.000408 0.000269 0.002278 
0.000726 0.000423 0.000189 0.002414 
0.000699 0.000354 0.000220 0.002069 
0.000706 0.000357 0.000248 0.002141 
0.000703 0.000331 0.000204 0.001905 
0.000695 0.000374 0.000172 0.002162 
0.000741 0.000364 0.000217 0.002083 
0.000719 0.000373 0.000209 0.002107 
0.000741 0.000375 0.000215 0.002024 
0.000709 0.000374 0.000182 0.002073 
0.000740 0.000393 0.000215 0.002172 
0.000728 0.000388 0.000203 0.002052 
0.000708 0.000424 0.000162 0.002189 
0.000734 0.000434 0.000167 0.002452 
0.000710 0.000440 0.000166 0.002371 
0.000722 0.000431 0.000165 0.002184 
0.000716 0.000381 0.000196 0.002139 
0.000702 0.000404 0.000177 0.002247 
0.000729 0.000396 0.000178 0.002184 
0.000740 0.000435 0.000173 0.002262 
0.000747 0.000387 0.000198 0.002109 
0.000709 0.000398 0.000180 0.002233 
0.000730 0.000416 0.000187 0.002277 
0.000730 0.000398 0.000169 0.002180 
0.001001 0.000533 0.000231 0.002666 
0.000979 0.000524 0.000234 0.002524 
0.000939 0.000516 0.000212 0.002570 
0.000949 0.000520 0.000227 0.002694 
0.000957 0.000530 0.000210 0.002627 
0.000976 0.000506 0.000181 0.002479 
0.001019 0.000519 0.000201 0.002601 
0.000955 0.000544 0.000179 0.002709 
0.001035 0.000509 0.000258 0.002564 
0.000923 0.000518 0.000195 0.002651 
0.000973 0.000532 0.000217 0.002628 
0.001000 0.000533 0.000208 0.002660 
0.000940 0.000522 0.000219 0.002585 
