0.000315 0.000068 0.000164 0.000496 
0.000321 0.000073 0.000171 0.000515 
0.000309 0.000067 0.000159 0.000535 
0.000301 0.000069 0.000141 0.000503 
0.000310 0.000084 0.000107 0.000513 
0.000306 0.000069 0.000162 0.000509 
0.000321 0.000067 0.000183 0.000527 
0.000321 0.000062 0.000177 0.000522 
0.000315 0.000059 0.000184 0.000485 
0.000308 0.000068 0.000154 0.000488 
0.000313 0.000066 0.000162 0.000505 
0.000311 0.000076 0.000119 0.000529 
0.000308 0.000063 0.000151 0.000490 
0.000279 0.000072 0.000142 0.000487 
0.000286 0.000072 0.000149 0.000491 
0.000293 0.000073 0.000154 0.000495 
0.000299 0.000069 0.000167 0.000515 
0.000302 0.000066 0.000147 0.000528 
0.000280 0.000070 0.000159 0.000520 
0.000298 0.000080 0.000130 0.000507 
0.000279 0.000072 0.000139 0.000503 
0.000285 0.000067 0.000151 0.000478 
0.000291 0.000068 0.000159 0.000504 
0.000281 0.000075 0.000146 0.000481 
0.000289 0.000069 0.000142 0.000508 
0.000291 0.000067 0.000138 0.000501 
0.000310 0.000052 0.000208 0.000485 
0.000296 0.000071 0.000134 0.000469 
0.000304 0.000054 0.000201 0.000452 
0.000284 0.000057 0.000170 0.000459 
0.000294 0.000059 0.000151 0.000469 
0.000283 0.000059 0.000135 0.000435 
0.000294 0.000058 0.000183 0.000450 
0.000307 0.000064 0.000171 0.000465 
0.000290 0.000080 0.000055 0.000511 
0.000292 0.000060 0.000163 0.000451 
0.000302 0.000060 0.000192 0.000465 
0.000322 0.000077 0.000155 0.000530 
0.000330 0.000067 0.000177 0.000512 
0.000322 0.000074 0.000176 0.000539 
0.000322 0.000064 0.000200 0.000515 
0.000326 0.000065 0.000207 0.000511 
0.000309 0.000074 0.000186 0.000556 
0.000322 0.000081 0.000121 0.000515 
0.000320 0.000071 0.000201 0.000513 
0.000318 0.000069 0.000185 0.000505 
0.000331 0.000066 0.000185 0.000572 
0.000316 0.000068 0.000186 0.000514 
0.000337 0.000062 0.000194 0.000589 
0.000323 0.000080 0.000161 0.000697 
0.000345 0.000080 0.000211 0.000733 
0.000330 0.000075 0.000187 0.000709 
0.000349 0.000071 0.000220 0.000697 
0.000348 0.000072 0.000209 0.000722 
0.000342 0.000075 0.000204 0.000684 
0.000344 0.000070 0.000201 0.000689 
0.000340 0.000072 0.000212 0.000681 
0.000331 0.000076 0.000195 0.000630 
0.000346 0.000074 0.000199 0.000679 
0.000333 0.000079 0.000177 0.000673 
0.000309 0.000058 0.000193 0.000669 
0.000300 0.000063 0.000190 0.000581 
0.000315 0.000057 0.000197 0.000578 
0.000305 0.000060 0.000185 0.000536 
0.000286 0.000075 0.000143 0.000647 
0.000304 0.000062 0.000189 0.000597 
0.000310 0.000061 0.000186 0.000647 
0.000295 0.000060 0.000178 0.000597 
0.000288 0.000069 0.000167 0.000631 
0.000290 0.000067 0.000168 0.000714 
0.000327 0.000076 0.000151 0.000676 
0.000323 0.000065 0.000189 0.000603 
0.000327 0.000068 0.000174 0.000632 
0.000324 0.000070 0.000174 0.000633 
0.000314 0.000069 0.000144 0.000642 
0.000315 0.000070 0.000153 0.000692 
0.000335 0.000064 0.000186 0.000633 
0.000328 0.000074 0.000175 0.000625 
0.000315 0.000070 0.000148 0.000691 
0.000335 0.000064 0.000187 0.000665 
0.000314 0.000072 0.000187 0.000605 
0.000333 0.000069 0.000187 0.000656 
0.000320 0.000063 0.000173 0.000578 
0.000328 0.000073 0.000161 0.000667 
0.000336 0.000066 0.000160 0.000618 
0.000319 0.000068 0.000168 0.000684 
0.000323 0.000068 0.000159 0.000563 
0.000321 0.000066 0.000170 0.000594 
0.000323 0.000071 0.000177 0.000597 
0.000313 0.000077 0.000160 0.000546 
0.000309 0.000063 0.000172 0.000578 
0.000305 0.000069 0.000162 0.000560 
0.000316 0.000073 0.000182 0.000651 
0.000304 0.000067 0.000175 0.000579 
0.000307 0.000069 0.000172 0.000617 
0.000306 0.000078 0.000159 0.000576 
0.000306 0.000077 0.000156 0.000562 
0.000316 0.000064 0.000173 0.000615 
0.000293 0.000066 0.000142 0.000566 
0.000313 0.000068 0.000170 0.000679 
0.000318 0.000084 0.000169 0.000951 
0.000323 0.000083 0.000188 0.000884 
0.000346 0.000084 0.000165 0.000860 
0.000318 0.000097 0.000096 0.000950 
0.000320 0.000091 0.000151 0.000988 
0.000307 0.000082 0.000157 0.000936 
0.000325 0.000088 0.000135 0.000974 
0.000312 0.000086 0.000176 0.000849 
0.000314 0.000084 0.000168 0.000936 
0.000313 0.000093 0.000164 0.000917 
0.000342 0.000084 0.000186 0.000921 
0.000329 0.000087 0.000163 0.000853 
0.000345 0.000090 0.000157 0.000961 
0.000334 0.000087 0.000198 0.000985 
0.000335 0.000075 0.000198 0.000824 
0.000301 0.000082 0.000148 0.000769 
0.000293 0.000090 0.000123 0.000841 
0.000297 0.000084 0.000150 0.000791 
0.000309 0.000084 0.000175 0.000763 
0.000300 0.000087 0.000141 0.000761 
0.000303 0.000083 0.000142 0.000670 
0.000298 0.000085 0.000151 0.000820 
0.000311 0.000089 0.000132 0.000770 
0.000301 0.000093 0.000136 0.000891 
0.000304 0.000080 0.000153 0.000717 
0.000294 0.000086 0.000128 0.000665 
0.000304 0.000085 0.000153 0.000738 
0.000332 0.000081 0.000154 0.000731 
0.000331 0.000077 0.000179 0.000683 
0.000320 0.000076 0.000144 0.000710 
0.000338 0.000076 0.000160 0.000693 
0.000326 0.000084 0.000155 0.000734 
0.000313 0.000079 0.000124 0.000697 
0.000304 0.000081 0.000127 0.000667 
0.000338 0.000084 0.000134 0.000742 
0.000314 0.000082 0.000119 0.000700 
0.000338 0.000072 0.000176 0.000628 
0.000322 0.000077 0.000140 0.000655 
0.000351 0.000074 0.000196 0.000732 
0.000336 0.000077 0.000209 0.000734 
0.000327 0.000080 0.000186 0.000714 
0.000320 0.000081 0.000172 0.000726 
0.000320 0.000080 0.000180 0.000774 
0.000317 0.000084 0.000174 0.000722 
0.000302 0.000088 0.000152 0.000695 
0.000320 0.000084 0.000175 0.000660 
0.000321 0.000083 0.000172 0.000746 
0.000291 0.000083 0.000150 0.000708 
0.000314 0.000078 0.000170 0.000743 
0.000329 0.000076 0.000188 0.000674 
0.000327 0.000080 0.000189 0.000763 
0.000333 0.000081 0.000190 0.000777 
0.000311 0.000075 0.000160 0.000564 
0.000324 0.000073 0.000176 0.000529 
0.000313 0.000076 0.000166 0.000630 
0.000328 0.000074 0.000156 0.000554 
0.000311 0.000075 0.000156 0.000605 
0.000321 0.000077 0.000154 0.000606 
0.000314 0.000079 0.000160 0.000556 
0.000317 0.000075 0.000173 0.000620 
0.000307 0.000076 0.000163 0.000515 
0.000317 0.000074 0.000157 0.000605 
0.000313 0.000078 0.000155 0.000588 
0.000309 0.000073 0.000160 0.000577 
0.000305 0.000075 0.000137 0.000546 
0.000314 0.000064 0.000183 0.000644 
0.000320 0.000065 0.000200 0.000632 
0.000289 0.000075 0.000141 0.000712 
0.000306 0.000072 0.000171 0.000617 
0.000293 0.000072 0.000161 0.000680 
0.000293 0.000067 0.000166 0.000670 
0.000288 0.000071 0.000145 0.000590 
0.000287 0.000073 0.000151 0.000528 
0.000305 0.000078 0.000161 0.000724 
0.000310 0.000070 0.000171 0.000728 
0.000299 0.000076 0.000152 0.000660 
0.000304 0.000065 0.000189 0.000657 
0.000292 0.000074 0.000147 0.000651 
0.000299 0.000079 0.000119 0.000656 
0.000352 0.000086 0.000185 0.000850 
0.000343 0.000096 0.000152 0.000764 
0.000336 0.000094 0.000160 0.000758 
0.000352 0.000104 0.000155 0.000816 
0.000350 0.000094 0.000171 0.000827 
0.000329 0.000099 0.000132 0.000736 
0.000351 0.000091 0.000161 0.000836 
0.000349 0.000099 0.000160 0.000865 
0.000344 0.000087 0.000167 0.000747 
0.000342 0.000099 0.000119 0.000775 
0.000347 0.000082 0.000177 0.000750 
0.000351 0.000092 0.000137 0.000811 
0.000335 0.000086 0.000156 0.000737 
