0.000376 0.000097 0.000000 0.000789 
0.000375 0.000142 0.000000 0.001130 
0.000340 0.000101 0.000000 0.000938 
0.000355 0.000115 0.000000 0.000829 
0.000369 0.000107 0.000000 0.000847 
0.000374 0.000120 0.000000 0.000848 
0.000379 0.000104 0.000000 0.000990 
0.000389 0.000121 0.000000 0.000969 
0.000352 0.000095 0.000000 0.000769 
0.000346 0.000112 0.000000 0.000910 
0.000363 0.000114 0.000000 0.001005 
0.000351 0.000104 0.000000 0.000877 
0.000367 0.000106 0.000000 0.000864 
0.000426 0.000218 0.000000 0.001155 
0.000411 0.000202 0.000000 0.001228 
0.000423 0.000202 0.000000 0.001127 
0.000367 0.000135 0.000000 0.001077 
0.000378 0.000170 0.000000 0.001190 
0.000413 0.000217 0.000000 0.001303 
0.000398 0.000190 0.000000 0.001330 
0.000402 0.000212 0.000000 0.001360 
0.000377 0.000171 0.000000 0.001200 
0.000382 0.000177 0.000000 0.001293 
0.000412 0.000193 0.000000 0.001204 
0.000425 0.000213 0.000000 0.001203 
0.000384 0.000187 0.000000 0.001354 
0.000364 0.000129 0.000000 0.001047 
0.000375 0.000151 0.000000 0.001155 
0.000362 0.000120 0.000000 0.001022 
0.000339 0.000101 0.000000 0.000905 
0.000350 0.000122 0.000000 0.001022 
0.000334 0.000114 0.000000 0.000939 
0.000342 0.000100 0.000000 0.000910 
0.000390 0.000147 0.000000 0.001135 
0.000352 0.000135 0.000000 0.000995 
0.000360 0.000104 0.000000 0.000967 
0.000365 0.000131 0.000000 0.001080 
0.000443 0.000165 0.000000 0.001127 
0.000460 0.000153 0.000000 0.001080 
0.000447 0.000174 0.000000 0.001091 
0.000447 0.000156 0.000000 0.001142 
0.000461 0.000166 0.000000 0.001039 
0.000441 0.000160 0.000000 0.001010 
0.000444 0.000165 0.000000 0.001100 
0.000443 0.000165 0.000000 0.001069 
0.000457 0.000171 0.000000 0.001041 
0.000433 0.000167 0.000000 0.001189 
0.000447 0.000177 0.000000 0.001171 
0.000433 0.000166 0.000000 0.001089 
0.000423 0.000209 0.000000 0.001270 
0.000430 0.000156 0.000000 0.001037 
0.000386 0.000138 0.000000 0.001048 
0.000375 0.000116 0.000000 0.000791 
0.000440 0.000177 0.000000 0.001371 
0.000416 0.000160 0.000000 0.001260 
0.000402 0.000149 0.000000 0.001079 
0.000401 0.000139 0.000000 0.001075 
0.000379 0.000120 0.000000 0.001109 
0.000441 0.000152 0.000000 0.001134 
0.000405 0.000127 0.000000 0.001048 
0.000419 0.000162 0.000000 0.001090 
0.000391 0.000136 0.000000 0.001022 
0.000415 0.000145 0.000000 0.000994 
0.000436 0.000154 0.000000 0.001063 
0.000382 0.000156 0.000000 0.001234 
0.000413 0.000150 0.000000 0.001012 
0.000429 0.000141 0.000000 0.001025 
0.000404 0.000179 0.000000 0.001084 
0.000395 0.000151 0.000000 0.001025 
0.000415 0.000175 0.000000 0.001174 
0.000399 0.000117 0.000000 0.000892 
0.000406 0.000121 0.000000 0.001086 
0.000414 0.000117 0.000000 0.000849 
0.000401 0.000104 0.000000 0.000861 
0.000373 0.000124 0.000000 0.000884 
0.000400 0.000102 0.000000 0.000787 
0.000422 0.000101 0.000000 0.000810 
0.000390 0.000110 0.000000 0.000868 
0.000406 0.000144 0.000000 0.000901 
0.000416 0.000125 0.000000 0.000939 
0.000428 0.000142 0.000000 0.000917 
0.000424 0.000121 0.000000 0.000879 
0.000414 0.000101 0.000000 0.000852 
0.000409 0.000114 0.000000 0.000812 
0.000415 0.000132 0.000000 0.001068 
0.000412 0.000102 0.000000 0.000965 
0.000381 0.000089 0.000000 0.000736 
0.000382 0.000089 0.000000 0.000716 
0.000444 0.000111 0.000000 0.000815 
0.000379 0.000098 0.000000 0.000785 
0.000409 0.000102 0.000000 0.000723 
0.000425 0.000125 0.000000 0.000907 
0.000411 0.000100 0.000000 0.000723 
0.000376 0.000123 0.000000 0.000861 
0.000386 0.000109 0.000000 0.000753 
0.000394 0.000150 0.000000 0.001004 
0.000402 0.000105 0.000000 0.000812 
0.000373 0.000101 0.000000 0.000771 
0.000360 0.000130 0.000000 0.000826 
0.000341 0.000090 0.000000 0.000798 
0.000436 0.000147 0.000000 0.000927 
0.000399 0.000114 0.000000 0.000832 
0.000503 0.000183 0.000000 0.001125 
0.000529 0.000163 0.000000 0.001095 
0.000480 0.000164 0.000000 0.001137 
0.000421 0.000161 0.000000 0.001069 
0.000408 0.000135 0.000000 0.001058 
0.000431 0.000139 0.000000 0.000957 
0.000446 0.000189 0.000000 0.001210 
0.000451 0.000154 0.000000 0.001021 
0.000431 0.000116 0.000000 0.000924 
0.000401 0.000120 0.000000 0.000982 
0.000407 0.000084 0.000000 0.000764 
0.000372 0.000113 0.000000 0.000834 
0.000395 0.000141 0.000000 0.000828 
0.000372 0.000165 0.000000 0.001020 
0.000355 0.000139 0.000000 0.000737 
0.000405 0.000176 0.000000 0.000926 
0.000464 0.000189 0.000000 0.000939 
0.000353 0.000145 0.000000 0.000810 
0.000433 0.000195 0.000000 0.001333 
0.000438 0.000156 0.000000 0.001227 
0.000347 0.000142 0.000000 0.000895 
0.000351 0.000140 0.000000 0.000840 
0.000351 0.000129 0.000000 0.000904 
0.000465 0.000208 0.000000 0.001239 
0.000342 0.000103 0.000000 0.000636 
0.000417 0.000154 0.000000 0.000974 
0.000397 0.000140 0.000000 0.001006 
0.000413 0.000163 0.000000 0.001000 
0.000373 0.000137 0.000000 0.001127 
0.000384 0.000144 0.000000 0.000942 
0.000401 0.000166 0.000000 0.000928 
0.000465 0.000243 0.000000 0.001109 
0.000426 0.000171 0.000000 0.001041 
0.000485 0.000246 0.000000 0.001158 
0.000476 0.000205 0.000000 0.001087 
0.000385 0.000152 0.000000 0.001032 
0.000418 0.000158 0.000000 0.001093 
0.000446 0.000161 0.000000 0.001091 
0.000443 0.000177 0.000000 0.001067 
0.000431 0.000171 0.000000 0.001058 
0.000458 0.000187 0.000000 0.001058 
0.000467 0.000212 0.000000 0.001703 
0.000421 0.000191 0.000000 0.000972 
0.000434 0.000179 0.000000 0.000953 
0.000434 0.000179 0.000000 0.000961 
0.000426 0.000207 0.000000 0.001121 
0.000407 0.000153 0.000000 0.000831 
0.000399 0.000157 0.000000 0.000972 
0.000410 0.000146 0.000000 0.000859 
0.000429 0.000158 0.000000 0.000866 
0.000358 0.000112 0.000000 0.000755 
0.000340 0.000085 0.000000 0.000732 
0.000343 0.000090 0.000000 0.000684 
0.000341 0.000088 0.000000 0.000698 
0.000353 0.000126 0.000000 0.000825 
0.000366 0.000112 0.000000 0.000744 
0.000370 0.000113 0.000000 0.000743 
0.000341 0.000098 0.000000 0.000714 
0.000325 0.000093 0.000000 0.000668 
0.000334 0.000092 0.000000 0.000698 
0.000364 0.000115 0.000000 0.000758 
0.000321 0.000085 0.000000 0.000629 
0.000327 0.000095 0.000000 0.000648 
0.000398 0.000132 0.000000 0.000776 
0.000424 0.000148 0.000000 0.000884 
0.000324 0.000055 0.000000 0.000494 
0.000383 0.000083 0.000000 0.000596 
0.000368 0.000075 0.000000 0.000667 
0.000332 0.000073 0.000000 0.000559 
0.000325 0.000059 0.000000 0.000566 
0.000338 0.000066 0.000000 0.000582 
0.000413 0.000111 0.000000 0.000719 
0.000386 0.000084 0.000000 0.000610 
0.000397 0.000148 0.000000 0.000936 
0.000368 0.000079 0.000000 0.000620 
0.000362 0.000105 0.000000 0.000687 
0.000374 0.000103 0.000000 0.000745 
0.000450 0.000122 0.000000 0.000821 
0.000426 0.000143 0.000000 0.000869 
0.000448 0.000136 0.000000 0.000827 
0.000470 0.000159 0.000000 0.000930 
0.000452 0.000130 0.000000 0.000882 
0.000450 0.000147 0.000000 0.000884 
0.000474 0.000173 0.000000 0.001055 
0.000440 0.000164 0.000000 0.000925 
0.000506 0.000282 0.000000 0.001461 
0.000416 0.000136 0.000000 0.000880 
0.000458 0.000160 0.000000 0.000919 
0.000438 0.000144 0.000000 0.000870 
0.000422 0.000134 0.000000 0.000889 
