0.000416 0.000050 0.000000 0.000561 
0.000416 0.000054 0.000000 0.000723 
0.000423 0.000050 0.000000 0.000686 
0.000405 0.000055 0.000000 0.000759 
0.000412 0.000049 0.000000 0.000764 
0.000394 0.000046 0.000000 0.000521 
0.000429 0.000044 0.000000 0.000659 
0.000433 0.000053 0.000000 0.000866 
0.000421 0.000053 0.000000 0.000812 
0.000402 0.000050 0.000000 0.000670 
0.000430 0.000048 0.000000 0.000804 
0.000407 0.000048 0.000000 0.000637 
0.000405 0.000054 0.000000 0.000634 
0.000366 0.000054 0.000000 0.000725 
0.000385 0.000055 0.000000 0.000810 
0.000369 0.000065 0.000000 0.000761 
0.000382 0.000063 0.000000 0.000862 
0.000370 0.000056 0.000000 0.000706 
0.000364 0.000060 0.000000 0.000725 
0.000373 0.000057 0.000000 0.000722 
0.000365 0.000061 0.000000 0.000809 
0.000354 0.000060 0.000000 0.000824 
0.000371 0.000068 0.000000 0.000953 
0.000365 0.000071 0.000000 0.001036 
0.000378 0.000069 0.000000 0.000967 
0.000377 0.000065 0.000000 0.000913 
0.000419 0.000061 0.000000 0.000915 
0.000421 0.000061 0.000000 0.000840 
0.000405 0.000067 0.000000 0.000914 
0.000393 0.000049 0.000000 0.000808 
0.000379 0.000062 0.000000 0.000736 
0.000399 0.000057 0.000000 0.000892 
0.000400 0.000066 0.000000 0.000912 
0.000417 0.000067 0.000000 0.001002 
0.000396 0.000055 0.000000 0.000773 
0.000408 0.000059 0.000000 0.000835 
0.000420 0.000063 0.000000 0.000972 
0.000400 0.000054 0.000000 0.000640 
0.000397 0.000062 0.000000 0.000706 
0.000407 0.000059 0.000000 0.000769 
0.000410 0.000056 0.000000 0.000769 
0.000397 0.000052 0.000000 0.000622 
0.000394 0.000049 0.000000 0.000656 
0.000383 0.000063 0.000000 0.000803 
0.000396 0.000053 0.000000 0.000745 
0.000395 0.000054 0.000000 0.000682 
0.000414 0.000067 0.000000 0.000884 
0.000388 0.000052 0.000000 0.000775 
0.000396 0.000054 0.000000 0.000809 
0.000403 0.000061 0.000000 0.000863 
0.000415 0.000052 0.000000 0.000708 
0.000394 0.000056 0.000000 0.000726 
0.000433 0.000072 0.000000 0.000981 
0.000443 0.000062 0.000000 0.000934 
0.000429 0.000054 0.000000 0.000808 
0.000414 0.000064 0.000000 0.000833 
0.000423 0.000059 0.000000 0.000855 
0.000427 0.000061 0.000000 0.000886 
0.000420 0.000055 0.000000 0.000782 
0.000406 0.000044 0.000000 0.000638 
0.000379 0.000075 0.000000 0.000861 
0.000351 0.000071 0.000000 0.000743 
0.000364 0.000077 0.000000 0.000849 
0.000372 0.000075 0.000000 0.000853 
0.000375 0.000064 0.000000 0.000777 
0.000364 0.000073 0.000000 0.000867 
0.000365 0.000071 0.000000 0.000703 
0.000347 0.000068 0.000000 0.000783 
0.000345 0.000075 0.000000 0.000752 
0.000354 0.000069 0.000000 0.000809 
0.000415 0.000052 0.000000 0.000761 
0.000417 0.000053 0.000000 0.000703 
0.000405 0.000043 0.000000 0.000579 
0.000412 0.000052 0.000000 0.000736 
0.000400 0.000058 0.000000 0.000798 
0.000401 0.000041 0.000000 0.000527 
0.000407 0.000042 0.000000 0.000677 
0.000402 0.000049 0.000000 0.000647 
0.000384 0.000057 0.000000 0.000637 
0.000408 0.000056 0.000000 0.000840 
0.000400 0.000050 0.000000 0.000774 
0.000416 0.000051 0.000000 0.000605 
0.000419 0.000041 0.000000 0.000571 
0.000404 0.000048 0.000000 0.000644 
0.000408 0.000051 0.000000 0.000621 
0.000441 0.000051 0.000000 0.000660 
0.000412 0.000058 0.000000 0.000903 
0.000414 0.000045 0.000000 0.000608 
0.000422 0.000053 0.000000 0.000846 
0.000417 0.000047 0.000000 0.000684 
0.000430 0.000062 0.000000 0.000866 
0.000390 0.000054 0.000000 0.000639 
0.000414 0.000050 0.000000 0.000803 
0.000385 0.000050 0.000000 0.000812 
0.000392 0.000053 0.000000 0.000745 
0.000397 0.000063 0.000000 0.000916 
0.000397 0.000055 0.000000 0.000821 
0.000417 0.000068 0.000000 0.000922 
0.000362 0.000053 0.000000 0.000533 
0.000409 0.000047 0.000000 0.000648 
0.000358 0.000066 0.000000 0.000838 
0.000392 0.000073 0.000000 0.000926 
0.000392 0.000050 0.000000 0.000733 
0.000403 0.000059 0.000000 0.000785 
0.000374 0.000059 0.000000 0.000747 
0.000399 0.000069 0.000000 0.000918 
0.000388 0.000059 0.000000 0.000770 
0.000397 0.000050 0.000000 0.000738 
0.000366 0.000053 0.000000 0.000752 
0.000380 0.000057 0.000000 0.000839 
0.000386 0.000056 0.000000 0.000825 
0.000380 0.000065 0.000000 0.000979 
0.000385 0.000062 0.000000 0.000908 
0.000404 0.000049 0.000000 0.000739 
0.000388 0.000042 0.000000 0.000758 
0.000448 0.000121 0.000000 0.001176 
0.000384 0.000042 0.000000 0.000604 
0.000393 0.000044 0.000000 0.000653 
0.000377 0.000056 0.000000 0.000827 
0.000395 0.000035 0.000000 0.000658 
0.000399 0.000045 0.000000 0.000744 
0.000403 0.000046 0.000000 0.000690 
0.000414 0.000042 0.000000 0.000719 
0.000436 0.000167 0.000000 0.001377 
0.000386 0.000039 0.000000 0.000577 
0.000410 0.000067 0.000000 0.000925 
0.000391 0.000044 0.000000 0.000752 
0.000391 0.000068 0.000000 0.000830 
0.000406 0.000066 0.000000 0.000953 
0.000379 0.000060 0.000000 0.000766 
0.000414 0.000081 0.000000 0.000978 
0.000408 0.000057 0.000000 0.000905 
0.000371 0.000060 0.000000 0.000751 
0.000375 0.000063 0.000000 0.000875 
0.000403 0.000074 0.000000 0.001002 
0.000378 0.000089 0.000000 0.001129 
0.000385 0.000052 0.000000 0.000694 
0.000394 0.000075 0.000000 0.000973 
0.000400 0.000062 0.000000 0.000923 
0.000407 0.000038 0.000000 0.000600 
0.000385 0.000045 0.000000 0.000620 
0.000383 0.000050 0.000000 0.000686 
0.000398 0.000046 0.000000 0.000734 
0.000393 0.000040 0.000000 0.000663 
0.000374 0.000057 0.000000 0.000642 
0.000390 0.000048 0.000000 0.000761 
0.000404 0.000047 0.000000 0.000767 
0.000359 0.000046 0.000000 0.000592 
0.000387 0.000048 0.000000 0.000659 
0.000389 0.000046 0.000000 0.000696 
0.000396 0.000053 0.000000 0.000754 
0.000377 0.000063 0.000000 0.000915 
0.000381 0.000057 0.000000 0.000615 
0.000390 0.000056 0.000000 0.000543 
0.000412 0.000060 0.000000 0.000611 
0.000410 0.000064 0.000000 0.000638 
0.000380 0.000060 0.000000 0.000641 
0.000393 0.000052 0.000000 0.000579 
0.000400 0.000051 0.000000 0.000682 
0.000384 0.000053 0.000000 0.000623 
0.000366 0.000053 0.000000 0.000644 
0.000390 0.000057 0.000000 0.000724 
0.000390 0.000051 0.000000 0.000655 
0.000384 0.000057 0.000000 0.000644 
0.000362 0.000061 0.000000 0.000686 
0.000368 0.000069 0.000000 0.000752 
0.000372 0.000073 0.000000 0.000815 
0.000373 0.000053 0.000000 0.000650 
0.000376 0.000059 0.000000 0.000652 
0.000365 0.000059 0.000000 0.000716 
0.000371 0.000059 0.000000 0.000579 
0.000377 0.000057 0.000000 0.000725 
0.000364 0.000066 0.000000 0.000650 
0.000361 0.000068 0.000000 0.000743 
0.000384 0.000056 0.000000 0.000719 
0.000381 0.000068 0.000000 0.000847 
0.000378 0.000058 0.000000 0.000731 
0.000367 0.000064 0.000000 0.000761 
0.000368 0.000056 0.000000 0.000618 
0.000396 0.000063 0.000000 0.000896 
0.000395 0.000068 0.000000 0.001020 
0.000406 0.000069 0.000000 0.000985 
0.000401 0.000073 0.000000 0.001002 
0.000419 0.000061 0.000000 0.000908 
0.000403 0.000086 0.000000 0.001124 
0.000387 0.000068 0.000000 0.000899 
0.000398 0.000070 0.000000 0.000845 
0.000396 0.000072 0.000000 0.001009 
0.000394 0.000059 0.000000 0.000898 
0.000366 0.000068 0.000000 0.001009 
0.000394 0.000071 0.000000 0.000821 
0.000390 0.000070 0.000000 0.000971 
