0.000466 0.000090 0.000310 0.000763 
0.000483 0.000104 0.000306 0.000870 
0.000465 0.000097 0.000303 0.000781 
0.000455 0.000095 0.000265 0.000767 
0.000459 0.000092 0.000300 0.000762 
0.000458 0.000097 0.000277 0.000768 
0.000479 0.000088 0.000320 0.000735 
0.000472 0.000095 0.000302 0.000785 
0.000469 0.000082 0.000318 0.000755 
0.000460 0.000107 0.000272 0.000820 
0.000466 0.000093 0.000307 0.000768 
0.000462 0.000096 0.000272 0.000771 
0.000459 0.000091 0.000300 0.000787 
0.000411 0.000107 0.000268 0.000912 
0.000419 0.000115 0.000254 0.000862 
0.000441 0.000114 0.000286 0.000932 
0.000439 0.000118 0.000293 0.001018 
0.000438 0.000117 0.000273 0.000898 
0.000423 0.000109 0.000260 0.000933 
0.000422 0.000106 0.000298 0.000917 
0.000415 0.000113 0.000261 0.000982 
0.000432 0.000129 0.000261 0.001016 
0.000431 0.000115 0.000269 0.000910 
0.000417 0.000103 0.000256 0.000901 
0.000419 0.000095 0.000273 0.000866 
0.000446 0.000105 0.000268 0.000914 
0.000444 0.000071 0.000302 0.000723 
0.000431 0.000081 0.000261 0.000792 
0.000433 0.000069 0.000281 0.000700 
0.000404 0.000080 0.000249 0.000799 
0.000409 0.000073 0.000263 0.000711 
0.000412 0.000083 0.000252 0.000744 
0.000429 0.000068 0.000295 0.000671 
0.000433 0.000073 0.000297 0.000711 
0.000407 0.000077 0.000258 0.000713 
0.000417 0.000076 0.000277 0.000691 
0.000431 0.000071 0.000287 0.000686 
0.000483 0.000104 0.000332 0.000996 
0.000480 0.000108 0.000313 0.001126 
0.000479 0.000104 0.000303 0.000983 
0.000485 0.000109 0.000307 0.001096 
0.000488 0.000099 0.000324 0.000905 
0.000450 0.000108 0.000252 0.001083 
0.000474 0.000104 0.000304 0.000903 
0.000468 0.000099 0.000300 0.000908 
0.000480 0.000104 0.000318 0.001041 
0.000478 0.000088 0.000324 0.000914 
0.000464 0.000101 0.000299 0.001017 
0.000479 0.000101 0.000301 0.000955 
0.000448 0.000092 0.000253 0.000802 
0.000449 0.000092 0.000267 0.000961 
0.000464 0.000104 0.000275 0.000834 
0.000482 0.000093 0.000285 0.000803 
0.000472 0.000082 0.000318 0.000777 
0.000466 0.000091 0.000290 0.000772 
0.000465 0.000097 0.000268 0.000818 
0.000458 0.000091 0.000263 0.000827 
0.000452 0.000091 0.000274 0.000775 
0.000470 0.000088 0.000304 0.000804 
0.000459 0.000093 0.000279 0.000800 
0.000454 0.000102 0.000275 0.000869 
0.000440 0.000096 0.000261 0.000825 
0.000469 0.000100 0.000290 0.000859 
0.000452 0.000094 0.000275 0.000868 
0.000428 0.000100 0.000251 0.000892 
0.000451 0.000096 0.000280 0.000813 
0.000460 0.000099 0.000291 0.000869 
0.000444 0.000099 0.000290 0.000807 
0.000429 0.000097 0.000259 0.000793 
0.000429 0.000105 0.000244 0.000852 
0.000453 0.000079 0.000299 0.000840 
0.000443 0.000069 0.000291 0.000662 
0.000453 0.000069 0.000290 0.000714 
0.000458 0.000074 0.000301 0.000772 
0.000442 0.000067 0.000295 0.000727 
0.000449 0.000081 0.000275 0.000778 
0.000464 0.000070 0.000301 0.000669 
0.000454 0.000074 0.000278 0.000659 
0.000463 0.000066 0.000320 0.000724 
0.000459 0.000068 0.000287 0.000653 
0.000441 0.000064 0.000287 0.000661 
0.000463 0.000070 0.000307 0.000708 
0.000443 0.000073 0.000282 0.000675 
0.000449 0.000072 0.000297 0.000811 
0.000462 0.000063 0.000304 0.000713 
0.000448 0.000082 0.000276 0.000667 
0.000458 0.000093 0.000261 0.000762 
0.000475 0.000087 0.000287 0.000823 
0.000467 0.000091 0.000267 0.000826 
0.000448 0.000087 0.000246 0.000746 
0.000466 0.000089 0.000276 0.000753 
0.000450 0.000091 0.000235 0.000776 
0.000475 0.000094 0.000288 0.000838 
0.000471 0.000113 0.000267 0.000947 
0.000447 0.000093 0.000257 0.000782 
0.000475 0.000117 0.000264 0.000926 
0.000453 0.000089 0.000262 0.000739 
0.000453 0.000112 0.000238 0.000841 
0.000444 0.000115 0.000241 0.000846 
0.000469 0.000098 0.000285 0.000837 
0.000480 0.000103 0.000297 0.000918 
0.000496 0.000113 0.000310 0.000951 
0.000476 0.000099 0.000272 0.000865 
0.000480 0.000111 0.000297 0.000901 
0.000464 0.000112 0.000261 0.000947 
0.000480 0.000117 0.000300 0.000971 
0.000474 0.000103 0.000297 0.000859 
0.000474 0.000115 0.000276 0.000953 
0.000466 0.000126 0.000282 0.001019 
0.000463 0.000112 0.000288 0.000900 
0.000488 0.000095 0.000322 0.000885 
0.000490 0.000106 0.000317 0.000965 
0.000487 0.000098 0.000310 0.000897 
0.000503 0.000117 0.000327 0.001044 
0.000546 0.000074 0.000442 0.000808 
0.000486 0.000064 0.000357 0.000699 
0.000482 0.000076 0.000357 0.000788 
0.000489 0.000081 0.000326 0.000746 
0.000500 0.000066 0.000392 0.000809 
0.000488 0.000075 0.000363 0.000744 
0.000501 0.000088 0.000367 0.000955 
0.000487 0.000083 0.000357 0.000804 
0.000494 0.000075 0.000362 0.000821 
0.000494 0.000090 0.000356 0.000793 
0.000502 0.000076 0.000377 0.000779 
0.000485 0.000071 0.000329 0.000752 
0.000498 0.000087 0.000360 0.000775 
0.000556 0.000092 0.000415 0.000897 
0.000541 0.000090 0.000371 0.000903 
0.000550 0.000093 0.000396 0.000898 
0.000554 0.000088 0.000395 0.000950 
0.000544 0.000099 0.000398 0.000913 
0.000515 0.000094 0.000375 0.000873 
0.000523 0.000089 0.000388 0.000828 
0.000537 0.000098 0.000356 0.000873 
0.000555 0.000098 0.000362 0.001040 
0.000565 0.000095 0.000406 0.000961 
0.000548 0.000092 0.000387 0.000927 
0.000588 0.000098 0.000427 0.001028 
0.000552 0.000100 0.000362 0.000942 
0.000522 0.000095 0.000329 0.000905 
0.000527 0.000096 0.000327 0.000847 
0.000520 0.000103 0.000329 0.000912 
0.000512 0.000109 0.000314 0.001025 
0.000494 0.000111 0.000292 0.001020 
0.000508 0.000087 0.000341 0.000875 
0.000513 0.000106 0.000304 0.001007 
0.000493 0.000127 0.000266 0.001091 
0.000518 0.000117 0.000301 0.000942 
0.000528 0.000099 0.000341 0.000924 
0.000518 0.000105 0.000325 0.000946 
0.000542 0.000096 0.000366 0.000933 
0.000472 0.000073 0.000327 0.000666 
0.000500 0.000095 0.000325 0.000825 
0.000479 0.000091 0.000320 0.000757 
0.000499 0.000097 0.000302 0.000776 
0.000467 0.000087 0.000291 0.000745 
0.000468 0.000080 0.000312 0.000719 
0.000472 0.000089 0.000282 0.000734 
0.000481 0.000082 0.000323 0.000709 
0.000468 0.000082 0.000311 0.000705 
0.000477 0.000077 0.000295 0.000699 
0.000467 0.000076 0.000305 0.000699 
0.000488 0.000090 0.000312 0.000745 
0.000464 0.000080 0.000307 0.000687 
0.000426 0.000093 0.000242 0.000720 
0.000436 0.000084 0.000273 0.000649 
0.000406 0.000088 0.000222 0.000627 
0.000413 0.000092 0.000229 0.000661 
0.000400 0.000095 0.000212 0.000730 
0.000403 0.000096 0.000221 0.000773 
0.000413 0.000095 0.000229 0.000694 
0.000404 0.000095 0.000222 0.000725 
0.000418 0.000080 0.000251 0.000667 
0.000411 0.000088 0.000234 0.000679 
0.000404 0.000088 0.000217 0.000696 
0.000419 0.000083 0.000221 0.000654 
0.000412 0.000093 0.000221 0.000792 
0.000429 0.000085 0.000270 0.000649 
0.000500 0.000093 0.000315 0.000800 
0.000496 0.000083 0.000327 0.000752 
0.000487 0.000116 0.000263 0.000924 
0.000494 0.000112 0.000276 0.000899 
0.000509 0.000118 0.000308 0.000997 
0.000480 0.000101 0.000286 0.000857 
0.000507 0.000112 0.000310 0.000886 
0.000497 0.000102 0.000288 0.000814 
0.000508 0.000090 0.000317 0.000825 
0.000464 0.000096 0.000265 0.000736 
0.000507 0.000088 0.000333 0.000791 
0.000513 0.000086 0.000347 0.000788 
0.000491 0.000085 0.000344 0.000742 
