0.000671 0.000160 0.000419 0.001314 
0.000676 0.000147 0.000474 0.001268 
0.000662 0.000142 0.000444 0.001301 
0.000661 0.000156 0.000424 0.001496 
0.000670 0.000174 0.000432 0.001546 
0.000658 0.000157 0.000423 0.001340 
0.000661 0.000147 0.000458 0.001357 
0.000685 0.000137 0.000450 0.001332 
0.000676 0.000141 0.000461 0.001291 
0.000675 0.000157 0.000445 0.001334 
0.000645 0.000140 0.000436 0.001269 
0.000663 0.000151 0.000476 0.001319 
0.000663 0.000157 0.000458 0.001375 
0.000582 0.000104 0.000432 0.001075 
0.000594 0.000109 0.000410 0.001143 
0.000593 0.000098 0.000414 0.001039 
0.000583 0.000113 0.000397 0.001090 
0.000587 0.000093 0.000431 0.001054 
0.000569 0.000118 0.000343 0.001150 
0.000584 0.000133 0.000378 0.001160 
0.000571 0.000124 0.000300 0.001080 
0.000559 0.000110 0.000351 0.001091 
0.000589 0.000114 0.000396 0.001020 
0.000613 0.000114 0.000415 0.001119 
0.000587 0.000093 0.000431 0.000973 
0.000582 0.000107 0.000362 0.001105 
0.000650 0.000107 0.000464 0.001110 
0.000632 0.000113 0.000365 0.001095 
0.000640 0.000131 0.000378 0.001091 
0.000603 0.000143 0.000289 0.001190 
0.000607 0.000146 0.000354 0.001232 
0.000598 0.000121 0.000383 0.001154 
0.000633 0.000127 0.000388 0.001113 
0.000636 0.000136 0.000385 0.001184 
0.000613 0.000146 0.000353 0.001301 
0.000613 0.000130 0.000361 0.001218 
0.000645 0.000126 0.000457 0.001151 
0.000685 0.000107 0.000487 0.001119 
0.000723 0.000127 0.000515 0.001312 
0.000697 0.000123 0.000443 0.001229 
0.000706 0.000097 0.000521 0.001272 
0.000698 0.000121 0.000471 0.001341 
0.000695 0.000102 0.000501 0.001144 
0.000698 0.000131 0.000474 0.001305 
0.000705 0.000112 0.000495 0.001104 
0.000685 0.000108 0.000481 0.001332 
0.000713 0.000109 0.000519 0.001165 
0.000712 0.000118 0.000499 0.001218 
0.000689 0.000106 0.000470 0.001084 
0.000664 0.000093 0.000489 0.001007 
0.000699 0.000100 0.000543 0.001060 
0.000670 0.000092 0.000457 0.001071 
0.000662 0.000086 0.000515 0.001028 
0.000701 0.000094 0.000473 0.001044 
0.000686 0.000088 0.000494 0.001030 
0.000678 0.000091 0.000481 0.001058 
0.000677 0.000097 0.000456 0.001114 
0.000672 0.000089 0.000472 0.001010 
0.000685 0.000089 0.000469 0.001032 
0.000692 0.000096 0.000492 0.001030 
0.000704 0.000206 0.000414 0.001617 
0.000661 0.000204 0.000440 0.001665 
0.000662 0.000202 0.000425 0.001521 
0.000704 0.000222 0.000425 0.001628 
0.000666 0.000197 0.000388 0.001517 
0.000681 0.000201 0.000406 0.001616 
0.000690 0.000204 0.000420 0.001599 
0.000656 0.000204 0.000392 0.001504 
0.000700 0.000217 0.000389 0.001545 
0.000643 0.000182 0.000405 0.001486 
0.000663 0.000105 0.000484 0.001101 
0.000665 0.000102 0.000468 0.001044 
0.000676 0.000105 0.000448 0.001067 
0.000692 0.000128 0.000474 0.001244 
0.000633 0.000114 0.000435 0.001062 
0.000675 0.000125 0.000435 0.001190 
0.000699 0.000112 0.000489 0.001051 
0.000672 0.000104 0.000499 0.001024 
0.000664 0.000105 0.000478 0.001080 
0.000701 0.000127 0.000437 0.001143 
0.000665 0.000101 0.000476 0.001037 
0.000688 0.000105 0.000491 0.001054 
0.000684 0.000121 0.000454 0.001176 
0.000695 0.000105 0.000481 0.001051 
0.000676 0.000119 0.000480 0.001098 
0.000697 0.000112 0.000471 0.001097 
0.000657 0.000140 0.000449 0.001308 
0.000673 0.000109 0.000509 0.001180 
0.000656 0.000127 0.000502 0.001288 
0.000628 0.000134 0.000426 0.001338 
0.000651 0.000124 0.000438 0.001302 
0.000650 0.000122 0.000472 0.001237 
0.000647 0.000131 0.000467 0.001291 
0.000648 0.000125 0.000442 0.001285 
0.000650 0.000113 0.000498 0.001204 
0.000674 0.000125 0.000478 0.001200 
0.000634 0.000135 0.000448 0.001233 
0.000665 0.000131 0.000491 0.001297 
0.000631 0.000134 0.000384 0.001251 
0.000667 0.000121 0.000457 0.001241 
0.000683 0.000189 0.000412 0.001320 
0.000695 0.000181 0.000420 0.001372 
0.000709 0.000192 0.000432 0.001347 
0.000716 0.000185 0.000419 0.001427 
0.000704 0.000185 0.000447 0.001547 
0.000686 0.000177 0.000419 0.001352 
0.000719 0.000178 0.000452 0.001417 
0.000699 0.000186 0.000411 0.001408 
0.000716 0.000192 0.000442 0.001405 
0.000671 0.000187 0.000409 0.001467 
0.000703 0.000186 0.000422 0.001338 
0.000696 0.000183 0.000427 0.001463 
0.000692 0.000174 0.000439 0.001358 
0.000693 0.000179 0.000431 0.001354 
0.000682 0.000162 0.000451 0.001364 
0.000646 0.000159 0.000419 0.001344 
0.000635 0.000148 0.000402 0.001242 
0.000643 0.000152 0.000444 0.001252 
0.000668 0.000173 0.000430 0.001388 
0.000630 0.000167 0.000378 0.001309 
0.000687 0.000160 0.000447 0.001388 
0.000667 0.000148 0.000450 0.001273 
0.000635 0.000154 0.000422 0.001352 
0.000656 0.000151 0.000408 0.001242 
0.000653 0.000159 0.000427 0.001328 
0.000657 0.000160 0.000392 0.001338 
0.000642 0.000151 0.000426 0.001273 
0.000673 0.000125 0.000492 0.001284 
0.000680 0.000130 0.000450 0.001298 
0.000649 0.000120 0.000479 0.001201 
0.000684 0.000126 0.000493 0.001394 
0.000667 0.000110 0.000503 0.001174 
0.000631 0.000111 0.000445 0.001183 
0.000643 0.000116 0.000482 0.001269 
0.000694 0.000147 0.000470 0.001318 
0.000652 0.000128 0.000501 0.001216 
0.000659 0.000119 0.000500 0.001341 
0.000657 0.000124 0.000488 0.001285 
0.000716 0.000138 0.000509 0.001339 
0.000676 0.000133 0.000472 0.001272 
0.000636 0.000109 0.000449 0.001160 
0.000669 0.000115 0.000469 0.001179 
0.000647 0.000129 0.000434 0.001196 
0.000641 0.000127 0.000403 0.001145 
0.000650 0.000138 0.000403 0.001229 
0.000658 0.000138 0.000392 0.001279 
0.000664 0.000121 0.000448 0.001161 
0.000629 0.000135 0.000346 0.001249 
0.000658 0.000117 0.000452 0.001168 
0.000673 0.000128 0.000452 0.001178 
0.000653 0.000123 0.000410 0.001131 
0.000672 0.000102 0.000477 0.001103 
0.000600 0.000080 0.000379 0.000976 
0.000643 0.000073 0.000511 0.001022 
0.000648 0.000077 0.000506 0.001014 
0.000657 0.000075 0.000497 0.000991 
0.000599 0.000075 0.000469 0.001015 
0.000614 0.000072 0.000445 0.000982 
0.000622 0.000090 0.000468 0.001125 
0.000620 0.000069 0.000491 0.000949 
0.000611 0.000076 0.000453 0.001005 
0.000620 0.000077 0.000461 0.001000 
0.000618 0.000077 0.000455 0.000946 
0.000618 0.000075 0.000440 0.000995 
0.000621 0.000088 0.000494 0.001030 
0.000679 0.000111 0.000510 0.001269 
0.000698 0.000101 0.000533 0.001309 
0.000652 0.000120 0.000488 0.001298 
0.000695 0.000119 0.000490 0.001276 
0.000666 0.000111 0.000483 0.001306 
0.000673 0.000115 0.000498 0.001297 
0.000679 0.000120 0.000475 0.001275 
0.000663 0.000111 0.000494 0.001253 
0.000656 0.000114 0.000465 0.001261 
0.000687 0.000120 0.000490 0.001216 
0.000705 0.000120 0.000513 0.001230 
0.000677 0.000108 0.000459 0.001397 
0.000672 0.000104 0.000520 0.001408 
0.000662 0.000123 0.000502 0.001404 
0.000750 0.000181 0.000492 0.001538 
0.000742 0.000169 0.000510 0.001464 
0.000744 0.000163 0.000504 0.001374 
0.000750 0.000178 0.000490 0.001407 
0.000751 0.000164 0.000508 0.001389 
0.000719 0.000160 0.000496 0.001374 
0.000774 0.000171 0.000489 0.001427 
0.000706 0.000152 0.000498 0.001352 
0.000738 0.000157 0.000499 0.001385 
0.000719 0.000165 0.000471 0.001360 
0.000718 0.000163 0.000485 0.001438 
0.000721 0.000173 0.000455 0.001475 
0.000737 0.000154 0.000471 0.001350 
