0.000623 0.000298 0.000000 0.001618 
0.000646 0.000307 0.000000 0.001713 
0.000627 0.000282 0.000000 0.001615 
0.000639 0.000324 0.000000 0.001714 
0.000624 0.000302 0.000000 0.001588 
0.000621 0.000308 0.000000 0.001699 
0.000629 0.000277 0.000000 0.001564 
0.000642 0.000286 0.000000 0.001575 
0.000629 0.000291 0.000000 0.001590 
0.000595 0.000260 0.000000 0.001532 
0.000631 0.000291 0.000000 0.001638 
0.000606 0.000279 0.000000 0.001560 
0.000639 0.000325 0.000000 0.001688 
0.000531 0.000258 0.000000 0.001576 
0.000553 0.000265 0.000000 0.001535 
0.000539 0.000258 0.000000 0.001616 
0.000553 0.000277 0.000000 0.001621 
0.000516 0.000218 0.000000 0.001413 
0.000521 0.000255 0.000000 0.001562 
0.000534 0.000251 0.000000 0.001359 
0.000521 0.000259 0.000000 0.001590 
0.000523 0.000267 0.000000 0.001770 
0.000546 0.000281 0.000000 0.001619 
0.000560 0.000284 0.000000 0.001693 
0.000541 0.000251 0.000000 0.001534 
0.000546 0.000275 0.000000 0.001629 
0.000621 0.000256 0.000000 0.001515 
0.000619 0.000290 0.000000 0.001671 
0.000626 0.000286 0.000000 0.001581 
0.000621 0.000323 0.000000 0.001671 
0.000590 0.000325 0.000000 0.001735 
0.000615 0.000302 0.000000 0.001668 
0.000628 0.000296 0.000000 0.001602 
0.000658 0.000300 0.000000 0.001659 
0.000600 0.000318 0.000000 0.001760 
0.000606 0.000286 0.000000 0.001666 
0.000624 0.000272 0.000000 0.001574 
0.000519 0.000248 0.000000 0.001723 
0.000549 0.000261 0.000000 0.001587 
0.000538 0.000250 0.000000 0.001536 
0.000550 0.000237 0.000000 0.001509 
0.000554 0.000254 0.000000 0.001578 
0.000518 0.000219 0.000000 0.001438 
0.000521 0.000244 0.000000 0.001573 
0.000522 0.000226 0.000000 0.001445 
0.000524 0.000250 0.000000 0.001522 
0.000537 0.000246 0.000000 0.001563 
0.000521 0.000233 0.000000 0.001536 
0.000496 0.000211 0.000000 0.001490 
0.000610 0.000230 0.000000 0.001433 
0.000617 0.000223 0.000000 0.001393 
0.000590 0.000225 0.000000 0.001372 
0.000617 0.000225 0.000000 0.001374 
0.000636 0.000219 0.000000 0.001338 
0.000613 0.000212 0.000000 0.001298 
0.000614 0.000218 0.000000 0.001411 
0.000641 0.000232 0.000000 0.001456 
0.000630 0.000235 0.000000 0.001373 
0.000606 0.000212 0.000000 0.001364 
0.000619 0.000223 0.000000 0.001415 
0.000559 0.000283 0.000000 0.001602 
0.000544 0.000280 0.000000 0.001565 
0.000570 0.000314 0.000000 0.001684 
0.000561 0.000309 0.000000 0.001675 
0.000566 0.000290 0.000000 0.001610 
0.000562 0.000315 0.000000 0.001762 
0.000570 0.000341 0.000000 0.001899 
0.000555 0.000301 0.000000 0.001688 
0.000542 0.000290 0.000000 0.001645 
0.000545 0.000289 0.000000 0.001577 
0.000549 0.000225 0.000000 0.001457 
0.000595 0.000250 0.000000 0.001635 
0.000538 0.000230 0.000000 0.001482 
0.000570 0.000236 0.000000 0.001486 
0.000543 0.000237 0.000000 0.001491 
0.000564 0.000250 0.000000 0.001553 
0.000582 0.000254 0.000000 0.001649 
0.000559 0.000250 0.000000 0.001771 
0.000555 0.000265 0.000000 0.001689 
0.000589 0.000260 0.000000 0.001609 
0.000567 0.000243 0.000000 0.001510 
0.000568 0.000244 0.000000 0.001589 
0.000575 0.000218 0.000000 0.001359 
0.000557 0.000220 0.000000 0.001546 
0.000575 0.000242 0.000000 0.001635 
0.000611 0.000244 0.000000 0.001532 
0.000649 0.000304 0.000000 0.001699 
0.000646 0.000254 0.000000 0.001484 
0.000663 0.000294 0.000000 0.001746 
0.000633 0.000297 0.000000 0.001670 
0.000666 0.000312 0.000000 0.001762 
0.000630 0.000314 0.000000 0.001931 
0.000657 0.000280 0.000000 0.001584 
0.000614 0.000286 0.000000 0.001614 
0.000622 0.000277 0.000000 0.001503 
0.000633 0.000306 0.000000 0.001686 
0.000641 0.000294 0.000000 0.001603 
0.000653 0.000314 0.000000 0.001902 
0.000596 0.000296 0.000000 0.001853 
0.000652 0.000273 0.000000 0.001585 
0.000530 0.000260 0.000000 0.001746 
0.000547 0.000272 0.000000 0.001642 
0.000541 0.000206 0.000000 0.001308 
0.000544 0.000237 0.000000 0.001481 
0.000522 0.000217 0.000000 0.001333 
0.000548 0.000277 0.000000 0.001645 
0.000553 0.000265 0.000000 0.001550 
0.000552 0.000241 0.000000 0.001393 
0.000518 0.000250 0.000000 0.001553 
0.000549 0.000249 0.000000 0.001406 
0.000547 0.000245 0.000000 0.001538 
0.000555 0.000250 0.000000 0.001520 
0.000531 0.000247 0.000000 0.001543 
0.000561 0.000254 0.000000 0.001587 
0.000515 0.000210 0.000000 0.001358 
0.000557 0.000251 0.000000 0.001810 
0.000544 0.000217 0.000000 0.001394 
0.000532 0.000197 0.000000 0.001331 
0.000541 0.000229 0.000000 0.001559 
0.000522 0.000200 0.000000 0.001334 
0.000505 0.000209 0.000000 0.001307 
0.000514 0.000204 0.000000 0.001346 
0.000526 0.000182 0.000000 0.001199 
0.000545 0.000249 0.000000 0.001682 
0.000542 0.000218 0.000000 0.001453 
0.000565 0.000232 0.000000 0.001585 
0.000518 0.000218 0.000000 0.001431 
0.000579 0.000291 0.000000 0.001608 
0.000613 0.000284 0.000000 0.001641 
0.000579 0.000308 0.000000 0.001687 
0.000587 0.000287 0.000000 0.001662 
0.000576 0.000264 0.000000 0.001560 
0.000552 0.000283 0.000000 0.001637 
0.000537 0.000282 0.000000 0.001800 
0.000590 0.000270 0.000000 0.001517 
0.000558 0.000300 0.000000 0.001730 
0.000557 0.000285 0.000000 0.001675 
0.000579 0.000304 0.000000 0.001816 
0.000563 0.000260 0.000000 0.001733 
0.000525 0.000191 0.000000 0.001252 
0.000485 0.000181 0.000000 0.001256 
0.000499 0.000203 0.000000 0.001352 
0.000505 0.000170 0.000000 0.001165 
0.000491 0.000171 0.000000 0.001106 
0.000468 0.000216 0.000000 0.001431 
0.000489 0.000204 0.000000 0.001278 
0.000494 0.000188 0.000000 0.001145 
0.000472 0.000220 0.000000 0.001359 
0.000491 0.000199 0.000000 0.001247 
0.000474 0.000181 0.000000 0.001163 
0.000499 0.000194 0.000000 0.001192 
0.000477 0.000210 0.000000 0.001318 
0.000528 0.000214 0.000000 0.001326 
0.000528 0.000220 0.000000 0.001354 
0.000553 0.000214 0.000000 0.001350 
0.000543 0.000206 0.000000 0.001306 
0.000535 0.000224 0.000000 0.001383 
0.000526 0.000232 0.000000 0.001459 
0.000534 0.000225 0.000000 0.001406 
0.000527 0.000220 0.000000 0.001384 
0.000512 0.000222 0.000000 0.001392 
0.000547 0.000200 0.000000 0.001337 
0.000537 0.000205 0.000000 0.001282 
0.000532 0.000231 0.000000 0.001575 
0.000520 0.000222 0.000000 0.001425 
0.000490 0.000212 0.000000 0.001401 
0.000497 0.000215 0.000000 0.001401 
0.000482 0.000205 0.000000 0.001288 
0.000494 0.000193 0.000000 0.001247 
0.000510 0.000238 0.000000 0.001550 
0.000495 0.000213 0.000000 0.001555 
0.000500 0.000230 0.000000 0.001438 
0.000496 0.000210 0.000000 0.001331 
0.000476 0.000200 0.000000 0.001255 
0.000490 0.000201 0.000000 0.001200 
0.000510 0.000208 0.000000 0.001348 
0.000503 0.000197 0.000000 0.001267 
0.000483 0.000206 0.000000 0.001400 
0.000488 0.000203 0.000000 0.001302 
0.000628 0.000246 0.000000 0.001466 
0.000632 0.000277 0.000000 0.001676 
0.000632 0.000249 0.000000 0.001457 
0.000619 0.000265 0.000000 0.001514 
0.000638 0.000249 0.000000 0.001470 
0.000640 0.000290 0.000000 0.001680 
0.000619 0.000238 0.000000 0.001469 
0.000619 0.000246 0.000000 0.001454 
0.000634 0.000283 0.000000 0.001630 
0.000612 0.000265 0.000000 0.001555 
0.000613 0.000281 0.000000 0.001722 
0.000627 0.000284 0.000000 0.001705 
0.000630 0.000281 0.000000 0.001730 
