0.000380 0.000163 0.000142 0.001291 
0.000397 0.000173 0.000146 0.001334 
0.000381 0.000165 0.000127 0.001391 
0.000373 0.000166 0.000126 0.001276 
0.000383 0.000169 0.000119 0.001236 
0.000371 0.000165 0.000127 0.001305 
0.000387 0.000160 0.000155 0.001282 
0.000382 0.000160 0.000153 0.001298 
0.000378 0.000168 0.000111 0.001234 
0.000378 0.000173 0.000137 0.001290 
0.000396 0.000166 0.000159 0.001354 
0.000392 0.000166 0.000158 0.001381 
0.000371 0.000163 0.000124 0.001270 
0.000324 0.000187 0.000081 0.001349 
0.000352 0.000186 0.000103 0.001460 
0.000352 0.000181 0.000109 0.001352 
0.000345 0.000182 0.000110 0.001347 
0.000334 0.000172 0.000097 0.001310 
0.000338 0.000185 0.000098 0.001291 
0.000349 0.000193 0.000082 0.001353 
0.000321 0.000186 0.000077 0.001346 
0.000331 0.000184 0.000087 0.001428 
0.000334 0.000178 0.000099 0.001291 
0.000335 0.000180 0.000099 0.001301 
0.000339 0.000174 0.000097 0.001279 
0.000344 0.000181 0.000104 0.001334 
0.000368 0.000181 0.000094 0.001320 
0.000357 0.000193 0.000049 0.001509 
0.000354 0.000176 0.000098 0.001413 
0.000332 0.000172 0.000074 0.001321 
0.000330 0.000172 0.000076 0.001219 
0.000328 0.000178 0.000071 0.001383 
0.000346 0.000168 0.000100 0.001263 
0.000367 0.000175 0.000100 0.001225 
0.000354 0.000184 0.000057 0.001331 
0.000341 0.000179 0.000070 0.001313 
0.000362 0.000184 0.000067 0.001352 
0.000419 0.000189 0.000146 0.001463 
0.000412 0.000187 0.000135 0.001466 
0.000418 0.000185 0.000138 0.001464 
0.000404 0.000175 0.000129 0.001399 
0.000416 0.000187 0.000136 0.001460 
0.000389 0.000169 0.000138 0.001346 
0.000406 0.000182 0.000129 0.001418 
0.000400 0.000174 0.000166 0.001398 
0.000409 0.000186 0.000130 0.001457 
0.000408 0.000173 0.000160 0.001391 
0.000408 0.000179 0.000146 0.001411 
0.000399 0.000177 0.000154 0.001370 
0.000447 0.000211 0.000141 0.001568 
0.000465 0.000207 0.000156 0.001482 
0.000430 0.000201 0.000142 0.001511 
0.000465 0.000217 0.000156 0.001699 
0.000433 0.000211 0.000118 0.001500 
0.000436 0.000217 0.000106 0.001614 
0.000431 0.000208 0.000130 0.001545 
0.000443 0.000211 0.000150 0.001587 
0.000442 0.000208 0.000120 0.001544 
0.000460 0.000211 0.000146 0.001491 
0.000441 0.000211 0.000148 0.001527 
0.000360 0.000177 0.000120 0.001412 
0.000357 0.000170 0.000129 0.001353 
0.000366 0.000175 0.000117 0.001332 
0.000372 0.000182 0.000094 0.001400 
0.000355 0.000175 0.000131 0.001479 
0.000358 0.000176 0.000111 0.001356 
0.000366 0.000182 0.000100 0.001435 
0.000359 0.000182 0.000120 0.001462 
0.000330 0.000168 0.000112 0.001380 
0.000358 0.000173 0.000084 0.001413 
0.000388 0.000193 0.000102 0.001445 
0.000368 0.000183 0.000095 0.001323 
0.000381 0.000202 0.000078 0.001394 
0.000377 0.000186 0.000084 0.001388 
0.000360 0.000189 0.000044 0.001370 
0.000362 0.000191 0.000066 0.001378 
0.000391 0.000194 0.000106 0.001417 
0.000388 0.000198 0.000096 0.001451 
0.000377 0.000193 0.000087 0.001424 
0.000388 0.000205 0.000079 0.001396 
0.000387 0.000199 0.000075 0.001400 
0.000398 0.000198 0.000107 0.001439 
0.000381 0.000196 0.000083 0.001471 
0.000383 0.000191 0.000091 0.001399 
0.000379 0.000187 0.000101 0.001374 
0.000374 0.000203 0.000063 0.001437 
0.000359 0.000189 0.000048 0.001339 
0.000347 0.000172 0.000065 0.001286 
0.000359 0.000181 0.000071 0.001308 
0.000363 0.000178 0.000098 0.001356 
0.000357 0.000170 0.000065 0.001278 
0.000340 0.000173 0.000074 0.001313 
0.000366 0.000177 0.000095 0.001337 
0.000360 0.000178 0.000098 0.001364 
0.000353 0.000182 0.000061 0.001357 
0.000366 0.000194 0.000052 0.001439 
0.000364 0.000179 0.000111 0.001376 
0.000349 0.000168 0.000066 0.001288 
0.000347 0.000184 0.000077 0.001355 
0.000362 0.000179 0.000088 0.001332 
0.000438 0.000204 0.000089 0.001530 
0.000436 0.000199 0.000129 0.001530 
0.000444 0.000208 0.000122 0.001663 
0.000470 0.000215 0.000131 0.001741 
0.000467 0.000212 0.000098 0.001603 
0.000434 0.000204 0.000100 0.001572 
0.000435 0.000213 0.000084 0.001695 
0.000448 0.000204 0.000121 0.001565 
0.000447 0.000208 0.000111 0.001601 
0.000438 0.000216 0.000097 0.001643 
0.000449 0.000207 0.000135 0.001647 
0.000434 0.000202 0.000130 0.001612 
0.000436 0.000197 0.000086 0.001565 
0.000455 0.000205 0.000131 0.001595 
0.000405 0.000204 0.000075 0.001460 
0.000385 0.000182 0.000090 0.001489 
0.000394 0.000192 0.000083 0.001391 
0.000401 0.000192 0.000114 0.001411 
0.000403 0.000193 0.000088 0.001463 
0.000392 0.000194 0.000099 0.001367 
0.000416 0.000207 0.000089 0.001465 
0.000407 0.000198 0.000071 0.001413 
0.000415 0.000204 0.000042 0.001467 
0.000396 0.000197 0.000097 0.001572 
0.000409 0.000188 0.000103 0.001507 
0.000410 0.000207 0.000068 0.001526 
0.000407 0.000194 0.000058 0.001436 
0.000437 0.000191 0.000150 0.001551 
0.000429 0.000190 0.000173 0.001447 
0.000428 0.000192 0.000140 0.001407 
0.000418 0.000182 0.000151 0.001337 
0.000436 0.000194 0.000150 0.001498 
0.000421 0.000197 0.000123 0.001446 
0.000424 0.000205 0.000120 0.001435 
0.000423 0.000199 0.000130 0.001525 
0.000437 0.000198 0.000118 0.001453 
0.000448 0.000200 0.000159 0.001523 
0.000420 0.000191 0.000146 0.001486 
0.000442 0.000194 0.000158 0.001428 
0.000473 0.000203 0.000167 0.001484 
0.000472 0.000200 0.000166 0.001442 
0.000468 0.000213 0.000121 0.001638 
0.000472 0.000205 0.000134 0.001591 
0.000477 0.000202 0.000154 0.001465 
0.000438 0.000206 0.000084 0.001512 
0.000464 0.000209 0.000121 0.001559 
0.000481 0.000212 0.000140 0.001607 
0.000435 0.000204 0.000102 0.001491 
0.000441 0.000201 0.000126 0.001481 
0.000468 0.000211 0.000136 0.001519 
0.000476 0.000203 0.000166 0.001559 
0.000464 0.000200 0.000112 0.001420 
0.000372 0.000164 0.000130 0.001378 
0.000385 0.000181 0.000128 0.001461 
0.000377 0.000186 0.000117 0.001551 
0.000371 0.000180 0.000110 0.001473 
0.000353 0.000167 0.000121 0.001390 
0.000381 0.000177 0.000132 0.001506 
0.000385 0.000179 0.000138 0.001422 
0.000373 0.000186 0.000094 0.001522 
0.000368 0.000177 0.000118 0.001435 
0.000375 0.000169 0.000128 0.001529 
0.000391 0.000177 0.000134 0.001458 
0.000363 0.000173 0.000109 0.001541 
0.000368 0.000194 0.000066 0.001469 
0.000359 0.000161 0.000062 0.001200 
0.000354 0.000159 0.000067 0.001092 
0.000347 0.000157 0.000072 0.001221 
0.000348 0.000160 0.000063 0.001193 
0.000351 0.000162 0.000098 0.001213 
0.000351 0.000166 0.000085 0.001311 
0.000356 0.000150 0.000121 0.001167 
0.000339 0.000154 0.000086 0.001213 
0.000352 0.000166 0.000049 0.001259 
0.000350 0.000165 0.000062 0.001273 
0.000350 0.000160 0.000084 0.001262 
0.000350 0.000163 0.000086 0.001196 
0.000347 0.000155 0.000085 0.001225 
0.000373 0.000160 0.000107 0.001124 
0.000448 0.000262 0.000085 0.001889 
0.000441 0.000242 0.000081 0.001787 
0.000462 0.000246 0.000098 0.001814 
0.000460 0.000248 0.000117 0.001800 
0.000450 0.000247 0.000081 0.001738 
0.000455 0.000246 0.000102 0.001789 
0.000464 0.000256 0.000093 0.001753 
0.000442 0.000238 0.000112 0.001734 
0.000457 0.000260 0.000078 0.001812 
0.000459 0.000257 0.000089 0.001779 
0.000448 0.000251 0.000083 0.001809 
0.000435 0.000243 0.000039 0.001719 
0.000439 0.000246 0.000082 0.001824 
