0.000508 0.000067 0.000297 0.000803 
0.000505 0.000069 0.000282 0.000784 
0.000494 0.000065 0.000288 0.000788 
0.000490 0.000065 0.000299 0.000706 
0.000502 0.000071 0.000255 0.000717 
0.000499 0.000068 0.000291 0.000723 
0.000507 0.000064 0.000283 0.000752 
0.000520 0.000068 0.000286 0.000854 
0.000507 0.000061 0.000284 0.000742 
0.000502 0.000068 0.000280 0.000721 
0.000497 0.000064 0.000291 0.000768 
0.000502 0.000065 0.000286 0.000777 
0.000502 0.000062 0.000282 0.000717 
0.000453 0.000069 0.000235 0.000659 
0.000465 0.000071 0.000264 0.000674 
0.000470 0.000064 0.000256 0.000649 
0.000479 0.000068 0.000240 0.000663 
0.000474 0.000065 0.000260 0.000655 
0.000464 0.000067 0.000238 0.000636 
0.000475 0.000072 0.000251 0.000692 
0.000466 0.000071 0.000237 0.000643 
0.000465 0.000063 0.000253 0.000614 
0.000472 0.000067 0.000260 0.000646 
0.000459 0.000068 0.000238 0.000665 
0.000462 0.000062 0.000267 0.000669 
0.000467 0.000061 0.000266 0.000634 
0.000527 0.000066 0.000331 0.000700 
0.000503 0.000073 0.000283 0.000710 
0.000519 0.000068 0.000310 0.000667 
0.000483 0.000067 0.000303 0.000653 
0.000495 0.000064 0.000318 0.000640 
0.000483 0.000065 0.000300 0.000654 
0.000511 0.000072 0.000292 0.000725 
0.000513 0.000063 0.000329 0.000681 
0.000504 0.000077 0.000302 0.000707 
0.000490 0.000062 0.000300 0.000627 
0.000521 0.000072 0.000289 0.000665 
0.000534 0.000073 0.000302 0.000817 
0.000540 0.000070 0.000291 0.000752 
0.000532 0.000074 0.000300 0.000823 
0.000521 0.000065 0.000306 0.000764 
0.000530 0.000068 0.000299 0.000736 
0.000515 0.000073 0.000261 0.000817 
0.000534 0.000073 0.000298 0.000745 
0.000534 0.000075 0.000289 0.000874 
0.000529 0.000070 0.000295 0.000758 
0.000532 0.000064 0.000328 0.000790 
0.000519 0.000071 0.000297 0.000818 
0.000535 0.000065 0.000338 0.000741 
0.000509 0.000060 0.000239 0.000709 
0.000512 0.000057 0.000262 0.000744 
0.000506 0.000058 0.000256 0.000725 
0.000527 0.000055 0.000301 0.000743 
0.000521 0.000054 0.000283 0.000786 
0.000523 0.000060 0.000266 0.000699 
0.000510 0.000052 0.000296 0.000730 
0.000515 0.000057 0.000254 0.000733 
0.000512 0.000059 0.000274 0.000754 
0.000522 0.000061 0.000301 0.000762 
0.000511 0.000063 0.000276 0.000843 
0.000506 0.000070 0.000267 0.000776 
0.000485 0.000067 0.000248 0.000661 
0.000497 0.000062 0.000268 0.000665 
0.000504 0.000072 0.000254 0.000689 
0.000474 0.000069 0.000224 0.000731 
0.000492 0.000070 0.000250 0.000689 
0.000495 0.000063 0.000268 0.000691 
0.000484 0.000068 0.000269 0.000636 
0.000483 0.000076 0.000219 0.000693 
0.000484 0.000072 0.000247 0.000643 
0.000520 0.000055 0.000317 0.000668 
0.000525 0.000063 0.000297 0.000656 
0.000522 0.000060 0.000340 0.000659 
0.000514 0.000057 0.000293 0.000662 
0.000497 0.000051 0.000321 0.000639 
0.000525 0.000063 0.000312 0.000683 
0.000534 0.000061 0.000334 0.000662 
0.000520 0.000061 0.000319 0.000688 
0.000513 0.000059 0.000325 0.000643 
0.000536 0.000060 0.000331 0.000656 
0.000514 0.000063 0.000300 0.000683 
0.000535 0.000065 0.000338 0.000737 
0.000524 0.000057 0.000327 0.000670 
0.000513 0.000058 0.000301 0.000632 
0.000525 0.000053 0.000337 0.000666 
0.000517 0.000066 0.000292 0.000645 
0.000527 0.000065 0.000286 0.000797 
0.000505 0.000055 0.000298 0.000745 
0.000525 0.000071 0.000289 0.000806 
0.000537 0.000072 0.000279 0.000822 
0.000508 0.000064 0.000300 0.000759 
0.000511 0.000070 0.000267 0.000803 
0.000519 0.000069 0.000281 0.000794 
0.000508 0.000080 0.000278 0.000898 
0.000516 0.000070 0.000250 0.000727 
0.000535 0.000089 0.000264 0.000912 
0.000524 0.000070 0.000274 0.000757 
0.000504 0.000073 0.000290 0.000852 
0.000491 0.000069 0.000290 0.000784 
0.000487 0.000073 0.000278 0.000857 
0.000502 0.000057 0.000251 0.000705 
0.000507 0.000060 0.000245 0.000704 
0.000522 0.000056 0.000321 0.000689 
0.000501 0.000058 0.000250 0.000684 
0.000491 0.000058 0.000202 0.000731 
0.000495 0.000064 0.000254 0.000767 
0.000477 0.000059 0.000250 0.000776 
0.000498 0.000061 0.000242 0.000696 
0.000501 0.000061 0.000271 0.000720 
0.000493 0.000064 0.000228 0.000769 
0.000517 0.000052 0.000295 0.000650 
0.000501 0.000059 0.000260 0.000748 
0.000517 0.000052 0.000288 0.000776 
0.000507 0.000059 0.000274 0.000806 
0.000527 0.000062 0.000273 0.000676 
0.000490 0.000064 0.000222 0.000660 
0.000476 0.000061 0.000219 0.000637 
0.000489 0.000055 0.000234 0.000653 
0.000513 0.000063 0.000240 0.000660 
0.000467 0.000063 0.000223 0.000621 
0.000498 0.000063 0.000236 0.000639 
0.000482 0.000064 0.000252 0.000635 
0.000526 0.000066 0.000243 0.000686 
0.000480 0.000059 0.000237 0.000627 
0.000474 0.000058 0.000217 0.000634 
0.000486 0.000062 0.000269 0.000637 
0.000505 0.000062 0.000225 0.000657 
0.000553 0.000099 0.000259 0.001130 
0.000555 0.000099 0.000250 0.001049 
0.000525 0.000089 0.000283 0.001151 
0.000536 0.000072 0.000299 0.000996 
0.000537 0.000095 0.000285 0.001068 
0.000533 0.000101 0.000255 0.001171 
0.000539 0.000097 0.000261 0.001041 
0.000561 0.000094 0.000290 0.001216 
0.000532 0.000089 0.000280 0.001054 
0.000548 0.000091 0.000304 0.001172 
0.000544 0.000093 0.000286 0.001139 
0.000559 0.000091 0.000295 0.001169 
0.000524 0.000055 0.000249 0.000653 
0.000482 0.000045 0.000267 0.000615 
0.000498 0.000054 0.000252 0.000693 
0.000518 0.000062 0.000230 0.000690 
0.000493 0.000056 0.000245 0.000638 
0.000505 0.000066 0.000204 0.000637 
0.000521 0.000059 0.000250 0.000644 
0.000514 0.000055 0.000249 0.000658 
0.000481 0.000064 0.000203 0.000634 
0.000507 0.000059 0.000254 0.000727 
0.000519 0.000051 0.000269 0.000671 
0.000525 0.000060 0.000247 0.000717 
0.000517 0.000051 0.000254 0.000650 
0.000538 0.000070 0.000272 0.000760 
0.000540 0.000069 0.000244 0.000731 
0.000541 0.000070 0.000264 0.000780 
0.000555 0.000071 0.000289 0.000801 
0.000535 0.000070 0.000258 0.000760 
0.000538 0.000066 0.000235 0.000745 
0.000544 0.000070 0.000286 0.000765 
0.000545 0.000071 0.000234 0.000780 
0.000536 0.000070 0.000243 0.000724 
0.000544 0.000069 0.000236 0.000777 
0.000537 0.000067 0.000278 0.000727 
0.000534 0.000070 0.000225 0.000752 
0.000530 0.000070 0.000268 0.000761 
0.000518 0.000066 0.000286 0.000723 
0.000530 0.000061 0.000286 0.000717 
0.000510 0.000072 0.000262 0.000675 
0.000526 0.000068 0.000279 0.000666 
0.000508 0.000068 0.000252 0.000672 
0.000498 0.000074 0.000263 0.000681 
0.000496 0.000067 0.000266 0.000674 
0.000504 0.000069 0.000261 0.000668 
0.000511 0.000062 0.000280 0.000674 
0.000526 0.000069 0.000282 0.000663 
0.000504 0.000068 0.000271 0.000649 
0.000524 0.000071 0.000255 0.000783 
0.000499 0.000070 0.000248 0.000733 
0.000513 0.000077 0.000251 0.000797 
0.000563 0.000053 0.000288 0.000726 
0.000533 0.000057 0.000258 0.000691 
0.000529 0.000058 0.000272 0.000716 
0.000545 0.000059 0.000280 0.000720 
0.000539 0.000059 0.000303 0.000752 
0.000519 0.000059 0.000261 0.000736 
0.000551 0.000059 0.000336 0.000735 
0.000536 0.000056 0.000288 0.000705 
0.000550 0.000056 0.000288 0.000705 
0.000529 0.000055 0.000279 0.000740 
0.000555 0.000060 0.000288 0.000723 
0.000539 0.000052 0.000292 0.000719 
0.000533 0.000054 0.000287 0.000730 
