0.000398 0.000080 0.000256 0.000800 
0.000407 0.000070 0.000285 0.000818 
0.000401 0.000066 0.000273 0.000757 
0.000395 0.000081 0.000244 0.000921 
0.000388 0.000080 0.000251 0.000800 
0.000384 0.000084 0.000237 0.000999 
0.000406 0.000073 0.000266 0.000845 
0.000415 0.000079 0.000264 0.000945 
0.000400 0.000072 0.000273 0.000771 
0.000396 0.000080 0.000254 0.000830 
0.000402 0.000074 0.000257 0.000827 
0.000396 0.000068 0.000252 0.000757 
0.000388 0.000086 0.000252 0.000896 
0.000345 0.000087 0.000193 0.001016 
0.000352 0.000088 0.000205 0.000845 
0.000361 0.000085 0.000216 0.000868 
0.000363 0.000085 0.000223 0.000789 
0.000364 0.000080 0.000230 0.000790 
0.000348 0.000083 0.000198 0.000832 
0.000354 0.000106 0.000205 0.000982 
0.000344 0.000102 0.000181 0.001092 
0.000351 0.000088 0.000179 0.000862 
0.000358 0.000093 0.000188 0.000958 
0.000348 0.000097 0.000202 0.000925 
0.000360 0.000080 0.000228 0.000765 
0.000360 0.000084 0.000217 0.000778 
0.000406 0.000070 0.000279 0.000893 
0.000385 0.000066 0.000278 0.000751 
0.000397 0.000089 0.000273 0.000965 
0.000370 0.000079 0.000243 0.000911 
0.000375 0.000083 0.000232 0.000952 
0.000380 0.000084 0.000232 0.001023 
0.000381 0.000083 0.000247 0.001008 
0.000394 0.000076 0.000254 0.000769 
0.000374 0.000079 0.000250 0.000905 
0.000385 0.000081 0.000259 0.000914 
0.000397 0.000087 0.000263 0.000957 
0.000415 0.000062 0.000279 0.000877 
0.000410 0.000071 0.000295 0.000869 
0.000412 0.000060 0.000271 0.000806 
0.000410 0.000069 0.000275 0.000851 
0.000412 0.000077 0.000265 0.000911 
0.000405 0.000054 0.000263 0.000662 
0.000405 0.000073 0.000299 0.000930 
0.000413 0.000060 0.000307 0.000808 
0.000403 0.000063 0.000254 0.000782 
0.000428 0.000057 0.000319 0.000787 
0.000405 0.000070 0.000269 0.000861 
0.000418 0.000058 0.000295 0.000792 
0.000433 0.000140 0.000230 0.001260 
0.000449 0.000150 0.000260 0.001271 
0.000446 0.000152 0.000245 0.001322 
0.000469 0.000132 0.000284 0.001156 
0.000456 0.000141 0.000278 0.001228 
0.000447 0.000137 0.000262 0.001247 
0.000454 0.000153 0.000266 0.001292 
0.000452 0.000136 0.000254 0.001254 
0.000444 0.000146 0.000262 0.001187 
0.000450 0.000138 0.000242 0.001216 
0.000448 0.000138 0.000283 0.001276 
0.000403 0.000080 0.000280 0.000888 
0.000388 0.000082 0.000260 0.000913 
0.000398 0.000095 0.000244 0.001083 
0.000390 0.000083 0.000270 0.000886 
0.000379 0.000083 0.000266 0.000938 
0.000392 0.000092 0.000240 0.001016 
0.000400 0.000087 0.000265 0.001002 
0.000381 0.000099 0.000250 0.000993 
0.000382 0.000089 0.000237 0.001027 
0.000385 0.000093 0.000252 0.001003 
0.000409 0.000083 0.000256 0.000944 
0.000416 0.000111 0.000250 0.001083 
0.000418 0.000093 0.000274 0.001000 
0.000411 0.000082 0.000253 0.000926 
0.000404 0.000095 0.000251 0.001025 
0.000400 0.000096 0.000235 0.000999 
0.000434 0.000099 0.000277 0.001050 
0.000418 0.000085 0.000260 0.000919 
0.000405 0.000101 0.000230 0.001038 
0.000428 0.000109 0.000267 0.001159 
0.000407 0.000107 0.000231 0.001034 
0.000432 0.000103 0.000274 0.001058 
0.000416 0.000090 0.000257 0.000945 
0.000419 0.000079 0.000283 0.000914 
0.000428 0.000100 0.000270 0.001032 
0.000419 0.000087 0.000266 0.000961 
0.000416 0.000085 0.000279 0.000894 
0.000424 0.000078 0.000226 0.000886 
0.000410 0.000090 0.000257 0.000896 
0.000408 0.000097 0.000263 0.000947 
0.000412 0.000085 0.000220 0.000960 
0.000409 0.000091 0.000256 0.001104 
0.000407 0.000089 0.000249 0.000955 
0.000401 0.000088 0.000239 0.000923 
0.000414 0.000088 0.000280 0.000963 
0.000417 0.000101 0.000270 0.000983 
0.000401 0.000087 0.000259 0.000914 
0.000419 0.000093 0.000269 0.000974 
0.000392 0.000083 0.000229 0.000898 
0.000405 0.000080 0.000235 0.000845 
0.000436 0.000155 0.000235 0.001434 
0.000438 0.000151 0.000250 0.001504 
0.000448 0.000173 0.000254 0.001462 
0.000441 0.000128 0.000116 0.001216 
0.000449 0.000142 0.000264 0.001256 
0.000443 0.000161 0.000238 0.001419 
0.000443 0.000141 0.000233 0.001324 
0.000445 0.000152 0.000234 0.001417 
0.000447 0.000164 0.000220 0.001417 
0.000440 0.000168 0.000247 0.001487 
0.000447 0.000153 0.000230 0.001341 
0.000452 0.000161 0.000244 0.001406 
0.000456 0.000176 0.000251 0.001484 
0.000442 0.000157 0.000227 0.001398 
0.000432 0.000087 0.000274 0.000921 
0.000428 0.000107 0.000253 0.000990 
0.000420 0.000106 0.000232 0.001061 
0.000422 0.000120 0.000223 0.001003 
0.000419 0.000095 0.000249 0.000920 
0.000418 0.000109 0.000232 0.000983 
0.000413 0.000101 0.000232 0.000953 
0.000423 0.000100 0.000245 0.000964 
0.000423 0.000094 0.000227 0.000848 
0.000412 0.000101 0.000205 0.000889 
0.000417 0.000097 0.000235 0.000946 
0.000417 0.000109 0.000234 0.001079 
0.000415 0.000102 0.000249 0.001019 
0.000483 0.000117 0.000285 0.001128 
0.000471 0.000131 0.000277 0.001181 
0.000470 0.000115 0.000266 0.001079 
0.000495 0.000107 0.000294 0.001092 
0.000490 0.000123 0.000269 0.001156 
0.000474 0.000117 0.000273 0.001144 
0.000459 0.000122 0.000252 0.001177 
0.000485 0.000122 0.000298 0.001124 
0.000466 0.000112 0.000240 0.001068 
0.000479 0.000109 0.000292 0.001127 
0.000472 0.000113 0.000254 0.001053 
0.000480 0.000108 0.000284 0.001191 
0.000434 0.000169 0.000268 0.001614 
0.000403 0.000131 0.000245 0.001410 
0.000424 0.000155 0.000230 0.001521 
0.000424 0.000173 0.000243 0.001598 
0.000420 0.000142 0.000239 0.001319 
0.000406 0.000170 0.000239 0.001671 
0.000420 0.000155 0.000265 0.001492 
0.000433 0.000157 0.000249 0.001503 
0.000377 0.000137 0.000218 0.001547 
0.000415 0.000155 0.000241 0.001537 
0.000421 0.000158 0.000263 0.001507 
0.000422 0.000141 0.000266 0.001351 
0.000432 0.000141 0.000278 0.001487 
0.000433 0.000114 0.000219 0.001076 
0.000448 0.000119 0.000247 0.001152 
0.000454 0.000132 0.000236 0.001096 
0.000479 0.000133 0.000261 0.001137 
0.000443 0.000135 0.000234 0.001185 
0.000452 0.000128 0.000257 0.001042 
0.000451 0.000139 0.000232 0.001115 
0.000446 0.000121 0.000245 0.001121 
0.000447 0.000129 0.000251 0.001109 
0.000443 0.000137 0.000231 0.001025 
0.000445 0.000125 0.000259 0.001064 
0.000435 0.000126 0.000238 0.001235 
0.000434 0.000125 0.000213 0.001041 
0.000396 0.000097 0.000230 0.000876 
0.000404 0.000093 0.000257 0.000857 
0.000375 0.000091 0.000209 0.000847 
0.000398 0.000095 0.000254 0.000844 
0.000377 0.000097 0.000233 0.000851 
0.000388 0.000095 0.000239 0.000819 
0.000385 0.000097 0.000204 0.000808 
0.000375 0.000092 0.000212 0.000791 
0.000398 0.000092 0.000262 0.000856 
0.000395 0.000100 0.000248 0.000907 
0.000389 0.000096 0.000241 0.000870 
0.000401 0.000104 0.000245 0.000895 
0.000388 0.000094 0.000241 0.000864 
0.000400 0.000105 0.000252 0.000939 
0.000456 0.000127 0.000240 0.001097 
0.000445 0.000118 0.000254 0.001110 
0.000447 0.000109 0.000264 0.001085 
0.000453 0.000113 0.000263 0.001084 
0.000452 0.000113 0.000263 0.001095 
0.000441 0.000117 0.000249 0.001144 
0.000457 0.000121 0.000267 0.001125 
0.000459 0.000113 0.000268 0.001040 
0.000452 0.000127 0.000236 0.001126 
0.000449 0.000126 0.000248 0.001168 
0.000446 0.000119 0.000262 0.001116 
0.000440 0.000121 0.000233 0.001193 
0.000452 0.000121 0.000229 0.001123 
