0.000393 0.000051 0.000241 0.000652 
0.000396 0.000049 0.000260 0.000637 
0.000398 0.000047 0.000264 0.000612 
0.000397 0.000051 0.000213 0.000647 
0.000404 0.000050 0.000260 0.000649 
0.000396 0.000050 0.000231 0.000644 
0.000400 0.000048 0.000242 0.000637 
0.000406 0.000050 0.000251 0.000655 
0.000381 0.000052 0.000260 0.000616 
0.000404 0.000049 0.000266 0.000648 
0.000399 0.000050 0.000267 0.000642 
0.000397 0.000048 0.000274 0.000628 
0.000392 0.000052 0.000235 0.000650 
0.000363 0.000044 0.000224 0.000569 
0.000374 0.000042 0.000241 0.000547 
0.000360 0.000048 0.000214 0.000535 
0.000375 0.000045 0.000248 0.000531 
0.000384 0.000042 0.000230 0.000525 
0.000363 0.000045 0.000227 0.000545 
0.000360 0.000046 0.000177 0.000584 
0.000354 0.000043 0.000219 0.000525 
0.000364 0.000044 0.000238 0.000515 
0.000361 0.000045 0.000218 0.000550 
0.000342 0.000047 0.000214 0.000526 
0.000370 0.000046 0.000241 0.000551 
0.000376 0.000043 0.000247 0.000537 
0.000395 0.000044 0.000304 0.000656 
0.000367 0.000042 0.000273 0.000596 
0.000377 0.000047 0.000275 0.000660 
0.000351 0.000048 0.000243 0.000649 
0.000366 0.000048 0.000266 0.000661 
0.000362 0.000047 0.000255 0.000636 
0.000362 0.000049 0.000253 0.000629 
0.000374 0.000050 0.000268 0.000671 
0.000382 0.000043 0.000279 0.000637 
0.000374 0.000042 0.000264 0.000624 
0.000395 0.000045 0.000285 0.000650 
0.000407 0.000045 0.000295 0.000621 
0.000390 0.000052 0.000255 0.000660 
0.000401 0.000048 0.000249 0.000615 
0.000382 0.000054 0.000238 0.000643 
0.000392 0.000052 0.000248 0.000630 
0.000381 0.000052 0.000244 0.000596 
0.000386 0.000047 0.000269 0.000619 
0.000400 0.000046 0.000272 0.000603 
0.000391 0.000049 0.000262 0.000646 
0.000419 0.000047 0.000297 0.000662 
0.000377 0.000052 0.000231 0.000660 
0.000423 0.000046 0.000303 0.000626 
0.000408 0.000051 0.000256 0.000740 
0.000402 0.000056 0.000255 0.000767 
0.000390 0.000057 0.000232 0.000720 
0.000427 0.000048 0.000313 0.000805 
0.000407 0.000059 0.000258 0.000748 
0.000402 0.000055 0.000252 0.000664 
0.000409 0.000049 0.000273 0.000748 
0.000403 0.000052 0.000281 0.000681 
0.000396 0.000055 0.000264 0.000767 
0.000400 0.000057 0.000252 0.000683 
0.000388 0.000059 0.000232 0.000681 
0.000385 0.000048 0.000278 0.000832 
0.000361 0.000052 0.000253 0.000739 
0.000374 0.000055 0.000272 0.000819 
0.000370 0.000050 0.000270 0.000706 
0.000359 0.000047 0.000265 0.000663 
0.000370 0.000046 0.000266 0.000718 
0.000381 0.000049 0.000278 0.000722 
0.000361 0.000052 0.000249 0.000842 
0.000358 0.000049 0.000246 0.000711 
0.000365 0.000052 0.000261 0.000889 
0.000418 0.000045 0.000285 0.000720 
0.000386 0.000048 0.000267 0.000781 
0.000414 0.000043 0.000275 0.000728 
0.000397 0.000041 0.000267 0.000722 
0.000418 0.000044 0.000260 0.000748 
0.000411 0.000047 0.000253 0.000738 
0.000430 0.000047 0.000284 0.000762 
0.000424 0.000043 0.000288 0.000725 
0.000404 0.000047 0.000284 0.000761 
0.000426 0.000046 0.000281 0.000827 
0.000409 0.000052 0.000271 0.000777 
0.000420 0.000045 0.000272 0.000756 
0.000406 0.000046 0.000292 0.000776 
0.000402 0.000040 0.000291 0.000662 
0.000422 0.000041 0.000292 0.000706 
0.000395 0.000042 0.000284 0.000733 
0.000378 0.000047 0.000252 0.000590 
0.000360 0.000055 0.000240 0.000604 
0.000362 0.000055 0.000233 0.000623 
0.000367 0.000053 0.000247 0.000607 
0.000359 0.000055 0.000237 0.000620 
0.000366 0.000049 0.000220 0.000616 
0.000359 0.000053 0.000235 0.000617 
0.000354 0.000056 0.000220 0.000604 
0.000378 0.000048 0.000255 0.000637 
0.000378 0.000052 0.000250 0.000655 
0.000361 0.000051 0.000227 0.000597 
0.000377 0.000051 0.000247 0.000619 
0.000361 0.000054 0.000236 0.000623 
0.000360 0.000053 0.000211 0.000591 
0.000396 0.000060 0.000274 0.000787 
0.000389 0.000056 0.000254 0.000697 
0.000426 0.000058 0.000264 0.000825 
0.000404 0.000054 0.000275 0.000722 
0.000405 0.000050 0.000270 0.000703 
0.000398 0.000053 0.000267 0.000768 
0.000408 0.000051 0.000279 0.000743 
0.000381 0.000055 0.000248 0.000688 
0.000405 0.000054 0.000277 0.000776 
0.000385 0.000050 0.000259 0.000700 
0.000411 0.000052 0.000289 0.000721 
0.000388 0.000050 0.000275 0.000709 
0.000402 0.000055 0.000282 0.000813 
0.000391 0.000059 0.000255 0.000754 
0.000400 0.000050 0.000260 0.000630 
0.000402 0.000047 0.000274 0.000573 
0.000396 0.000053 0.000247 0.000607 
0.000405 0.000049 0.000286 0.000608 
0.000409 0.000051 0.000281 0.000652 
0.000407 0.000049 0.000272 0.000590 
0.000411 0.000054 0.000268 0.000635 
0.000411 0.000051 0.000281 0.000619 
0.000402 0.000044 0.000255 0.000562 
0.000402 0.000050 0.000262 0.000579 
0.000386 0.000057 0.000234 0.000595 
0.000391 0.000051 0.000245 0.000604 
0.000401 0.000050 0.000267 0.000586 
0.000434 0.000045 0.000333 0.000636 
0.000405 0.000043 0.000290 0.000614 
0.000420 0.000049 0.000305 0.000627 
0.000427 0.000047 0.000312 0.000590 
0.000440 0.000047 0.000338 0.000625 
0.000421 0.000048 0.000312 0.000640 
0.000435 0.000047 0.000325 0.000633 
0.000451 0.000042 0.000364 0.000640 
0.000415 0.000057 0.000292 0.000673 
0.000425 0.000053 0.000290 0.000632 
0.000424 0.000045 0.000327 0.000637 
0.000419 0.000046 0.000306 0.000584 
0.000397 0.000063 0.000262 0.000762 
0.000379 0.000059 0.000248 0.000766 
0.000385 0.000057 0.000253 0.000722 
0.000392 0.000055 0.000269 0.000764 
0.000383 0.000060 0.000252 0.000686 
0.000379 0.000056 0.000259 0.000735 
0.000386 0.000056 0.000261 0.000760 
0.000392 0.000058 0.000266 0.000771 
0.000368 0.000059 0.000242 0.000695 
0.000382 0.000057 0.000262 0.000747 
0.000397 0.000055 0.000281 0.000750 
0.000389 0.000053 0.000247 0.000687 
0.000393 0.000054 0.000266 0.000673 
0.000400 0.000052 0.000265 0.000611 
0.000394 0.000052 0.000255 0.000611 
0.000405 0.000051 0.000280 0.000637 
0.000426 0.000049 0.000307 0.000677 
0.000408 0.000049 0.000268 0.000652 
0.000411 0.000048 0.000281 0.000600 
0.000404 0.000051 0.000254 0.000646 
0.000403 0.000051 0.000286 0.000627 
0.000397 0.000048 0.000284 0.000616 
0.000404 0.000052 0.000276 0.000653 
0.000403 0.000053 0.000257 0.000619 
0.000386 0.000056 0.000242 0.000634 
0.000399 0.000047 0.000283 0.000621 
0.000369 0.000050 0.000230 0.000646 
0.000360 0.000050 0.000236 0.000610 
0.000357 0.000050 0.000219 0.000617 
0.000371 0.000052 0.000229 0.000684 
0.000357 0.000051 0.000221 0.000593 
0.000369 0.000054 0.000231 0.000719 
0.000361 0.000051 0.000223 0.000637 
0.000346 0.000050 0.000206 0.000624 
0.000367 0.000050 0.000249 0.000646 
0.000379 0.000051 0.000246 0.000672 
0.000361 0.000052 0.000235 0.000632 
0.000358 0.000052 0.000234 0.000680 
0.000369 0.000052 0.000236 0.000610 
0.000370 0.000052 0.000232 0.000671 
0.000460 0.000060 0.000326 0.000973 
0.000408 0.000054 0.000297 0.000828 
0.000442 0.000057 0.000315 0.000820 
0.000444 0.000058 0.000312 0.000878 
0.000436 0.000057 0.000319 0.000875 
0.000420 0.000062 0.000308 0.000907 
0.000475 0.000073 0.000300 0.000973 
0.000435 0.000056 0.000325 0.000855 
0.000448 0.000068 0.000307 0.000998 
0.000432 0.000056 0.000302 0.000878 
0.000452 0.000061 0.000311 0.000922 
0.000414 0.000054 0.000318 0.000910 
0.000423 0.000056 0.000302 0.000859 
