0.000389 0.000088 0.000212 0.000623 
0.000401 0.000095 0.000200 0.000685 
0.000384 0.000081 0.000222 0.000616 
0.000385 0.000089 0.000193 0.000667 
0.000383 0.000094 0.000126 0.000637 
0.000381 0.000092 0.000194 0.000651 
0.000399 0.000084 0.000220 0.000622 
0.000410 0.000079 0.000265 0.000636 
0.000396 0.000076 0.000252 0.000586 
0.000399 0.000094 0.000190 0.000664 
0.000403 0.000084 0.000241 0.000642 
0.000408 0.000095 0.000198 0.000691 
0.000389 0.000074 0.000248 0.000601 
0.000361 0.000076 0.000214 0.000584 
0.000368 0.000085 0.000199 0.000633 
0.000372 0.000079 0.000224 0.000592 
0.000376 0.000080 0.000223 0.000609 
0.000389 0.000071 0.000238 0.000581 
0.000360 0.000083 0.000190 0.000612 
0.000382 0.000084 0.000212 0.000656 
0.000370 0.000081 0.000219 0.000609 
0.000363 0.000074 0.000223 0.000575 
0.000375 0.000082 0.000226 0.000647 
0.000369 0.000075 0.000207 0.000582 
0.000374 0.000071 0.000232 0.000581 
0.000377 0.000071 0.000243 0.000598 
0.000422 0.000091 0.000235 0.000653 
0.000385 0.000102 0.000192 0.000702 
0.000407 0.000093 0.000218 0.000640 
0.000375 0.000093 0.000191 0.000671 
0.000390 0.000096 0.000196 0.000641 
0.000375 0.000091 0.000221 0.000642 
0.000394 0.000099 0.000214 0.000668 
0.000409 0.000095 0.000206 0.000670 
0.000387 0.000111 0.000143 0.000721 
0.000391 0.000090 0.000211 0.000634 
0.000398 0.000091 0.000227 0.000648 
0.000413 0.000099 0.000207 0.000693 
0.000417 0.000084 0.000242 0.000623 
0.000414 0.000098 0.000216 0.000664 
0.000410 0.000085 0.000242 0.000613 
0.000410 0.000089 0.000233 0.000654 
0.000400 0.000090 0.000197 0.000628 
0.000408 0.000094 0.000208 0.000660 
0.000410 0.000089 0.000234 0.000637 
0.000405 0.000091 0.000244 0.000647 
0.000415 0.000080 0.000251 0.000628 
0.000396 0.000095 0.000216 0.000660 
0.000425 0.000081 0.000274 0.000625 
0.000427 0.000084 0.000241 0.000704 
0.000444 0.000078 0.000252 0.000764 
0.000441 0.000083 0.000257 0.000745 
0.000438 0.000080 0.000265 0.000676 
0.000451 0.000078 0.000268 0.000750 
0.000441 0.000083 0.000239 0.000704 
0.000454 0.000074 0.000270 0.000732 
0.000440 0.000073 0.000245 0.000662 
0.000430 0.000082 0.000246 0.000734 
0.000450 0.000086 0.000251 0.000750 
0.000438 0.000082 0.000251 0.000684 
0.000390 0.000078 0.000234 0.000727 
0.000372 0.000079 0.000222 0.000694 
0.000399 0.000073 0.000255 0.000757 
0.000386 0.000082 0.000228 0.000695 
0.000362 0.000090 0.000150 0.000726 
0.000385 0.000076 0.000230 0.000700 
0.000391 0.000080 0.000230 0.000801 
0.000379 0.000085 0.000199 0.000706 
0.000360 0.000080 0.000197 0.000581 
0.000362 0.000093 0.000165 0.000633 
0.000418 0.000089 0.000213 0.000679 
0.000405 0.000084 0.000232 0.000624 
0.000421 0.000087 0.000240 0.000737 
0.000415 0.000085 0.000219 0.000726 
0.000416 0.000079 0.000236 0.000697 
0.000409 0.000087 0.000238 0.000652 
0.000434 0.000079 0.000251 0.000694 
0.000416 0.000095 0.000191 0.000698 
0.000416 0.000083 0.000222 0.000762 
0.000433 0.000083 0.000254 0.000689 
0.000414 0.000092 0.000199 0.000801 
0.000425 0.000086 0.000233 0.000744 
0.000408 0.000087 0.000242 0.000669 
0.000414 0.000087 0.000212 0.000753 
0.000429 0.000073 0.000243 0.000722 
0.000407 0.000090 0.000228 0.000713 
0.000415 0.000078 0.000229 0.000631 
0.000408 0.000086 0.000206 0.000610 
0.000406 0.000085 0.000207 0.000627 
0.000400 0.000089 0.000194 0.000604 
0.000393 0.000086 0.000187 0.000606 
0.000394 0.000091 0.000193 0.000615 
0.000397 0.000090 0.000191 0.000684 
0.000385 0.000090 0.000190 0.000685 
0.000400 0.000091 0.000204 0.000623 
0.000394 0.000091 0.000174 0.000640 
0.000398 0.000095 0.000178 0.000647 
0.000401 0.000083 0.000216 0.000649 
0.000385 0.000087 0.000202 0.000615 
0.000397 0.000086 0.000194 0.000701 
0.000428 0.000077 0.000256 0.000725 
0.000422 0.000080 0.000263 0.000743 
0.000443 0.000079 0.000271 0.000743 
0.000444 0.000097 0.000201 0.000810 
0.000420 0.000087 0.000219 0.000814 
0.000401 0.000089 0.000202 0.000798 
0.000416 0.000073 0.000281 0.000713 
0.000421 0.000088 0.000205 0.000767 
0.000420 0.000084 0.000254 0.000772 
0.000424 0.000090 0.000222 0.000756 
0.000456 0.000080 0.000264 0.000739 
0.000437 0.000082 0.000239 0.000781 
0.000450 0.000070 0.000275 0.000813 
0.000430 0.000085 0.000261 0.000802 
0.000396 0.000080 0.000230 0.000611 
0.000380 0.000075 0.000203 0.000644 
0.000369 0.000074 0.000208 0.000685 
0.000379 0.000074 0.000193 0.000663 
0.000394 0.000076 0.000213 0.000623 
0.000366 0.000072 0.000205 0.000658 
0.000381 0.000080 0.000202 0.000734 
0.000369 0.000081 0.000194 0.000670 
0.000413 0.000093 0.000225 0.000734 
0.000370 0.000082 0.000195 0.000691 
0.000362 0.000078 0.000191 0.000698 
0.000372 0.000081 0.000194 0.000678 
0.000365 0.000079 0.000181 0.000665 
0.000416 0.000096 0.000198 0.000810 
0.000400 0.000084 0.000223 0.000761 
0.000398 0.000084 0.000213 0.000833 
0.000409 0.000075 0.000217 0.000814 
0.000413 0.000095 0.000212 0.000815 
0.000400 0.000091 0.000208 0.000820 
0.000398 0.000094 0.000167 0.000767 
0.000423 0.000080 0.000253 0.000748 
0.000402 0.000085 0.000210 0.000824 
0.000416 0.000083 0.000245 0.000721 
0.000401 0.000080 0.000230 0.000735 
0.000419 0.000079 0.000248 0.000760 
0.000432 0.000092 0.000234 0.001107 
0.000424 0.000101 0.000224 0.001255 
0.000423 0.000108 0.000199 0.001347 
0.000419 0.000100 0.000222 0.001177 
0.000419 0.000103 0.000189 0.001175 
0.000399 0.000102 0.000179 0.000986 
0.000418 0.000101 0.000208 0.001097 
0.000422 0.000100 0.000197 0.001117 
0.000385 0.000110 0.000164 0.001187 
0.000408 0.000095 0.000199 0.001163 
0.000423 0.000090 0.000231 0.001001 
0.000418 0.000104 0.000214 0.001263 
0.000427 0.000091 0.000229 0.001091 
0.000409 0.000094 0.000236 0.000725 
0.000421 0.000084 0.000259 0.000674 
0.000419 0.000084 0.000250 0.000680 
0.000442 0.000083 0.000266 0.000657 
0.000413 0.000082 0.000253 0.000635 
0.000417 0.000077 0.000254 0.000637 
0.000416 0.000093 0.000225 0.000694 
0.000414 0.000087 0.000244 0.000699 
0.000406 0.000088 0.000221 0.000652 
0.000412 0.000074 0.000245 0.000604 
0.000413 0.000091 0.000209 0.000698 
0.000410 0.000082 0.000248 0.000652 
0.000415 0.000085 0.000247 0.000699 
0.000438 0.000085 0.000216 0.000686 
0.000429 0.000079 0.000226 0.000617 
0.000412 0.000093 0.000212 0.000651 
0.000427 0.000090 0.000211 0.000669 
0.000411 0.000092 0.000198 0.000701 
0.000408 0.000094 0.000195 0.000643 
0.000411 0.000087 0.000207 0.000683 
0.000400 0.000090 0.000202 0.000636 
0.000428 0.000086 0.000201 0.000717 
0.000434 0.000088 0.000229 0.000663 
0.000403 0.000083 0.000188 0.000662 
0.000419 0.000091 0.000207 0.000665 
0.000402 0.000091 0.000205 0.000674 
0.000415 0.000087 0.000218 0.000661 
0.000457 0.000078 0.000248 0.000771 
0.000447 0.000082 0.000222 0.000858 
0.000441 0.000084 0.000181 0.000822 
0.000463 0.000085 0.000211 0.000864 
0.000441 0.000080 0.000210 0.000807 
0.000431 0.000086 0.000195 0.000787 
0.000458 0.000074 0.000271 0.000767 
0.000445 0.000082 0.000232 0.000815 
0.000449 0.000080 0.000233 0.000836 
0.000451 0.000078 0.000232 0.000763 
0.000441 0.000076 0.000261 0.000701 
0.000445 0.000080 0.000247 0.000827 
0.000429 0.000079 0.000225 0.000699 
