0.000377 0.000080 0.000244 0.000549 
0.000391 0.000077 0.000261 0.000560 
0.000372 0.000078 0.000231 0.000523 
0.000367 0.000084 0.000201 0.000548 
0.000376 0.000066 0.000246 0.000534 
0.000366 0.000080 0.000237 0.000554 
0.000401 0.000075 0.000254 0.000550 
0.000393 0.000073 0.000258 0.000563 
0.000362 0.000074 0.000222 0.000519 
0.000378 0.000080 0.000214 0.000552 
0.000378 0.000088 0.000187 0.000547 
0.000383 0.000089 0.000173 0.000566 
0.000376 0.000071 0.000239 0.000539 
0.000347 0.000075 0.000225 0.000565 
0.000351 0.000080 0.000222 0.000570 
0.000345 0.000077 0.000197 0.000538 
0.000360 0.000073 0.000226 0.000538 
0.000366 0.000068 0.000239 0.000538 
0.000347 0.000082 0.000210 0.000594 
0.000352 0.000080 0.000199 0.000572 
0.000354 0.000077 0.000228 0.000573 
0.000342 0.000074 0.000215 0.000541 
0.000352 0.000074 0.000224 0.000550 
0.000348 0.000074 0.000218 0.000517 
0.000366 0.000073 0.000239 0.000527 
0.000351 0.000071 0.000229 0.000529 
0.000395 0.000085 0.000242 0.000585 
0.000349 0.000090 0.000199 0.000575 
0.000378 0.000084 0.000225 0.000577 
0.000328 0.000085 0.000197 0.000534 
0.000357 0.000079 0.000227 0.000568 
0.000347 0.000073 0.000231 0.000533 
0.000353 0.000087 0.000202 0.000564 
0.000366 0.000089 0.000215 0.000589 
0.000334 0.000104 0.000153 0.000639 
0.000368 0.000079 0.000217 0.000538 
0.000370 0.000079 0.000227 0.000577 
0.000394 0.000095 0.000203 0.000636 
0.000397 0.000083 0.000209 0.000584 
0.000393 0.000089 0.000214 0.000620 
0.000386 0.000086 0.000219 0.000590 
0.000395 0.000083 0.000215 0.000596 
0.000393 0.000086 0.000199 0.000612 
0.000395 0.000095 0.000186 0.000622 
0.000400 0.000082 0.000230 0.000578 
0.000391 0.000090 0.000211 0.000635 
0.000392 0.000070 0.000249 0.000538 
0.000378 0.000093 0.000186 0.000614 
0.000398 0.000080 0.000232 0.000586 
0.000397 0.000085 0.000237 0.000611 
0.000405 0.000077 0.000254 0.000583 
0.000398 0.000086 0.000225 0.000622 
0.000419 0.000082 0.000244 0.000602 
0.000413 0.000077 0.000253 0.000580 
0.000417 0.000081 0.000251 0.000622 
0.000430 0.000073 0.000276 0.000587 
0.000414 0.000074 0.000262 0.000601 
0.000410 0.000087 0.000227 0.000617 
0.000413 0.000090 0.000238 0.000638 
0.000415 0.000090 0.000240 0.000625 
0.000365 0.000076 0.000249 0.000521 
0.000336 0.000072 0.000206 0.000512 
0.000354 0.000068 0.000236 0.000491 
0.000359 0.000086 0.000203 0.000567 
0.000339 0.000083 0.000190 0.000534 
0.000354 0.000075 0.000226 0.000507 
0.000358 0.000068 0.000227 0.000489 
0.000350 0.000080 0.000197 0.000516 
0.000330 0.000067 0.000217 0.000479 
0.000340 0.000089 0.000179 0.000515 
0.000364 0.000081 0.000195 0.000564 
0.000364 0.000077 0.000225 0.000562 
0.000377 0.000069 0.000239 0.000567 
0.000351 0.000075 0.000187 0.000545 
0.000366 0.000072 0.000182 0.000524 
0.000360 0.000078 0.000230 0.000605 
0.000386 0.000076 0.000231 0.000564 
0.000370 0.000079 0.000208 0.000585 
0.000367 0.000084 0.000206 0.000579 
0.000397 0.000067 0.000245 0.000596 
0.000365 0.000082 0.000189 0.000558 
0.000371 0.000076 0.000234 0.000592 
0.000366 0.000083 0.000212 0.000602 
0.000371 0.000067 0.000219 0.000538 
0.000386 0.000062 0.000239 0.000522 
0.000364 0.000074 0.000224 0.000560 
0.000395 0.000068 0.000242 0.000562 
0.000389 0.000074 0.000220 0.000539 
0.000387 0.000073 0.000245 0.000553 
0.000386 0.000076 0.000231 0.000554 
0.000371 0.000087 0.000202 0.000582 
0.000375 0.000080 0.000193 0.000545 
0.000372 0.000086 0.000214 0.000565 
0.000355 0.000090 0.000181 0.000569 
0.000389 0.000075 0.000239 0.000554 
0.000380 0.000069 0.000239 0.000544 
0.000369 0.000076 0.000213 0.000538 
0.000384 0.000071 0.000231 0.000533 
0.000365 0.000078 0.000208 0.000529 
0.000383 0.000072 0.000242 0.000538 
0.000391 0.000079 0.000250 0.000584 
0.000388 0.000080 0.000247 0.000575 
0.000423 0.000066 0.000292 0.000587 
0.000396 0.000091 0.000203 0.000633 
0.000402 0.000078 0.000267 0.000616 
0.000376 0.000082 0.000231 0.000596 
0.000410 0.000072 0.000282 0.000619 
0.000377 0.000086 0.000176 0.000579 
0.000392 0.000088 0.000230 0.000616 
0.000388 0.000077 0.000252 0.000574 
0.000412 0.000077 0.000241 0.000573 
0.000380 0.000068 0.000235 0.000544 
0.000404 0.000070 0.000256 0.000642 
0.000385 0.000084 0.000225 0.000597 
0.000388 0.000073 0.000234 0.000545 
0.000373 0.000073 0.000212 0.000535 
0.000352 0.000085 0.000213 0.000535 
0.000363 0.000078 0.000225 0.000535 
0.000374 0.000084 0.000238 0.000565 
0.000340 0.000081 0.000169 0.000521 
0.000369 0.000085 0.000200 0.000569 
0.000365 0.000083 0.000209 0.000552 
0.000397 0.000075 0.000244 0.000553 
0.000345 0.000092 0.000144 0.000533 
0.000349 0.000077 0.000221 0.000538 
0.000333 0.000091 0.000157 0.000531 
0.000353 0.000082 0.000178 0.000527 
0.000386 0.000085 0.000221 0.000587 
0.000364 0.000079 0.000220 0.000559 
0.000367 0.000075 0.000213 0.000534 
0.000379 0.000076 0.000200 0.000556 
0.000394 0.000077 0.000223 0.000546 
0.000369 0.000076 0.000216 0.000525 
0.000374 0.000091 0.000214 0.000588 
0.000402 0.000076 0.000238 0.000593 
0.000366 0.000086 0.000176 0.000560 
0.000383 0.000091 0.000199 0.000580 
0.000382 0.000076 0.000221 0.000547 
0.000391 0.000074 0.000234 0.000564 
0.000386 0.000074 0.000209 0.000544 
0.000379 0.000078 0.000220 0.000534 
0.000384 0.000076 0.000222 0.000541 
0.000387 0.000075 0.000222 0.000552 
0.000382 0.000077 0.000192 0.000548 
0.000374 0.000081 0.000188 0.000558 
0.000387 0.000074 0.000185 0.000561 
0.000380 0.000077 0.000210 0.000563 
0.000359 0.000087 0.000178 0.000543 
0.000366 0.000070 0.000211 0.000521 
0.000388 0.000075 0.000184 0.000561 
0.000390 0.000077 0.000219 0.000567 
0.000398 0.000076 0.000209 0.000557 
0.000391 0.000085 0.000244 0.000635 
0.000398 0.000084 0.000234 0.000603 
0.000397 0.000079 0.000251 0.000595 
0.000423 0.000077 0.000271 0.000613 
0.000392 0.000073 0.000247 0.000569 
0.000405 0.000077 0.000256 0.000579 
0.000393 0.000085 0.000230 0.000604 
0.000391 0.000081 0.000256 0.000607 
0.000387 0.000085 0.000240 0.000586 
0.000395 0.000073 0.000248 0.000567 
0.000380 0.000085 0.000224 0.000601 
0.000382 0.000079 0.000235 0.000576 
0.000379 0.000079 0.000237 0.000565 
0.000391 0.000088 0.000192 0.000598 
0.000399 0.000075 0.000229 0.000541 
0.000371 0.000096 0.000169 0.000607 
0.000390 0.000086 0.000199 0.000575 
0.000367 0.000092 0.000171 0.000566 
0.000371 0.000098 0.000204 0.000587 
0.000371 0.000092 0.000166 0.000576 
0.000369 0.000092 0.000183 0.000565 
0.000388 0.000077 0.000223 0.000559 
0.000393 0.000085 0.000203 0.000562 
0.000379 0.000079 0.000207 0.000560 
0.000385 0.000093 0.000211 0.000605 
0.000368 0.000089 0.000173 0.000547 
0.000383 0.000093 0.000169 0.000590 
0.000419 0.000074 0.000269 0.000593 
0.000397 0.000074 0.000232 0.000542 
0.000405 0.000080 0.000243 0.000597 
0.000414 0.000082 0.000250 0.000629 
0.000409 0.000081 0.000241 0.000630 
0.000403 0.000087 0.000208 0.000611 
0.000437 0.000076 0.000285 0.000622 
0.000413 0.000078 0.000247 0.000583 
0.000406 0.000080 0.000229 0.000596 
0.000399 0.000075 0.000241 0.000604 
0.000414 0.000074 0.000256 0.000601 
0.000408 0.000071 0.000252 0.000564 
0.000410 0.000069 0.000247 0.000550 
