0.000521 0.000033 0.000397 0.000627 
0.000475 0.000030 0.000406 0.000577 
0.000469 0.000022 0.000418 0.000579 
0.000491 0.000025 0.000379 0.000600 
0.000503 0.000028 0.000395 0.000609 
0.000507 0.000036 0.000367 0.000674 
0.000525 0.000025 0.000414 0.000649 
0.000513 0.000026 0.000393 0.000614 
0.000514 0.000028 0.000393 0.000690 
0.000486 0.000031 0.000368 0.000609 
0.000504 0.000037 0.000384 0.000635 
0.000500 0.000029 0.000398 0.000610 
0.000502 0.000032 0.000401 0.000691 
0.000475 0.000036 0.000351 0.000661 
0.000509 0.000050 0.000392 0.000691 
0.000505 0.000040 0.000416 0.000590 
0.000474 0.000033 0.000397 0.000591 
0.000510 0.000041 0.000373 0.000739 
0.000463 0.000049 0.000357 0.000602 
0.000511 0.000039 0.000384 0.000772 
0.000459 0.000038 0.000343 0.000607 
0.000482 0.000035 0.000385 0.000605 
0.000480 0.000032 0.000380 0.000555 
0.000523 0.000049 0.000386 0.000779 
0.000485 0.000046 0.000403 0.000614 
0.000470 0.000057 0.000363 0.000681 
0.000508 0.000058 0.000370 0.000670 
0.000478 0.000072 0.000334 0.000685 
0.000499 0.000063 0.000382 0.000684 
0.000460 0.000090 0.000288 0.000645 
0.000471 0.000056 0.000363 0.000662 
0.000452 0.000071 0.000327 0.000643 
0.000518 0.000065 0.000369 0.000680 
0.000515 0.000060 0.000381 0.000692 
0.000454 0.000058 0.000348 0.000675 
0.000496 0.000066 0.000351 0.000642 
0.000505 0.000052 0.000411 0.000694 
0.000609 0.000081 0.000444 0.000968 
0.000644 0.000072 0.000473 0.000905 
0.000592 0.000079 0.000441 0.000977 
0.000616 0.000073 0.000476 0.000886 
0.000640 0.000075 0.000475 0.000902 
0.000570 0.000077 0.000405 0.000801 
0.000643 0.000079 0.000445 0.000958 
0.000581 0.000088 0.000432 0.000942 
0.000621 0.000074 0.000466 0.001028 
0.000605 0.000072 0.000455 0.000910 
0.000568 0.000080 0.000428 0.000833 
0.000584 0.000074 0.000454 0.000992 
0.000552 0.000054 0.000437 0.000861 
0.000565 0.000027 0.000490 0.000727 
0.000558 0.000043 0.000427 0.000900 
0.000575 0.000034 0.000460 0.000816 
0.000603 0.000044 0.000438 0.000887 
0.000603 0.000048 0.000447 0.000906 
0.000556 0.000038 0.000443 0.000792 
0.000583 0.000050 0.000435 0.000916 
0.000568 0.000043 0.000433 0.000838 
0.000592 0.000044 0.000442 0.000895 
0.000578 0.000030 0.000475 0.000798 
0.000523 0.000033 0.000406 0.000685 
0.000502 0.000038 0.000418 0.000632 
0.000532 0.000037 0.000445 0.000752 
0.000519 0.000050 0.000433 0.000787 
0.000456 0.000042 0.000380 0.000792 
0.000488 0.000050 0.000405 0.000779 
0.000513 0.000042 0.000404 0.000778 
0.000504 0.000039 0.000409 0.000739 
0.000493 0.000041 0.000400 0.000812 
0.000478 0.000033 0.000395 0.000574 
0.000568 0.000067 0.000464 0.000933 
0.000586 0.000071 0.000437 0.000941 
0.000602 0.000070 0.000447 0.000936 
0.000597 0.000075 0.000458 0.000974 
0.000567 0.000068 0.000446 0.000940 
0.000558 0.000064 0.000427 0.000873 
0.000582 0.000071 0.000454 0.000899 
0.000572 0.000062 0.000453 0.000911 
0.000556 0.000068 0.000457 0.001001 
0.000649 0.000077 0.000436 0.001029 
0.000585 0.000077 0.000451 0.000922 
0.000594 0.000076 0.000460 0.000984 
0.000579 0.000064 0.000442 0.000911 
0.000605 0.000065 0.000452 0.001015 
0.000609 0.000077 0.000449 0.001054 
0.000592 0.000070 0.000430 0.000953 
0.000539 0.000038 0.000409 0.000814 
0.000557 0.000051 0.000447 0.000804 
0.000544 0.000052 0.000443 0.000761 
0.000534 0.000030 0.000451 0.000654 
0.000546 0.000036 0.000401 0.000772 
0.000517 0.000035 0.000409 0.000640 
0.000558 0.000041 0.000436 0.000789 
0.000490 0.000044 0.000418 0.000626 
0.000536 0.000028 0.000414 0.000619 
0.000510 0.000063 0.000392 0.000646 
0.000552 0.000048 0.000464 0.000777 
0.000504 0.000039 0.000448 0.000790 
0.000494 0.000055 0.000400 0.000629 
0.000534 0.000045 0.000448 0.000734 
0.000530 0.000068 0.000409 0.000857 
0.000558 0.000084 0.000399 0.000953 
0.000601 0.000080 0.000431 0.001125 
0.000577 0.000106 0.000433 0.001111 
0.000499 0.000067 0.000423 0.000819 
0.000513 0.000058 0.000418 0.000955 
0.000514 0.000057 0.000412 0.000968 
0.000557 0.000085 0.000424 0.000921 
0.000495 0.000069 0.000391 0.000807 
0.000513 0.000057 0.000414 0.000797 
0.000603 0.000078 0.000393 0.001015 
0.000566 0.000078 0.000409 0.001021 
0.000573 0.000074 0.000440 0.000953 
0.000523 0.000055 0.000416 0.000772 
0.000568 0.000053 0.000452 0.001059 
0.000534 0.000064 0.000419 0.000872 
0.000547 0.000086 0.000401 0.000969 
0.000504 0.000070 0.000403 0.000931 
0.000550 0.000069 0.000432 0.000994 
0.000474 0.000045 0.000393 0.000704 
0.000541 0.000075 0.000427 0.000974 
0.000523 0.000063 0.000412 0.000865 
0.000511 0.000043 0.000428 0.000760 
0.000490 0.000025 0.000404 0.000626 
0.000559 0.000076 0.000419 0.001027 
0.000530 0.000073 0.000409 0.000930 
0.000524 0.000052 0.000429 0.000771 
0.000536 0.000031 0.000474 0.000638 
0.000563 0.000034 0.000461 0.000767 
0.000522 0.000027 0.000441 0.000627 
0.000547 0.000032 0.000443 0.000636 
0.000523 0.000023 0.000459 0.000648 
0.000468 0.000029 0.000393 0.000601 
0.000493 0.000029 0.000436 0.000592 
0.000531 0.000032 0.000448 0.000639 
0.000512 0.000027 0.000455 0.000568 
0.000531 0.000028 0.000464 0.000608 
0.000510 0.000030 0.000424 0.000628 
0.000589 0.000052 0.000487 0.000737 
0.000580 0.000061 0.000454 0.000860 
0.000567 0.000061 0.000444 0.000795 
0.000539 0.000058 0.000452 0.000744 
0.000526 0.000055 0.000451 0.000733 
0.000503 0.000046 0.000415 0.000675 
0.000478 0.000041 0.000409 0.000698 
0.000517 0.000040 0.000450 0.000714 
0.000501 0.000046 0.000438 0.000720 
0.000432 0.000059 0.000310 0.000676 
0.000470 0.000051 0.000373 0.000637 
0.000534 0.000046 0.000470 0.000765 
0.000503 0.000048 0.000429 0.000711 
0.000557 0.000042 0.000473 0.000752 
0.000545 0.000035 0.000420 0.000725 
0.000582 0.000037 0.000446 0.000724 
0.000568 0.000045 0.000426 0.000752 
0.000571 0.000042 0.000447 0.000812 
0.000514 0.000041 0.000425 0.000667 
0.000528 0.000045 0.000428 0.000646 
0.000566 0.000029 0.000435 0.000743 
0.000554 0.000040 0.000446 0.000799 
0.000553 0.000028 0.000428 0.000632 
0.000550 0.000032 0.000462 0.000655 
0.000540 0.000027 0.000446 0.000622 
0.000550 0.000046 0.000429 0.000780 
0.000522 0.000042 0.000434 0.000697 
0.000525 0.000037 0.000391 0.000813 
0.000545 0.000032 0.000396 0.000700 
0.000533 0.000044 0.000363 0.000809 
0.000541 0.000032 0.000406 0.000740 
0.000525 0.000041 0.000385 0.000723 
0.000501 0.000048 0.000379 0.000741 
0.000525 0.000045 0.000380 0.000777 
0.000526 0.000038 0.000397 0.000717 
0.000514 0.000032 0.000384 0.000644 
0.000536 0.000045 0.000404 0.000640 
0.000511 0.000031 0.000411 0.000603 
0.000534 0.000035 0.000370 0.000640 
0.000472 0.000042 0.000372 0.000725 
0.000530 0.000036 0.000408 0.000625 
0.000643 0.000125 0.000431 0.001273 
0.000617 0.000100 0.000456 0.001144 
0.000590 0.000105 0.000453 0.001078 
0.000607 0.000087 0.000480 0.001079 
0.000580 0.000076 0.000463 0.001079 
0.000563 0.000064 0.000434 0.001100 
0.000601 0.000114 0.000450 0.001253 
0.000580 0.000109 0.000459 0.001164 
0.000617 0.000085 0.000446 0.001113 
0.000570 0.000072 0.000447 0.001013 
0.000607 0.000103 0.000458 0.001115 
0.000602 0.000119 0.000465 0.001274 
0.000602 0.000103 0.000449 0.001124 
