0.000527 0.000036 0.000419 0.000739 
0.000547 0.000036 0.000452 0.000815 
0.000536 0.000047 0.000448 0.000800 
0.000525 0.000040 0.000424 0.000828 
0.000533 0.000035 0.000432 0.000738 
0.000518 0.000040 0.000423 0.000716 
0.000524 0.000050 0.000447 0.000849 
0.000576 0.000044 0.000451 0.000880 
0.000551 0.000041 0.000449 0.000788 
0.000542 0.000046 0.000452 0.000769 
0.000519 0.000045 0.000436 0.000771 
0.000536 0.000047 0.000461 0.000818 
0.000529 0.000044 0.000435 0.000825 
0.000482 0.000025 0.000434 0.000617 
0.000491 0.000035 0.000435 0.000632 
0.000501 0.000038 0.000414 0.000649 
0.000474 0.000040 0.000397 0.000575 
0.000490 0.000034 0.000431 0.000617 
0.000454 0.000048 0.000343 0.000669 
0.000460 0.000050 0.000378 0.000704 
0.000441 0.000065 0.000300 0.000616 
0.000452 0.000048 0.000351 0.000656 
0.000482 0.000039 0.000396 0.000640 
0.000504 0.000042 0.000415 0.000699 
0.000496 0.000030 0.000431 0.000630 
0.000477 0.000043 0.000362 0.000652 
0.000560 0.000056 0.000464 0.000726 
0.000537 0.000069 0.000365 0.000714 
0.000542 0.000102 0.000378 0.000877 
0.000477 0.000114 0.000289 0.000736 
0.000460 0.000069 0.000354 0.000712 
0.000483 0.000062 0.000383 0.000689 
0.000523 0.000074 0.000388 0.000718 
0.000531 0.000083 0.000388 0.000783 
0.000485 0.000070 0.000353 0.000732 
0.000502 0.000065 0.000361 0.000663 
0.000539 0.000061 0.000457 0.000749 
0.000596 0.000042 0.000503 0.000861 
0.000604 0.000038 0.000496 0.000803 
0.000588 0.000055 0.000443 0.000723 
0.000620 0.000052 0.000497 0.000814 
0.000586 0.000058 0.000471 0.000812 
0.000604 0.000050 0.000465 0.000812 
0.000585 0.000061 0.000474 0.000756 
0.000611 0.000056 0.000472 0.000778 
0.000586 0.000047 0.000475 0.000813 
0.000635 0.000049 0.000505 0.000781 
0.000622 0.000050 0.000495 0.000811 
0.000605 0.000052 0.000475 0.000749 
0.000600 0.000048 0.000503 0.000823 
0.000632 0.000047 0.000553 0.000832 
0.000602 0.000047 0.000484 0.000773 
0.000593 0.000039 0.000526 0.000771 
0.000641 0.000047 0.000515 0.000804 
0.000631 0.000045 0.000507 0.000877 
0.000617 0.000062 0.000503 0.000813 
0.000617 0.000049 0.000484 0.000823 
0.000612 0.000048 0.000505 0.000792 
0.000634 0.000044 0.000499 0.000818 
0.000622 0.000042 0.000539 0.000765 
0.000569 0.000071 0.000461 0.000902 
0.000502 0.000034 0.000440 0.000592 
0.000517 0.000054 0.000420 0.000865 
0.000532 0.000080 0.000427 0.000910 
0.000518 0.000067 0.000396 0.000936 
0.000520 0.000063 0.000424 0.000896 
0.000538 0.000062 0.000420 0.000915 
0.000511 0.000054 0.000429 0.000869 
0.000548 0.000049 0.000428 0.000802 
0.000506 0.000059 0.000416 0.000926 
0.000589 0.000056 0.000484 0.000769 
0.000580 0.000052 0.000462 0.000910 
0.000611 0.000045 0.000474 0.000803 
0.000605 0.000071 0.000482 0.000858 
0.000535 0.000061 0.000435 0.000771 
0.000584 0.000053 0.000452 0.000857 
0.000611 0.000050 0.000513 0.000793 
0.000593 0.000053 0.000511 0.000799 
0.000592 0.000052 0.000484 0.000789 
0.000601 0.000066 0.000449 0.000830 
0.000580 0.000051 0.000476 0.000759 
0.000609 0.000061 0.000515 0.000858 
0.000597 0.000071 0.000454 0.000808 
0.000625 0.000064 0.000481 0.000809 
0.000589 0.000057 0.000484 0.000800 
0.000634 0.000057 0.000496 0.000869 
0.000527 0.000040 0.000449 0.000726 
0.000571 0.000030 0.000476 0.000763 
0.000537 0.000032 0.000488 0.000856 
0.000488 0.000039 0.000426 0.000835 
0.000534 0.000061 0.000438 0.000806 
0.000526 0.000043 0.000472 0.000838 
0.000517 0.000044 0.000467 0.000721 
0.000538 0.000058 0.000430 0.000753 
0.000535 0.000035 0.000496 0.000846 
0.000547 0.000047 0.000495 0.000878 
0.000506 0.000048 0.000435 0.000768 
0.000546 0.000042 0.000493 0.000893 
0.000525 0.000074 0.000371 0.000939 
0.000552 0.000055 0.000457 0.000830 
0.000501 0.000050 0.000412 0.000796 
0.000521 0.000063 0.000420 0.000826 
0.000521 0.000045 0.000462 0.000856 
0.000522 0.000074 0.000419 0.000824 
0.000532 0.000062 0.000447 0.000886 
0.000508 0.000053 0.000419 0.000839 
0.000551 0.000047 0.000454 0.000888 
0.000517 0.000060 0.000411 0.000827 
0.000519 0.000058 0.000437 0.000825 
0.000491 0.000061 0.000409 0.000896 
0.000520 0.000066 0.000422 0.000824 
0.000526 0.000060 0.000430 0.000778 
0.000523 0.000057 0.000439 0.000851 
0.000513 0.000053 0.000431 0.000774 
0.000561 0.000058 0.000468 0.000750 
0.000509 0.000061 0.000419 0.000794 
0.000501 0.000060 0.000402 0.000760 
0.000506 0.000045 0.000444 0.000788 
0.000533 0.000076 0.000430 0.000813 
0.000464 0.000036 0.000378 0.000722 
0.000560 0.000049 0.000479 0.000780 
0.000546 0.000040 0.000452 0.000817 
0.000499 0.000066 0.000422 0.000745 
0.000520 0.000069 0.000408 0.000735 
0.000520 0.000058 0.000427 0.000699 
0.000520 0.000069 0.000392 0.000818 
0.000516 0.000068 0.000426 0.000713 
0.000585 0.000041 0.000502 0.000901 
0.000589 0.000046 0.000450 0.000720 
0.000547 0.000039 0.000479 0.000777 
0.000600 0.000045 0.000518 0.000922 
0.000576 0.000032 0.000521 0.000845 
0.000541 0.000052 0.000445 0.000793 
0.000558 0.000031 0.000513 0.000848 
0.000583 0.000045 0.000494 0.000888 
0.000562 0.000034 0.000501 0.000808 
0.000566 0.000038 0.000500 0.000885 
0.000569 0.000045 0.000470 0.000929 
0.000636 0.000045 0.000519 0.000887 
0.000557 0.000066 0.000476 0.000785 
0.000532 0.000055 0.000449 0.000877 
0.000568 0.000066 0.000469 0.000812 
0.000519 0.000058 0.000434 0.000812 
0.000515 0.000061 0.000403 0.000833 
0.000530 0.000080 0.000403 0.000920 
0.000531 0.000078 0.000392 0.000856 
0.000545 0.000061 0.000448 0.000888 
0.000492 0.000088 0.000346 0.000837 
0.000553 0.000071 0.000456 0.000820 
0.000550 0.000059 0.000452 0.000775 
0.000540 0.000073 0.000410 0.000776 
0.000569 0.000055 0.000477 0.000811 
0.000521 0.000051 0.000379 0.000640 
0.000582 0.000041 0.000511 0.000882 
0.000578 0.000051 0.000507 0.000885 
0.000589 0.000039 0.000500 0.000946 
0.000523 0.000029 0.000469 0.000620 
0.000542 0.000045 0.000445 0.000917 
0.000536 0.000034 0.000468 0.000705 
0.000552 0.000032 0.000424 0.000702 
0.000532 0.000037 0.000450 0.000732 
0.000547 0.000035 0.000461 0.000712 
0.000541 0.000040 0.000458 0.000709 
0.000548 0.000045 0.000440 0.000853 
0.000544 0.000033 0.000454 0.000858 
0.000579 0.000044 0.000462 0.000835 
0.000613 0.000038 0.000492 0.000755 
0.000542 0.000029 0.000477 0.000730 
0.000589 0.000038 0.000510 0.000811 
0.000576 0.000038 0.000511 0.000811 
0.000567 0.000034 0.000499 0.000789 
0.000570 0.000032 0.000494 0.000729 
0.000574 0.000040 0.000457 0.000835 
0.000552 0.000034 0.000465 0.000746 
0.000591 0.000049 0.000467 0.000848 
0.000612 0.000049 0.000482 0.000797 
0.000586 0.000037 0.000483 0.000764 
0.000584 0.000032 0.000520 0.000752 
0.000550 0.000030 0.000502 0.000756 
0.000592 0.000070 0.000492 0.001063 
0.000606 0.000060 0.000528 0.001033 
0.000622 0.000064 0.000522 0.001013 
0.000616 0.000074 0.000490 0.000973 
0.000612 0.000063 0.000520 0.001099 
0.000592 0.000052 0.000515 0.000867 
0.000640 0.000060 0.000510 0.001043 
0.000597 0.000066 0.000506 0.000971 
0.000608 0.000069 0.000514 0.001010 
0.000584 0.000049 0.000495 0.000979 
0.000576 0.000060 0.000502 0.000994 
0.000566 0.000079 0.000455 0.001125 
0.000613 0.000069 0.000517 0.001027 
