0.000519 0.000023 0.000502 0.000535 
0.000486 0.000019 0.000473 0.000500 
0.000472 0.000013 0.000463 0.000481 
0.000514 0.000035 0.000489 0.000540 
0.000548 0.000018 0.000536 0.000561 
0.000446 0.000012 0.000438 0.000455 
0.000508 0.000081 0.000450 0.000565 
0.000502 0.000033 0.000479 0.000525 
0.000538 0.000042 0.000508 0.000567 
0.000524 0.000062 0.000480 0.000568 
0.000559 0.000007 0.000554 0.000564 
0.000522 0.000005 0.000518 0.000526 
0.000486 0.000049 0.000451 0.000520 
0.000445 0.000014 0.000435 0.000455 
0.000484 0.000014 0.000475 0.000494 
0.000467 0.000012 0.000459 0.000475 
0.000470 0.000024 0.000453 0.000487 
0.000467 0.000003 0.000465 0.000470 
0.000442 0.000029 0.000422 0.000462 
0.000465 0.000001 0.000465 0.000466 
0.000443 0.000023 0.000427 0.000459 
0.000476 0.000005 0.000473 0.000479 
0.000410 0.000022 0.000394 0.000425 
0.000436 0.000068 0.000388 0.000485 
0.000501 0.000022 0.000485 0.000516 
0.000447 0.000069 0.000399 0.000496 
0.000506 0.000010 0.000499 0.000513 
0.000374 0.000037 0.000348 0.000400 
0.000437 0.000005 0.000434 0.000441 
0.000477 0.000010 0.000469 0.000484 
0.000472 0.000011 0.000464 0.000480 
0.000439 0.000006 0.000434 0.000443 
0.000472 0.000015 0.000462 0.000483 
0.000489 0.000019 0.000475 0.000502 
0.000490 0.000030 0.000468 0.000511 
0.000380 0.000007 0.000375 0.000386 
0.000469 0.000037 0.000443 0.000496 
0.000554 0.000023 0.000537 0.000570 
0.000484 0.000056 0.000444 0.000524 
0.000535 0.000025 0.000518 0.000553 
0.000506 0.000051 0.000471 0.000542 
0.000550 0.000025 0.000533 0.000568 
0.000501 0.000036 0.000476 0.000526 
0.000549 0.000003 0.000547 0.000552 
0.000605 0.000050 0.000569 0.000640 
0.000525 0.000059 0.000484 0.000567 
0.000515 0.000045 0.000483 0.000547 
0.000540 0.000048 0.000506 0.000573 
0.000498 0.000050 0.000463 0.000533 
0.000569 0.000026 0.000551 0.000587 
0.000513 0.000068 0.000464 0.000561 
0.000518 0.000088 0.000456 0.000581 
0.000603 0.000012 0.000594 0.000611 
0.000485 0.000019 0.000472 0.000498 
0.000590 0.000010 0.000583 0.000597 
0.000596 0.000007 0.000591 0.000601 
0.000575 0.000025 0.000557 0.000592 
0.000517 0.000015 0.000507 0.000528 
0.000546 0.000026 0.000528 0.000565 
0.000507 0.000119 0.000423 0.000592 
0.000439 0.000043 0.000409 0.000469 
0.000443 0.000006 0.000439 0.000448 
0.000475 0.000003 0.000473 0.000476 
0.000458 0.000056 0.000419 0.000497 
0.000411 0.000008 0.000405 0.000417 
0.000464 0.000007 0.000460 0.000469 
0.000471 0.000009 0.000464 0.000477 
0.000436 0.000038 0.000409 0.000463 
0.000425 0.000007 0.000420 0.000430 
0.000439 0.000009 0.000433 0.000445 
0.000563 0.000041 0.000534 0.000592 
0.000579 0.000019 0.000566 0.000593 
0.000504 0.000007 0.000499 0.000509 
0.000514 0.000063 0.000469 0.000558 
0.000423 0.000010 0.000416 0.000430 
0.000635 0.000010 0.000628 0.000642 
0.000594 0.000002 0.000593 0.000595 
0.000507 0.000039 0.000479 0.000534 
0.000517 0.000035 0.000492 0.000542 
0.000487 0.000056 0.000447 0.000527 
0.000598 0.000098 0.000528 0.000667 
0.000536 0.000002 0.000534 0.000537 
0.000561 0.000072 0.000510 0.000612 
0.000507 0.000001 0.000506 0.000508 
0.000597 0.000001 0.000596 0.000598 
0.000526 0.000094 0.000459 0.000592 
0.000458 0.000019 0.000444 0.000471 
0.000428 0.000046 0.000396 0.000460 
0.000390 0.000019 0.000377 0.000403 
0.000414 0.000039 0.000386 0.000441 
0.000456 0.000052 0.000420 0.000492 
0.000495 0.000013 0.000486 0.000505 
0.000465 0.000026 0.000446 0.000483 
0.000450 0.000031 0.000428 0.000471 
0.000461 0.000076 0.000407 0.000514 
0.000468 0.000004 0.000465 0.000470 
0.000408 0.000006 0.000403 0.000412 
0.000445 0.000026 0.000426 0.000463 
0.000478 0.000060 0.000435 0.000520 
0.000432 0.000022 0.000417 0.000447 
0.000574 0.000020 0.000561 0.000588 
0.000537 0.000074 0.000485 0.000590 
0.000525 0.000002 0.000524 0.000526 
0.000594 0.000002 0.000593 0.000596 
0.000670 0.000046 0.000637 0.000703 
0.000627 0.000005 0.000623 0.000630 
0.000575 0.000064 0.000530 0.000620 
0.000606 0.000068 0.000558 0.000654 
0.000541 0.000108 0.000465 0.000618 
0.000530 0.000070 0.000481 0.000580 
0.000483 0.000047 0.000450 0.000516 
0.000553 0.000004 0.000550 0.000556 
0.000655 0.000001 0.000654 0.000655 
0.000542 0.000090 0.000478 0.000606 
0.000605 0.000030 0.000584 0.000626 
0.000504 0.000091 0.000439 0.000568 
0.000461 0.000066 0.000415 0.000508 
0.000615 0.000068 0.000567 0.000663 
0.000579 0.000070 0.000530 0.000628 
0.000573 0.000084 0.000514 0.000632 
0.000662 0.000017 0.000649 0.000674 
0.000593 0.000048 0.000560 0.000627 
0.000612 0.000041 0.000583 0.000641 
0.000529 0.000085 0.000468 0.000589 
0.000573 0.000120 0.000488 0.000658 
0.000482 0.000035 0.000457 0.000507 
0.000456 0.000066 0.000410 0.000503 
0.000570 0.000067 0.000523 0.000618 
0.000523 0.000070 0.000473 0.000572 
0.000532 0.000026 0.000514 0.000550 
0.000540 0.000023 0.000524 0.000556 
0.000594 0.000031 0.000572 0.000617 
0.000519 0.000008 0.000513 0.000524 
0.000516 0.000005 0.000513 0.000519 
0.000548 0.000011 0.000540 0.000555 
0.000681 0.000052 0.000645 0.000718 
0.000633 0.000050 0.000598 0.000669 
0.000521 0.000012 0.000512 0.000530 
0.000500 0.000046 0.000467 0.000532 
0.001226 0.000067 0.001178 0.001273 
0.001075 0.000147 0.000971 0.001179 
0.001003 0.000137 0.000906 0.001099 
0.001133 0.000115 0.001052 0.001215 
0.001083 0.000029 0.001062 0.001104 
0.000737 0.000081 0.000679 0.000794 
0.000912 0.000286 0.000710 0.001115 
0.001020 0.000117 0.000937 0.001103 
0.001054 0.000166 0.000936 0.001171 
0.000975 0.000102 0.000903 0.001047 
0.000998 0.000105 0.000923 0.001072 
0.001186 0.000163 0.001071 0.001302 
0.001033 0.000103 0.000960 0.001105 
0.000497 0.000040 0.000469 0.000526 
0.000466 0.000015 0.000455 0.000477 
0.000456 0.000036 0.000431 0.000481 
0.000415 0.000025 0.000397 0.000433 
0.000432 0.000071 0.000381 0.000482 
0.000489 0.000040 0.000461 0.000517 
0.000394 0.000005 0.000391 0.000398 
0.000468 0.000034 0.000444 0.000492 
0.000358 0.000024 0.000341 0.000375 
0.000492 0.000026 0.000474 0.000511 
0.000395 0.000015 0.000384 0.000406 
0.000412 0.000050 0.000377 0.000447 
0.000408 0.000015 0.000397 0.000418 
0.000535 0.000103 0.000463 0.000608 
0.000540 0.000054 0.000502 0.000577 
0.000510 0.000038 0.000483 0.000537 
0.000541 0.000027 0.000522 0.000560 
0.000529 0.000008 0.000523 0.000534 
0.000559 0.000016 0.000548 0.000570 
0.000508 0.000061 0.000465 0.000551 
0.000504 0.000025 0.000487 0.000522 
0.000516 0.000037 0.000490 0.000542 
0.000531 0.000018 0.000518 0.000544 
0.000511 0.000036 0.000486 0.000537 
0.000517 0.000040 0.000488 0.000546 
0.000556 0.000087 0.000495 0.000618 
0.000566 0.000017 0.000554 0.000579 
0.000553 0.000014 0.000543 0.000563 
0.000569 0.000015 0.000559 0.000580 
0.000596 0.000015 0.000586 0.000607 
0.000534 0.000053 0.000496 0.000572 
0.000579 0.000017 0.000567 0.000590 
0.000558 0.000047 0.000524 0.000591 
0.000592 0.000037 0.000566 0.000618 
0.000589 0.000010 0.000582 0.000596 
0.000585 0.000009 0.000579 0.000591 
0.000587 0.000021 0.000572 0.000602 
0.000586 0.000064 0.000541 0.000632 
0.000476 0.000024 0.000459 0.000493 
0.000564 0.000029 0.000543 0.000585 
