0.000402 0.000082 0.000220 0.000706 
0.000413 0.000082 0.000232 0.000781 
0.000403 0.000092 0.000206 0.000782 
0.000393 0.000078 0.000221 0.000704 
0.000392 0.000078 0.000192 0.000734 
0.000389 0.000078 0.000215 0.000731 
0.000407 0.000077 0.000235 0.000724 
0.000397 0.000081 0.000207 0.000774 
0.000390 0.000091 0.000203 0.000782 
0.000401 0.000082 0.000192 0.000721 
0.000405 0.000071 0.000231 0.000719 
0.000399 0.000076 0.000241 0.000705 
0.000394 0.000080 0.000218 0.000702 
0.000368 0.000102 0.000138 0.000797 
0.000379 0.000097 0.000187 0.000770 
0.000379 0.000114 0.000170 0.000868 
0.000425 0.000145 0.000166 0.001100 
0.000341 0.000076 0.000167 0.000644 
0.000361 0.000089 0.000145 0.000723 
0.000361 0.000092 0.000160 0.000732 
0.000363 0.000101 0.000114 0.000749 
0.000352 0.000101 0.000143 0.000746 
0.000404 0.000131 0.000167 0.001016 
0.000365 0.000100 0.000131 0.000752 
0.000355 0.000093 0.000150 0.000724 
0.000391 0.000119 0.000167 0.000897 
0.000457 0.000138 0.000200 0.000968 
0.000408 0.000107 0.000150 0.000848 
0.000420 0.000136 0.000145 0.000976 
0.000411 0.000134 0.000130 0.001027 
0.000425 0.000121 0.000176 0.000894 
0.000411 0.000113 0.000105 0.000815 
0.000434 0.000126 0.000182 0.000907 
0.000464 0.000131 0.000203 0.000959 
0.000440 0.000121 0.000169 0.000890 
0.000403 0.000098 0.000149 0.000774 
0.000441 0.000129 0.000166 0.000904 
0.000414 0.000107 0.000184 0.000826 
0.000408 0.000115 0.000195 0.000853 
0.000389 0.000092 0.000208 0.000788 
0.000413 0.000118 0.000204 0.000832 
0.000440 0.000112 0.000184 0.000844 
0.000371 0.000080 0.000204 0.000662 
0.000421 0.000107 0.000213 0.000795 
0.000387 0.000089 0.000210 0.000750 
0.000417 0.000109 0.000201 0.000846 
0.000400 0.000084 0.000232 0.000726 
0.000416 0.000096 0.000227 0.000842 
0.000401 0.000105 0.000185 0.000785 
0.000551 0.000163 0.000194 0.001360 
0.000550 0.000158 0.000288 0.001283 
0.000555 0.000174 0.000223 0.001239 
0.000594 0.000182 0.000234 0.001283 
0.000553 0.000187 0.000246 0.001314 
0.000510 0.000159 0.000166 0.001094 
0.000519 0.000146 0.000230 0.001200 
0.000517 0.000152 0.000213 0.001208 
0.000561 0.000171 0.000217 0.001230 
0.000571 0.000165 0.000252 0.001217 
0.000557 0.000173 0.000198 0.001312 
0.000401 0.000101 0.000214 0.000816 
0.000438 0.000121 0.000193 0.000918 
0.000419 0.000104 0.000207 0.000837 
0.000406 0.000111 0.000188 0.000877 
0.000399 0.000109 0.000197 0.000846 
0.000413 0.000113 0.000189 0.000872 
0.000408 0.000117 0.000182 0.000824 
0.000439 0.000118 0.000183 0.000905 
0.000399 0.000117 0.000150 0.000872 
0.000444 0.000127 0.000179 0.000842 
0.000452 0.000116 0.000183 0.000878 
0.000448 0.000115 0.000186 0.000897 
0.000418 0.000090 0.000209 0.000703 
0.000411 0.000090 0.000180 0.000747 
0.000373 0.000077 0.000167 0.000625 
0.000410 0.000087 0.000187 0.000750 
0.000441 0.000091 0.000161 0.000777 
0.000456 0.000107 0.000181 0.000809 
0.000421 0.000100 0.000181 0.000796 
0.000419 0.000088 0.000192 0.000734 
0.000467 0.000117 0.000217 0.000895 
0.000467 0.000102 0.000230 0.000828 
0.000404 0.000085 0.000179 0.000698 
0.000413 0.000097 0.000193 0.000786 
0.000408 0.000090 0.000168 0.000700 
0.000392 0.000077 0.000181 0.000685 
0.000402 0.000110 0.000210 0.000953 
0.000384 0.000111 0.000183 0.000928 
0.000416 0.000118 0.000199 0.001008 
0.000409 0.000108 0.000181 0.000899 
0.000403 0.000105 0.000197 0.000960 
0.000387 0.000118 0.000167 0.000983 
0.000387 0.000106 0.000181 0.000895 
0.000403 0.000116 0.000169 0.000927 
0.000397 0.000115 0.000199 0.001041 
0.000449 0.000130 0.000196 0.001067 
0.000396 0.000103 0.000191 0.000920 
0.000419 0.000123 0.000206 0.001057 
0.000402 0.000102 0.000156 0.000871 
0.000403 0.000106 0.000192 0.000884 
0.000467 0.000151 0.000169 0.001071 
0.000426 0.000124 0.000162 0.000933 
0.000425 0.000110 0.000227 0.000861 
0.000419 0.000125 0.000200 0.000908 
0.000449 0.000141 0.000216 0.000997 
0.000505 0.000172 0.000202 0.001154 
0.000409 0.000132 0.000167 0.000970 
0.000414 0.000132 0.000169 0.000963 
0.000434 0.000142 0.000210 0.001030 
0.000425 0.000142 0.000175 0.001012 
0.000410 0.000106 0.000228 0.000869 
0.000398 0.000106 0.000187 0.000835 
0.000432 0.000139 0.000203 0.000995 
0.000477 0.000144 0.000215 0.001014 
0.000337 0.000086 0.000152 0.000733 
0.000383 0.000142 0.000149 0.000966 
0.000421 0.000146 0.000195 0.001037 
0.000401 0.000144 0.000118 0.001014 
0.000383 0.000136 0.000146 0.000914 
0.000386 0.000140 0.000152 0.001020 
0.000409 0.000119 0.000182 0.000897 
0.000417 0.000143 0.000176 0.001005 
0.000389 0.000092 0.000179 0.000746 
0.000407 0.000136 0.000167 0.000932 
0.000383 0.000132 0.000168 0.000935 
0.000395 0.000122 0.000165 0.000966 
0.000392 0.000126 0.000166 0.000940 
0.000463 0.000166 0.000193 0.001086 
0.000463 0.000150 0.000193 0.000965 
0.000455 0.000148 0.000216 0.001081 
0.000397 0.000132 0.000104 0.001003 
0.000449 0.000144 0.000204 0.001021 
0.000492 0.000183 0.000191 0.001206 
0.000505 0.000171 0.000211 0.001331 
0.000457 0.000156 0.000189 0.001068 
0.000490 0.000189 0.000190 0.001295 
0.000455 0.000128 0.000208 0.000850 
0.000451 0.000152 0.000199 0.001004 
0.000443 0.000117 0.000218 0.001045 
0.000504 0.000140 0.000230 0.000998 
0.000477 0.000162 0.000200 0.001092 
0.000510 0.000162 0.000192 0.001094 
0.000529 0.000160 0.000238 0.001055 
0.000460 0.000133 0.000206 0.000992 
0.000436 0.000113 0.000193 0.000829 
0.000483 0.000149 0.000205 0.000970 
0.000499 0.000162 0.000171 0.001060 
0.000409 0.000115 0.000161 0.000823 
0.000497 0.000165 0.000194 0.001138 
0.000463 0.000142 0.000200 0.001039 
0.000523 0.000152 0.000253 0.001031 
0.000440 0.000125 0.000176 0.000872 
0.000427 0.000097 0.000212 0.000817 
0.000446 0.000111 0.000201 0.000862 
0.000451 0.000134 0.000150 0.001052 
0.000428 0.000089 0.000230 0.000736 
0.000430 0.000101 0.000199 0.000841 
0.000439 0.000124 0.000182 0.000948 
0.000455 0.000118 0.000205 0.000988 
0.000436 0.000128 0.000191 0.000959 
0.000428 0.000118 0.000193 0.000955 
0.000436 0.000120 0.000140 0.001010 
0.000427 0.000114 0.000191 0.000987 
0.000433 0.000130 0.000164 0.000990 
0.000428 0.000111 0.000203 0.000829 
0.000413 0.000107 0.000182 0.000828 
0.000409 0.000118 0.000175 0.000832 
0.000374 0.000087 0.000180 0.000713 
0.000389 0.000096 0.000191 0.000772 
0.000407 0.000115 0.000183 0.000853 
0.000404 0.000108 0.000176 0.000828 
0.000422 0.000119 0.000193 0.000911 
0.000376 0.000095 0.000193 0.000759 
0.000386 0.000106 0.000154 0.000823 
0.000375 0.000090 0.000186 0.000754 
0.000423 0.000147 0.000175 0.000981 
0.000424 0.000111 0.000189 0.000829 
0.000404 0.000105 0.000190 0.000803 
0.000440 0.000125 0.000190 0.000922 
0.000557 0.000179 0.000249 0.001186 
0.000584 0.000200 0.000222 0.001366 
0.000705 0.000213 0.000263 0.001467 
0.000566 0.000183 0.000244 0.001308 
0.000570 0.000197 0.000240 0.001294 
0.000723 0.000248 0.000228 0.001585 
0.000714 0.000231 0.000234 0.001480 
0.000639 0.000223 0.000242 0.001415 
0.000698 0.000241 0.000237 0.001567 
0.000617 0.000187 0.000239 0.001302 
0.000662 0.000212 0.000230 0.001346 
0.000560 0.000189 0.000178 0.001339 
0.000662 0.000221 0.000210 0.001513 
