0.000294 0.000086 0.000142 0.000779 
0.000308 0.000095 0.000146 0.000837 
0.000292 0.000084 0.000127 0.000732 
0.000282 0.000084 0.000126 0.000744 
0.000295 0.000093 0.000123 0.000898 
0.000282 0.000086 0.000130 0.000745 
0.000304 0.000087 0.000157 0.000770 
0.000294 0.000084 0.000153 0.000753 
0.000291 0.000093 0.000111 0.000773 
0.000285 0.000090 0.000137 0.000757 
0.000310 0.000087 0.000159 0.000825 
0.000305 0.000089 0.000158 0.000785 
0.000281 0.000085 0.000124 0.000744 
0.000224 0.000096 0.000081 0.000898 
0.000254 0.000094 0.000103 0.000903 
0.000257 0.000093 0.000110 0.000769 
0.000247 0.000086 0.000110 0.000796 
0.000246 0.000094 0.000097 0.000739 
0.000240 0.000093 0.000098 0.000789 
0.000244 0.000097 0.000082 0.000864 
0.000221 0.000095 0.000077 0.000745 
0.000231 0.000092 0.000087 0.000741 
0.000237 0.000089 0.000099 0.000706 
0.000237 0.000088 0.000099 0.000845 
0.000245 0.000090 0.000097 0.000692 
0.000249 0.000090 0.000104 0.000795 
0.000265 0.000087 0.000094 0.000680 
0.000247 0.000093 0.000049 0.000932 
0.000257 0.000086 0.000098 0.000668 
0.000234 0.000084 0.000077 0.000659 
0.000236 0.000085 0.000093 0.000694 
0.000230 0.000088 0.000093 0.000698 
0.000252 0.000084 0.000102 0.000700 
0.000271 0.000087 0.000102 0.000745 
0.000248 0.000092 0.000058 0.000967 
0.000243 0.000090 0.000071 0.000753 
0.000261 0.000091 0.000078 0.000770 
0.000316 0.000090 0.000146 0.000789 
0.000307 0.000091 0.000135 0.000809 
0.000316 0.000088 0.000155 0.000809 
0.000306 0.000085 0.000129 0.000759 
0.000311 0.000088 0.000136 0.000791 
0.000297 0.000084 0.000138 0.000717 
0.000307 0.000086 0.000129 0.000805 
0.000304 0.000083 0.000166 0.000908 
0.000305 0.000086 0.000131 0.000794 
0.000315 0.000084 0.000165 0.000750 
0.000310 0.000085 0.000146 0.000771 
0.000302 0.000085 0.000154 0.000750 
0.000335 0.000111 0.000142 0.001000 
0.000359 0.000106 0.000156 0.001048 
0.000324 0.000104 0.000144 0.000882 
0.000351 0.000106 0.000160 0.001069 
0.000318 0.000107 0.000118 0.000932 
0.000322 0.000119 0.000106 0.000997 
0.000319 0.000109 0.000130 0.000921 
0.000332 0.000112 0.000150 0.001016 
0.000332 0.000100 0.000120 0.000989 
0.000352 0.000102 0.000146 0.000890 
0.000324 0.000109 0.000148 0.001175 
0.000258 0.000072 0.000120 0.000645 
0.000261 0.000071 0.000129 0.000683 
0.000268 0.000074 0.000128 0.000703 
0.000271 0.000075 0.000094 0.000821 
0.000257 0.000067 0.000131 0.000683 
0.000259 0.000070 0.000114 0.000775 
0.000261 0.000072 0.000115 0.000827 
0.000259 0.000075 0.000129 0.000670 
0.000235 0.000074 0.000112 0.000695 
0.000261 0.000069 0.000101 0.000806 
0.000278 0.000103 0.000102 0.000949 
0.000267 0.000093 0.000095 0.000753 
0.000268 0.000104 0.000078 0.001014 
0.000271 0.000101 0.000084 0.001000 
0.000253 0.000101 0.000044 0.000894 
0.000252 0.000100 0.000066 0.000832 
0.000280 0.000096 0.000106 0.000811 
0.000276 0.000102 0.000096 0.000835 
0.000268 0.000098 0.000087 0.000738 
0.000274 0.000107 0.000079 0.000852 
0.000274 0.000102 0.000075 0.000732 
0.000288 0.000099 0.000107 0.000755 
0.000273 0.000093 0.000083 0.000819 
0.000272 0.000101 0.000091 0.000919 
0.000272 0.000099 0.000101 0.000780 
0.000257 0.000103 0.000063 0.000924 
0.000256 0.000094 0.000048 0.000771 
0.000251 0.000090 0.000068 0.000812 
0.000256 0.000083 0.000071 0.000808 
0.000261 0.000084 0.000098 0.000771 
0.000261 0.000084 0.000065 0.000687 
0.000237 0.000084 0.000080 0.000682 
0.000264 0.000083 0.000095 0.000700 
0.000255 0.000088 0.000098 0.000697 
0.000254 0.000086 0.000080 0.000763 
0.000256 0.000089 0.000062 0.000731 
0.000265 0.000085 0.000112 0.000735 
0.000253 0.000081 0.000068 0.000635 
0.000237 0.000084 0.000077 0.000669 
0.000259 0.000082 0.000098 0.000763 
0.000326 0.000092 0.000101 0.000904 
0.000328 0.000094 0.000129 0.000890 
0.000329 0.000090 0.000123 0.000899 
0.000350 0.000096 0.000131 0.000997 
0.000355 0.000098 0.000098 0.000939 
0.000320 0.000089 0.000100 0.000820 
0.000320 0.000106 0.000087 0.000931 
0.000342 0.000091 0.000125 0.000913 
0.000337 0.000087 0.000122 0.000874 
0.000323 0.000103 0.000099 0.001002 
0.000336 0.000087 0.000135 0.000844 
0.000322 0.000089 0.000130 0.000784 
0.000326 0.000088 0.000093 0.000894 
0.000343 0.000090 0.000131 0.000964 
0.000299 0.000112 0.000075 0.000902 
0.000285 0.000099 0.000090 0.000755 
0.000288 0.000099 0.000084 0.000763 
0.000296 0.000099 0.000114 0.000706 
0.000297 0.000101 0.000088 0.000850 
0.000291 0.000109 0.000099 0.000827 
0.000307 0.000107 0.000098 0.000754 
0.000306 0.000103 0.000084 0.000801 
0.000311 0.000112 0.000047 0.000851 
0.000288 0.000101 0.000097 0.000702 
0.000308 0.000100 0.000103 0.000740 
0.000299 0.000116 0.000068 0.000951 
0.000306 0.000101 0.000058 0.000778 
0.000335 0.000097 0.000150 0.000846 
0.000321 0.000095 0.000173 0.000755 
0.000322 0.000104 0.000140 0.000840 
0.000319 0.000105 0.000151 0.000798 
0.000328 0.000100 0.000150 0.000715 
0.000317 0.000114 0.000123 0.000825 
0.000307 0.000108 0.000120 0.000779 
0.000314 0.000100 0.000130 0.000786 
0.000329 0.000113 0.000118 0.000897 
0.000334 0.000104 0.000159 0.000867 
0.000315 0.000101 0.000146 0.000784 
0.000333 0.000103 0.000158 0.000805 
0.000378 0.000112 0.000167 0.001008 
0.000382 0.000116 0.000166 0.001047 
0.000366 0.000122 0.000121 0.001007 
0.000378 0.000111 0.000137 0.001026 
0.000380 0.000118 0.000154 0.000961 
0.000342 0.000121 0.000084 0.001036 
0.000360 0.000116 0.000121 0.001082 
0.000384 0.000127 0.000140 0.000975 
0.000337 0.000122 0.000102 0.000987 
0.000342 0.000110 0.000126 0.000980 
0.000360 0.000117 0.000136 0.000989 
0.000383 0.000116 0.000175 0.000991 
0.000367 0.000116 0.000112 0.000981 
0.000281 0.000078 0.000131 0.000641 
0.000279 0.000077 0.000128 0.000706 
0.000268 0.000077 0.000117 0.000595 
0.000264 0.000079 0.000110 0.000736 
0.000251 0.000072 0.000121 0.000666 
0.000283 0.000078 0.000132 0.000585 
0.000283 0.000078 0.000139 0.000769 
0.000269 0.000084 0.000094 0.000725 
0.000263 0.000076 0.000118 0.000757 
0.000277 0.000075 0.000128 0.000622 
0.000290 0.000078 0.000134 0.000626 
0.000258 0.000077 0.000109 0.000628 
0.000258 0.000091 0.000066 0.000832 
0.000269 0.000089 0.000076 0.000702 
0.000265 0.000088 0.000067 0.000821 
0.000255 0.000080 0.000078 0.000607 
0.000255 0.000082 0.000063 0.000759 
0.000257 0.000084 0.000098 0.000795 
0.000257 0.000085 0.000085 0.000722 
0.000269 0.000074 0.000121 0.000642 
0.000246 0.000075 0.000086 0.000662 
0.000261 0.000098 0.000049 0.000809 
0.000253 0.000086 0.000062 0.000705 
0.000258 0.000088 0.000084 0.000676 
0.000257 0.000087 0.000086 0.000754 
0.000258 0.000080 0.000085 0.000610 
0.000280 0.000085 0.000107 0.000806 
0.000293 0.000099 0.000085 0.000878 
0.000298 0.000104 0.000081 0.000701 
0.000320 0.000105 0.000098 0.000820 
0.000318 0.000097 0.000117 0.000787 
0.000304 0.000099 0.000081 0.000956 
0.000311 0.000104 0.000102 0.000850 
0.000318 0.000111 0.000093 0.000717 
0.000304 0.000097 0.000112 0.000827 
0.000304 0.000116 0.000078 0.000728 
0.000318 0.000107 0.000089 0.000776 
0.000308 0.000115 0.000083 0.000718 
0.000292 0.000107 0.000039 0.000762 
0.000299 0.000109 0.000082 0.000740 
