0.000907 0.000133 0.000688 0.001281 
0.000902 0.000126 0.000725 0.001317 
0.000888 0.000154 0.000687 0.001328 
0.000923 0.000146 0.000661 0.001317 
0.000898 0.000151 0.000669 0.001358 
0.000884 0.000171 0.000612 0.001336 
0.000929 0.000153 0.000686 0.001316 
0.000943 0.000141 0.000747 0.001369 
0.000898 0.000156 0.000660 0.001328 
0.000932 0.000147 0.000714 0.001382 
0.000896 0.000137 0.000685 0.001294 
0.000916 0.000164 0.000656 0.001377 
0.000890 0.000158 0.000647 0.001358 
0.000959 0.000256 0.000630 0.001505 
0.001083 0.000249 0.000790 0.001797 
0.001000 0.000223 0.000741 0.001526 
0.000964 0.000253 0.000617 0.001711 
0.001105 0.000227 0.000764 0.001689 
0.001061 0.000229 0.000740 0.001708 
0.001133 0.000207 0.000838 0.001651 
0.001088 0.000225 0.000784 0.001849 
0.001006 0.000244 0.000676 0.001563 
0.001019 0.000266 0.000663 0.001735 
0.000993 0.000218 0.000706 0.001481 
0.001110 0.000226 0.000759 0.001584 
0.000968 0.000227 0.000681 0.001574 
0.001054 0.000163 0.000818 0.001602 
0.000966 0.000131 0.000723 0.001580 
0.001056 0.000172 0.000495 0.001595 
0.000962 0.000151 0.000480 0.001530 
0.001015 0.000164 0.000505 0.001595 
0.000994 0.000150 0.000489 0.001488 
0.001011 0.000145 0.000489 0.001583 
0.001077 0.000141 0.000849 0.001608 
0.001071 0.000185 0.000491 0.001626 
0.000985 0.000142 0.000737 0.001560 
0.001011 0.000133 0.000544 0.001607 
0.001139 0.000284 0.000739 0.001823 
0.001165 0.000261 0.000829 0.001754 
0.001235 0.000259 0.000928 0.001857 
0.001170 0.000287 0.000798 0.001782 
0.001208 0.000303 0.000779 0.002012 
0.001236 0.000218 0.000879 0.001828 
0.001110 0.000291 0.000699 0.001725 
0.001142 0.000248 0.000831 0.001708 
0.001082 0.000234 0.000790 0.001678 
0.001138 0.000284 0.000796 0.001819 
0.001109 0.000253 0.000784 0.001757 
0.001128 0.000306 0.000750 0.001883 
0.001152 0.000404 0.000700 0.002171 
0.001149 0.000403 0.000652 0.001919 
0.001107 0.000361 0.000683 0.001891 
0.001155 0.000365 0.000669 0.001967 
0.001117 0.000346 0.000673 0.001824 
0.001125 0.000362 0.000698 0.002048 
0.001188 0.000403 0.000662 0.002062 
0.001161 0.000374 0.000690 0.001900 
0.001177 0.000389 0.000713 0.002104 
0.001129 0.000399 0.000681 0.001971 
0.001139 0.000361 0.000700 0.001850 
0.000879 0.000100 0.000740 0.001227 
0.000794 0.000105 0.000595 0.001119 
0.000885 0.000110 0.000575 0.001199 
0.000868 0.000100 0.000685 0.001294 
0.000786 0.000136 0.000568 0.001155 
0.000859 0.000099 0.000703 0.001288 
0.000836 0.000125 0.000623 0.001329 
0.000822 0.000108 0.000630 0.001173 
0.000751 0.000135 0.000554 0.001168 
0.000831 0.000119 0.000674 0.001241 
0.000930 0.000154 0.000696 0.001520 
0.000826 0.000150 0.000573 0.001399 
0.000927 0.000129 0.000731 0.001456 
0.000935 0.000140 0.000686 0.001433 
0.000960 0.000142 0.000673 0.001383 
0.000894 0.000138 0.000676 0.001543 
0.000933 0.000145 0.000704 0.001565 
0.000903 0.000157 0.000672 0.001519 
0.000921 0.000136 0.000633 0.001436 
0.000960 0.000157 0.000725 0.001516 
0.000933 0.000143 0.000684 0.001363 
0.000948 0.000149 0.000694 0.001598 
0.000904 0.000166 0.000603 0.001378 
0.000880 0.000148 0.000675 0.001488 
0.000890 0.000131 0.000637 0.001434 
0.000910 0.000129 0.000718 0.001421 
0.000979 0.000090 0.000754 0.001202 
0.000848 0.000094 0.000693 0.001119 
0.000998 0.000109 0.000834 0.001335 
0.000928 0.000090 0.000789 0.001219 
0.000964 0.000117 0.000761 0.001322 
0.000905 0.000115 0.000739 0.001304 
0.001045 0.000103 0.000905 0.001370 
0.000980 0.000121 0.000743 0.001377 
0.000919 0.000077 0.000762 0.001241 
0.001003 0.000126 0.000825 0.001454 
0.000962 0.000098 0.000804 0.001273 
0.000988 0.000088 0.000834 0.001255 
0.000908 0.000126 0.000700 0.001332 
0.000917 0.000097 0.000726 0.001150 
0.001375 0.000411 0.000923 0.002386 
0.001421 0.000424 0.000927 0.002480 
0.001309 0.000433 0.000867 0.002300 
0.001483 0.000441 0.000973 0.002484 
0.001379 0.000424 0.000897 0.002621 
0.001383 0.000446 0.000862 0.002504 
0.001375 0.000404 0.000892 0.002608 
0.001333 0.000409 0.000899 0.002524 
0.001350 0.000447 0.000875 0.002431 
0.001392 0.000386 0.000896 0.002609 
0.001426 0.000427 0.000937 0.002375 
0.001375 0.000427 0.000884 0.002284 
0.001457 0.000407 0.000924 0.002407 
0.001365 0.000432 0.000897 0.002356 
0.000845 0.000234 0.000420 0.001613 
0.000976 0.000164 0.000684 0.001676 
0.001104 0.000182 0.000807 0.001648 
0.001100 0.000188 0.000819 0.001792 
0.001052 0.000148 0.000773 0.001756 
0.000993 0.000222 0.000701 0.001687 
0.001120 0.000227 0.000824 0.001943 
0.001051 0.000216 0.000682 0.001691 
0.001089 0.000118 0.000841 0.001593 
0.001117 0.000180 0.000884 0.001580 
0.001100 0.000205 0.000752 0.001685 
0.001060 0.000210 0.000710 0.001572 
0.001129 0.000180 0.000910 0.001757 
0.001004 0.000174 0.000750 0.001496 
0.000963 0.000130 0.000709 0.001277 
0.000977 0.000094 0.000761 0.001184 
0.000968 0.000202 0.000687 0.001472 
0.000996 0.000147 0.000742 0.001468 
0.000959 0.000115 0.000768 0.001290 
0.000997 0.000168 0.000723 0.001418 
0.001074 0.000117 0.000888 0.001443 
0.000993 0.000182 0.000662 0.001432 
0.001020 0.000144 0.000764 0.001342 
0.001025 0.000185 0.000730 0.001484 
0.000955 0.000120 0.000691 0.001284 
0.001262 0.000447 0.000757 0.002712 
0.001153 0.000435 0.000692 0.002525 
0.001245 0.000483 0.000724 0.002650 
0.001206 0.000415 0.000761 0.002619 
0.001256 0.000465 0.000748 0.002618 
0.001208 0.000456 0.000708 0.002549 
0.001240 0.000461 0.000736 0.002571 
0.001279 0.000488 0.000712 0.002669 
0.001237 0.000475 0.000682 0.002583 
0.001230 0.000458 0.000686 0.002681 
0.001124 0.000446 0.000626 0.002668 
0.001249 0.000482 0.000699 0.002465 
0.001289 0.000415 0.000801 0.002566 
0.000835 0.000100 0.000620 0.001043 
0.000890 0.000123 0.000630 0.001149 
0.000968 0.000125 0.000708 0.001354 
0.001044 0.000150 0.000785 0.001403 
0.000907 0.000111 0.000655 0.001104 
0.000844 0.000101 0.000614 0.001196 
0.000913 0.000104 0.000700 0.001223 
0.000801 0.000125 0.000517 0.001039 
0.000919 0.000150 0.000621 0.001329 
0.000803 0.000109 0.000537 0.001049 
0.000874 0.000160 0.000508 0.001258 
0.000860 0.000153 0.000520 0.001123 
0.000963 0.000160 0.000719 0.001253 
0.000874 0.000119 0.000688 0.001368 
0.000825 0.000149 0.000554 0.001453 
0.000878 0.000134 0.000617 0.001410 
0.000823 0.000110 0.000644 0.001363 
0.000818 0.000138 0.000500 0.001322 
0.000837 0.000122 0.000612 0.001196 
0.000855 0.000092 0.000688 0.001127 
0.000852 0.000120 0.000598 0.001281 
0.000893 0.000105 0.000725 0.001391 
0.000883 0.000165 0.000581 0.001424 
0.000846 0.000148 0.000524 0.001441 
0.000860 0.000100 0.000661 0.001296 
0.000781 0.000144 0.000536 0.001330 
0.000856 0.000091 0.000676 0.001347 
0.001196 0.000252 0.000888 0.001897 
0.001182 0.000206 0.000907 0.001811 
0.001157 0.000204 0.000869 0.001824 
0.001188 0.000234 0.000929 0.001924 
0.001180 0.000239 0.000894 0.001906 
0.001190 0.000240 0.000893 0.001802 
0.001228 0.000236 0.000964 0.002101 
0.001214 0.000235 0.000925 0.001843 
0.001243 0.000229 0.000918 0.001929 
0.001124 0.000220 0.000854 0.001790 
0.001144 0.000220 0.000878 0.001912 
0.001215 0.000238 0.000891 0.001857 
0.001209 0.000250 0.000847 0.001891 
