0.000547 0.000043 0.000474 0.001102 
0.000533 0.000048 0.000465 0.001064 
0.000550 0.000048 0.000482 0.001058 
0.000556 0.000041 0.000483 0.001036 
0.000549 0.000052 0.000447 0.001189 
0.000551 0.000041 0.000465 0.001070 
0.000553 0.000045 0.000492 0.001066 
0.000560 0.000043 0.000477 0.001015 
0.000520 0.000053 0.000443 0.001057 
0.000561 0.000054 0.000479 0.001209 
0.000549 0.000045 0.000489 0.001072 
0.000548 0.000049 0.000476 0.001066 
0.000556 0.000045 0.000491 0.001074 
0.000516 0.000048 0.000453 0.001157 
0.000527 0.000056 0.000463 0.001141 
0.000508 0.000058 0.000436 0.001197 
0.000524 0.000058 0.000450 0.001322 
0.000541 0.000058 0.000461 0.001203 
0.000511 0.000051 0.000437 0.001102 
0.000521 0.000064 0.000444 0.001273 
0.000512 0.000052 0.000447 0.001204 
0.000509 0.000045 0.000440 0.001100 
0.000513 0.000054 0.000439 0.001243 
0.000501 0.000062 0.000421 0.001257 
0.000514 0.000051 0.000445 0.001175 
0.000530 0.000056 0.000471 0.001259 
0.000537 0.000053 0.000457 0.001041 
0.000502 0.000070 0.000403 0.001330 
0.000529 0.000065 0.000427 0.001112 
0.000512 0.000049 0.000435 0.001179 
0.000534 0.000045 0.000460 0.001104 
0.000525 0.000050 0.000444 0.001139 
0.000516 0.000049 0.000437 0.001176 
0.000529 0.000046 0.000444 0.000978 
0.000541 0.000057 0.000454 0.001259 
0.000518 0.000055 0.000433 0.001160 
0.000538 0.000059 0.000441 0.001199 
0.000549 0.000048 0.000444 0.000939 
0.000540 0.000053 0.000448 0.001095 
0.000544 0.000046 0.000470 0.000943 
0.000529 0.000050 0.000437 0.000953 
0.000543 0.000050 0.000462 0.001115 
0.000519 0.000052 0.000435 0.001050 
0.000539 0.000050 0.000442 0.001070 
0.000542 0.000049 0.000459 0.001022 
0.000545 0.000064 0.000456 0.001208 
0.000560 0.000040 0.000496 0.000909 
0.000534 0.000044 0.000448 0.000961 
0.000576 0.000037 0.000504 0.000907 
0.000627 0.000163 0.000469 0.002199 
0.000610 0.000153 0.000462 0.001847 
0.000607 0.000165 0.000432 0.002114 
0.000645 0.000177 0.000482 0.001843 
0.000609 0.000146 0.000460 0.001999 
0.000600 0.000159 0.000442 0.002112 
0.000611 0.000128 0.000478 0.001728 
0.000608 0.000154 0.000467 0.002011 
0.000626 0.000181 0.000452 0.002119 
0.000621 0.000176 0.000450 0.002003 
0.000611 0.000180 0.000443 0.002228 
0.000511 0.000043 0.000447 0.001033 
0.000506 0.000052 0.000440 0.001141 
0.000516 0.000042 0.000447 0.001056 
0.000513 0.000048 0.000437 0.001114 
0.000498 0.000048 0.000428 0.001091 
0.000504 0.000046 0.000431 0.001067 
0.000515 0.000048 0.000449 0.001205 
0.000505 0.000054 0.000424 0.001208 
0.000498 0.000064 0.000378 0.001211 
0.000504 0.000049 0.000431 0.001124 
0.000561 0.000055 0.000472 0.001142 
0.000536 0.000063 0.000449 0.001335 
0.000554 0.000049 0.000497 0.001186 
0.000534 0.000061 0.000419 0.001099 
0.000558 0.000052 0.000481 0.001207 
0.000565 0.000047 0.000486 0.001111 
0.000565 0.000053 0.000466 0.001121 
0.000563 0.000054 0.000481 0.001192 
0.000554 0.000052 0.000479 0.001117 
0.000569 0.000059 0.000474 0.001237 
0.000560 0.000068 0.000461 0.001148 
0.000568 0.000056 0.000493 0.001275 
0.000558 0.000052 0.000486 0.001155 
0.000531 0.000057 0.000430 0.001104 
0.000560 0.000062 0.000443 0.001192 
0.000521 0.000058 0.000429 0.001154 
0.000543 0.000060 0.000436 0.001157 
0.000518 0.000059 0.000428 0.001210 
0.000539 0.000069 0.000453 0.001409 
0.000527 0.000060 0.000443 0.001266 
0.000530 0.000057 0.000447 0.001211 
0.000531 0.000064 0.000440 0.001404 
0.000526 0.000054 0.000446 0.001143 
0.000523 0.000064 0.000444 0.001403 
0.000536 0.000063 0.000442 0.001363 
0.000531 0.000072 0.000439 0.001398 
0.000523 0.000061 0.000439 0.001271 
0.000544 0.000054 0.000448 0.001195 
0.000535 0.000051 0.000467 0.001193 
0.000524 0.000059 0.000441 0.001309 
0.000569 0.000105 0.000471 0.002130 
0.000559 0.000130 0.000450 0.002082 
0.000617 0.000114 0.000500 0.001874 
0.000562 0.000104 0.000453 0.001823 
0.000576 0.000119 0.000458 0.001770 
0.000576 0.000118 0.000473 0.001855 
0.000584 0.000105 0.000479 0.001795 
0.000550 0.000137 0.000436 0.002140 
0.000584 0.000118 0.000484 0.002007 
0.000553 0.000124 0.000442 0.001941 
0.000578 0.000110 0.000457 0.001687 
0.000545 0.000113 0.000445 0.001744 
0.000580 0.000096 0.000478 0.001729 
0.000571 0.000124 0.000473 0.001935 
0.000546 0.000064 0.000424 0.001345 
0.000547 0.000065 0.000426 0.001414 
0.000554 0.000065 0.000455 0.001402 
0.000556 0.000060 0.000446 0.001236 
0.000553 0.000066 0.000453 0.001484 
0.000552 0.000051 0.000466 0.001207 
0.000566 0.000060 0.000477 0.001338 
0.000565 0.000062 0.000455 0.001277 
0.000551 0.000068 0.000448 0.001422 
0.000553 0.000058 0.000453 0.001323 
0.000536 0.000059 0.000428 0.001415 
0.000546 0.000064 0.000455 0.001287 
0.000540 0.000065 0.000406 0.001207 
0.000560 0.000076 0.000436 0.001462 
0.000539 0.000087 0.000401 0.001499 
0.000555 0.000074 0.000463 0.001474 
0.000557 0.000072 0.000430 0.001242 
0.000568 0.000075 0.000464 0.001416 
0.000552 0.000085 0.000433 0.001500 
0.000559 0.000079 0.000432 0.001640 
0.000573 0.000079 0.000443 0.001449 
0.000552 0.000077 0.000456 0.001490 
0.000552 0.000079 0.000455 0.001417 
0.000562 0.000074 0.000463 0.001424 
0.000537 0.000077 0.000425 0.001459 
0.000623 0.000195 0.000452 0.002402 
0.000598 0.000195 0.000440 0.002394 
0.000615 0.000209 0.000448 0.002312 
0.000621 0.000191 0.000471 0.002060 
0.000587 0.000175 0.000434 0.002347 
0.000591 0.000164 0.000394 0.002049 
0.000611 0.000189 0.000451 0.002285 
0.000620 0.000192 0.000441 0.002088 
0.000571 0.000160 0.000422 0.002312 
0.000612 0.000198 0.000449 0.002233 
0.000610 0.000178 0.000422 0.002135 
0.000613 0.000197 0.000452 0.002203 
0.000587 0.000174 0.000393 0.002199 
0.000560 0.000072 0.000471 0.001507 
0.000557 0.000062 0.000460 0.001330 
0.000561 0.000074 0.000460 0.001534 
0.000592 0.000062 0.000501 0.001375 
0.000559 0.000061 0.000446 0.001280 
0.000557 0.000068 0.000459 0.001348 
0.000553 0.000064 0.000475 0.001319 
0.000552 0.000072 0.000465 0.001493 
0.000546 0.000069 0.000460 0.001324 
0.000556 0.000072 0.000483 0.001403 
0.000557 0.000064 0.000463 0.001241 
0.000546 0.000077 0.000462 0.001504 
0.000546 0.000066 0.000463 0.001365 
0.000555 0.000073 0.000454 0.001349 
0.000546 0.000086 0.000441 0.001506 
0.000547 0.000063 0.000443 0.001233 
0.000559 0.000088 0.000443 0.001374 
0.000546 0.000062 0.000460 0.001184 
0.000551 0.000059 0.000483 0.001212 
0.000545 0.000069 0.000467 0.001289 
0.000538 0.000083 0.000449 0.001474 
0.000547 0.000064 0.000462 0.001208 
0.000560 0.000060 0.000471 0.001300 
0.000542 0.000078 0.000453 0.001546 
0.000544 0.000075 0.000451 0.001243 
0.000553 0.000067 0.000453 0.001256 
0.000547 0.000081 0.000427 0.001331 
0.000630 0.000105 0.000524 0.001636 
0.000552 0.000105 0.000441 0.001784 
0.000592 0.000116 0.000472 0.001891 
0.000596 0.000102 0.000481 0.001737 
0.000589 0.000105 0.000482 0.001757 
0.000568 0.000113 0.000453 0.001764 
0.000678 0.000145 0.000526 0.001937 
0.000581 0.000106 0.000471 0.001700 
0.000623 0.000118 0.000493 0.001812 
0.000598 0.000114 0.000476 0.001782 
0.000617 0.000122 0.000490 0.001879 
0.000560 0.000095 0.000455 0.001686 
0.000581 0.000108 0.000473 0.001844 
