0.000589 0.000094 0.000000 0.000990 
0.000606 0.000129 0.000000 0.001123 
0.000639 0.000141 0.000000 0.001153 
0.000584 0.000121 0.000000 0.001132 
0.000568 0.000105 0.000000 0.001055 
0.000568 0.000099 0.000000 0.000943 
0.000631 0.000130 0.000000 0.001240 
0.000629 0.000139 0.000000 0.001191 
0.000638 0.000144 0.000000 0.001275 
0.000565 0.000124 0.000000 0.001087 
0.000594 0.000117 0.000000 0.001069 
0.000585 0.000139 0.000000 0.001143 
0.000594 0.000103 0.000000 0.001057 
0.000530 0.000102 0.000000 0.001029 
0.000523 0.000089 0.000000 0.000871 
0.000583 0.000118 0.000000 0.001079 
0.000604 0.000134 0.000000 0.001150 
0.000558 0.000118 0.000000 0.001025 
0.000534 0.000080 0.000000 0.000917 
0.000529 0.000086 0.000000 0.000863 
0.000511 0.000079 0.000000 0.000834 
0.000544 0.000098 0.000000 0.001042 
0.000573 0.000124 0.000000 0.001110 
0.000547 0.000086 0.000000 0.000907 
0.000561 0.000111 0.000000 0.000997 
0.000538 0.000085 0.000000 0.000951 
0.000586 0.000134 0.000000 0.001105 
0.000611 0.000127 0.000000 0.001146 
0.000583 0.000121 0.000000 0.000982 
0.000605 0.000128 0.000000 0.001093 
0.000567 0.000098 0.000000 0.000882 
0.000583 0.000117 0.000000 0.000981 
0.000591 0.000117 0.000000 0.001039 
0.000574 0.000120 0.000000 0.001045 
0.000552 0.000105 0.000000 0.000859 
0.000581 0.000110 0.000000 0.001007 
0.000589 0.000132 0.000000 0.001170 
0.000591 0.000126 0.000000 0.001137 
0.000584 0.000105 0.000000 0.000991 
0.000577 0.000086 0.000000 0.000995 
0.000609 0.000105 0.000000 0.000989 
0.000585 0.000077 0.000000 0.000975 
0.000562 0.000089 0.000000 0.000984 
0.000579 0.000118 0.000000 0.001006 
0.000601 0.000092 0.000000 0.001033 
0.000594 0.000100 0.000000 0.000954 
0.000625 0.000117 0.000000 0.001144 
0.000585 0.000092 0.000000 0.001026 
0.000605 0.000112 0.000000 0.001063 
0.000590 0.000144 0.000000 0.001192 
0.000616 0.000122 0.000000 0.001190 
0.000596 0.000138 0.000000 0.001144 
0.000656 0.000157 0.000000 0.001284 
0.000664 0.000133 0.000000 0.001207 
0.000652 0.000127 0.000000 0.001168 
0.000628 0.000141 0.000000 0.001218 
0.000604 0.000116 0.000000 0.001078 
0.000618 0.000116 0.000000 0.001084 
0.000616 0.000111 0.000000 0.001104 
0.000633 0.000139 0.000000 0.001209 
0.000598 0.000120 0.000000 0.001107 
0.000586 0.000111 0.000000 0.001035 
0.000593 0.000129 0.000000 0.001147 
0.000568 0.000108 0.000000 0.000976 
0.000595 0.000121 0.000000 0.001080 
0.000582 0.000118 0.000000 0.001085 
0.000571 0.000094 0.000000 0.000951 
0.000517 0.000085 0.000000 0.000866 
0.000573 0.000111 0.000000 0.001052 
0.000569 0.000114 0.000000 0.001062 
0.000593 0.000113 0.000000 0.001102 
0.000631 0.000119 0.000000 0.001133 
0.000561 0.000087 0.000000 0.000895 
0.000592 0.000110 0.000000 0.001044 
0.000556 0.000107 0.000000 0.000987 
0.000564 0.000084 0.000000 0.001007 
0.000599 0.000109 0.000000 0.001055 
0.000586 0.000114 0.000000 0.001040 
0.000588 0.000092 0.000000 0.000953 
0.000566 0.000097 0.000000 0.001016 
0.000568 0.000104 0.000000 0.000994 
0.000595 0.000116 0.000000 0.001094 
0.000568 0.000085 0.000000 0.000866 
0.000570 0.000102 0.000000 0.001014 
0.000630 0.000120 0.000000 0.001110 
0.000595 0.000099 0.000000 0.000979 
0.000815 0.000270 0.000000 0.001774 
0.000584 0.000104 0.000000 0.000907 
0.000601 0.000099 0.000000 0.000976 
0.000585 0.000116 0.000000 0.000979 
0.000562 0.000091 0.000000 0.000889 
0.000643 0.000123 0.000000 0.001053 
0.000628 0.000131 0.000000 0.001113 
0.000609 0.000119 0.000000 0.001028 
0.000586 0.000112 0.000000 0.000973 
0.000622 0.000139 0.000000 0.001107 
0.000562 0.000101 0.000000 0.000902 
0.000607 0.000110 0.000000 0.001022 
0.000534 0.000077 0.000000 0.000765 
0.000581 0.000097 0.000000 0.000973 
0.000525 0.000089 0.000000 0.000958 
0.000562 0.000111 0.000000 0.001036 
0.000579 0.000118 0.000000 0.001035 
0.000547 0.000107 0.000000 0.000968 
0.000542 0.000080 0.000000 0.000883 
0.000572 0.000118 0.000000 0.001054 
0.000565 0.000103 0.000000 0.001029 
0.000556 0.000109 0.000000 0.001003 
0.000528 0.000104 0.000000 0.000954 
0.000532 0.000076 0.000000 0.000858 
0.000550 0.000094 0.000000 0.000890 
0.000535 0.000109 0.000000 0.000982 
0.000587 0.000117 0.000000 0.001003 
0.000591 0.000107 0.000000 0.001002 
0.000569 0.000116 0.000000 0.000982 
0.000702 0.000188 0.000000 0.001503 
0.000546 0.000117 0.000000 0.001048 
0.000554 0.000127 0.000000 0.000915 
0.000559 0.000111 0.000000 0.000871 
0.000568 0.000121 0.000000 0.000995 
0.000558 0.000122 0.000000 0.001195 
0.000561 0.000103 0.000000 0.001017 
0.000611 0.000147 0.000000 0.001102 
0.000627 0.000135 0.000000 0.001260 
0.000568 0.000122 0.000000 0.001077 
0.000605 0.000155 0.000000 0.001287 
0.000550 0.000100 0.000000 0.000872 
0.000578 0.000133 0.000000 0.001149 
0.000632 0.000160 0.000000 0.001209 
0.000520 0.000114 0.000000 0.000927 
0.000582 0.000146 0.000000 0.001116 
0.000578 0.000146 0.000000 0.001090 
0.000536 0.000140 0.000000 0.001111 
0.000515 0.000121 0.000000 0.000964 
0.000575 0.000154 0.000000 0.001109 
0.000529 0.000114 0.000000 0.000980 
0.000551 0.000114 0.000000 0.000964 
0.000532 0.000112 0.000000 0.000961 
0.000586 0.000129 0.000000 0.001038 
0.000555 0.000091 0.000000 0.000976 
0.000568 0.000113 0.000000 0.001096 
0.000563 0.000104 0.000000 0.000979 
0.000561 0.000117 0.000000 0.001083 
0.000562 0.000113 0.000000 0.001089 
0.000560 0.000093 0.000000 0.000922 
0.000536 0.000111 0.000000 0.000967 
0.000552 0.000094 0.000000 0.000966 
0.000551 0.000102 0.000000 0.000958 
0.000566 0.000116 0.000000 0.001000 
0.000565 0.000105 0.000000 0.001030 
0.000584 0.000095 0.000000 0.001022 
0.000572 0.000093 0.000000 0.000928 
0.000604 0.000111 0.000000 0.001105 
0.000606 0.000114 0.000000 0.001091 
0.000606 0.000127 0.000000 0.001183 
0.000645 0.000147 0.000000 0.001212 
0.000609 0.000135 0.000000 0.001162 
0.000586 0.000114 0.000000 0.001100 
0.000642 0.000144 0.000000 0.001216 
0.000614 0.000136 0.000000 0.001231 
0.000587 0.000125 0.000000 0.001099 
0.000662 0.000131 0.000000 0.001175 
0.000602 0.000126 0.000000 0.001143 
0.000676 0.000146 0.000000 0.001247 
0.000578 0.000126 0.000000 0.001078 
0.000585 0.000125 0.000000 0.001074 
0.000579 0.000105 0.000000 0.001049 
0.000577 0.000121 0.000000 0.001146 
0.000598 0.000124 0.000000 0.001117 
0.000580 0.000116 0.000000 0.001135 
0.000561 0.000111 0.000000 0.001028 
0.000553 0.000111 0.000000 0.001044 
0.000570 0.000107 0.000000 0.001103 
0.000531 0.000087 0.000000 0.000866 
0.000564 0.000105 0.000000 0.001073 
0.000658 0.000159 0.000000 0.001370 
0.000552 0.000084 0.000000 0.000979 
0.000599 0.000132 0.000000 0.001188 
0.000557 0.000109 0.000000 0.001041 
0.000613 0.000136 0.000000 0.001163 
0.000637 0.000154 0.000000 0.001203 
0.000601 0.000157 0.000000 0.001215 
0.000629 0.000158 0.000000 0.001204 
0.000658 0.000156 0.000000 0.001172 
0.000601 0.000155 0.000000 0.001161 
0.000606 0.000151 0.000000 0.001164 
0.000661 0.000175 0.000000 0.001316 
0.000685 0.000180 0.000000 0.001302 
0.000573 0.000114 0.000000 0.001048 
0.000622 0.000167 0.000000 0.001231 
0.000678 0.000169 0.000000 0.001248 
0.000662 0.000179 0.000000 0.001336 
