0.000640 0.000080 0.000500 0.001339 
0.000629 0.000087 0.000506 0.001200 
0.000634 0.000092 0.000512 0.001198 
0.000638 0.000081 0.000522 0.001268 
0.000631 0.000089 0.000519 0.001298 
0.000636 0.000086 0.000509 0.001285 
0.000641 0.000096 0.000523 0.001228 
0.000648 0.000088 0.000527 0.001348 
0.000598 0.000082 0.000477 0.001177 
0.000633 0.000083 0.000511 0.001309 
0.000638 0.000085 0.000512 0.001323 
0.000635 0.000084 0.000513 0.001301 
0.000640 0.000092 0.000521 0.001309 
0.000610 0.000105 0.000482 0.001441 
0.000626 0.000100 0.000502 0.001286 
0.000611 0.000103 0.000489 0.001333 
0.000623 0.000105 0.000497 0.001352 
0.000618 0.000098 0.000499 0.001435 
0.000606 0.000100 0.000490 0.001259 
0.000602 0.000089 0.000472 0.001251 
0.000617 0.000107 0.000481 0.001338 
0.000612 0.000109 0.000470 0.001420 
0.000608 0.000108 0.000481 0.001320 
0.000599 0.000104 0.000484 0.001280 
0.000629 0.000108 0.000497 0.001229 
0.000624 0.000100 0.000509 0.001365 
0.000673 0.000146 0.000508 0.001631 
0.000634 0.000139 0.000480 0.001560 
0.000672 0.000159 0.000501 0.001685 
0.000631 0.000139 0.000474 0.001711 
0.000634 0.000123 0.000497 0.001598 
0.000644 0.000152 0.000483 0.001710 
0.000647 0.000157 0.000494 0.001865 
0.000656 0.000148 0.000488 0.001711 
0.000634 0.000142 0.000485 0.001724 
0.000651 0.000145 0.000486 0.001550 
0.000666 0.000149 0.000522 0.001630 
0.000605 0.000045 0.000519 0.000855 
0.000607 0.000043 0.000510 0.000913 
0.000607 0.000043 0.000524 0.000890 
0.000594 0.000045 0.000511 0.000911 
0.000602 0.000044 0.000526 0.000880 
0.000589 0.000051 0.000496 0.000930 
0.000586 0.000044 0.000503 0.000904 
0.000605 0.000043 0.000522 0.000913 
0.000601 0.000045 0.000515 0.000839 
0.000617 0.000044 0.000536 0.001001 
0.000591 0.000039 0.000511 0.000826 
0.000619 0.000042 0.000554 0.000908 
0.000718 0.000161 0.000546 0.001697 
0.000735 0.000205 0.000530 0.001952 
0.000717 0.000190 0.000497 0.001877 
0.000751 0.000200 0.000556 0.001773 
0.000750 0.000218 0.000531 0.002051 
0.000698 0.000159 0.000529 0.001656 
0.000775 0.000234 0.000561 0.002128 
0.000746 0.000209 0.000544 0.001920 
0.000716 0.000172 0.000536 0.001786 
0.000718 0.000188 0.000536 0.001832 
0.000712 0.000171 0.000519 0.001702 
0.000590 0.000076 0.000491 0.001177 
0.000577 0.000072 0.000484 0.001168 
0.000587 0.000072 0.000507 0.001200 
0.000584 0.000064 0.000481 0.001102 
0.000578 0.000071 0.000491 0.001097 
0.000574 0.000060 0.000488 0.001035 
0.000577 0.000063 0.000498 0.001061 
0.000574 0.000064 0.000494 0.001096 
0.000569 0.000074 0.000460 0.001141 
0.000583 0.000071 0.000480 0.001134 
0.000667 0.000126 0.000543 0.001462 
0.000637 0.000147 0.000493 0.001704 
0.000645 0.000124 0.000524 0.001463 
0.000641 0.000123 0.000497 0.001437 
0.000666 0.000120 0.000540 0.001555 
0.000648 0.000113 0.000531 0.001611 
0.000667 0.000142 0.000509 0.001497 
0.000669 0.000124 0.000536 0.001539 
0.000675 0.000141 0.000539 0.001502 
0.000668 0.000125 0.000541 0.001433 
0.000670 0.000132 0.000545 0.001654 
0.000658 0.000132 0.000536 0.001550 
0.000657 0.000153 0.000512 0.001754 
0.000678 0.000138 0.000516 0.001627 
0.000676 0.000155 0.000525 0.001619 
0.000633 0.000150 0.000467 0.001487 
0.000615 0.000079 0.000533 0.001434 
0.000603 0.000076 0.000509 0.001342 
0.000602 0.000064 0.000515 0.001116 
0.000616 0.000075 0.000510 0.001247 
0.000605 0.000057 0.000508 0.000958 
0.000609 0.000062 0.000498 0.001207 
0.000603 0.000066 0.000516 0.001091 
0.000608 0.000069 0.000517 0.001290 
0.000610 0.000057 0.000519 0.001075 
0.000605 0.000076 0.000513 0.001150 
0.000600 0.000063 0.000513 0.001121 
0.000616 0.000059 0.000525 0.001103 
0.000610 0.000065 0.000527 0.001272 
0.000614 0.000077 0.000516 0.001407 
0.000667 0.000119 0.000548 0.001401 
0.000655 0.000136 0.000534 0.001485 
0.000674 0.000124 0.000558 0.001351 
0.000674 0.000126 0.000537 0.001489 
0.000665 0.000118 0.000533 0.001379 
0.000663 0.000128 0.000541 0.001415 
0.000676 0.000133 0.000551 0.001420 
0.000644 0.000126 0.000518 0.001433 
0.000661 0.000117 0.000550 0.001294 
0.000636 0.000117 0.000518 0.001406 
0.000658 0.000121 0.000538 0.001494 
0.000650 0.000137 0.000536 0.001639 
0.000686 0.000154 0.000549 0.001602 
0.000670 0.000143 0.000533 0.001488 
0.000613 0.000081 0.000462 0.001160 
0.000629 0.000098 0.000492 0.001306 
0.000657 0.000105 0.000505 0.001358 
0.000649 0.000100 0.000522 0.001352 
0.000643 0.000095 0.000493 0.001292 
0.000649 0.000111 0.000516 0.001447 
0.000669 0.000108 0.000525 0.001425 
0.000645 0.000092 0.000512 0.001374 
0.000638 0.000099 0.000515 0.001392 
0.000636 0.000090 0.000512 0.001254 
0.000636 0.000098 0.000491 0.001415 
0.000642 0.000103 0.000504 0.001382 
0.000631 0.000104 0.000460 0.001330 
0.000724 0.000159 0.000544 0.001774 
0.000726 0.000178 0.000526 0.001898 
0.000733 0.000182 0.000557 0.001946 
0.000733 0.000182 0.000549 0.001920 
0.000747 0.000169 0.000570 0.001883 
0.000727 0.000172 0.000541 0.001731 
0.000728 0.000145 0.000542 0.001845 
0.000738 0.000174 0.000531 0.001851 
0.000725 0.000161 0.000540 0.002017 
0.000726 0.000155 0.000537 0.001760 
0.000708 0.000152 0.000552 0.001751 
0.000694 0.000146 0.000516 0.001691 
0.000719 0.000192 0.000523 0.001804 
0.000719 0.000199 0.000524 0.001833 
0.000730 0.000210 0.000509 0.001889 
0.000740 0.000210 0.000524 0.001888 
0.000706 0.000187 0.000505 0.001798 
0.000705 0.000183 0.000506 0.001797 
0.000740 0.000211 0.000511 0.001915 
0.000718 0.000188 0.000524 0.001862 
0.000702 0.000190 0.000488 0.001959 
0.000726 0.000225 0.000521 0.001983 
0.000709 0.000191 0.000513 0.001805 
0.000740 0.000218 0.000503 0.001964 
0.000734 0.000224 0.000449 0.001886 
0.000666 0.000108 0.000525 0.001414 
0.000666 0.000098 0.000545 0.001311 
0.000655 0.000093 0.000523 0.001361 
0.000675 0.000096 0.000565 0.001395 
0.000661 0.000117 0.000509 0.001475 
0.000664 0.000098 0.000529 0.001387 
0.000661 0.000103 0.000522 0.001461 
0.000659 0.000106 0.000524 0.001359 
0.000649 0.000098 0.000510 0.001335 
0.000668 0.000119 0.000527 0.001497 
0.000667 0.000111 0.000528 0.001412 
0.000665 0.000122 0.000535 0.001573 
0.000649 0.000091 0.000509 0.001308 
0.000649 0.000137 0.000517 0.001683 
0.000640 0.000148 0.000494 0.001528 
0.000625 0.000142 0.000467 0.001550 
0.000638 0.000130 0.000506 0.001533 
0.000636 0.000139 0.000482 0.001568 
0.000636 0.000123 0.000519 0.001599 
0.000645 0.000144 0.000513 0.001561 
0.000622 0.000140 0.000452 0.001666 
0.000632 0.000121 0.000503 0.001445 
0.000646 0.000139 0.000509 0.001798 
0.000646 0.000153 0.000479 0.001556 
0.000622 0.000128 0.000499 0.001590 
0.000648 0.000162 0.000484 0.001779 
0.000637 0.000148 0.000486 0.001575 
0.000762 0.000176 0.000575 0.001774 
0.000749 0.000203 0.000531 0.001845 
0.000744 0.000163 0.000546 0.001654 
0.000743 0.000176 0.000550 0.001799 
0.000737 0.000167 0.000546 0.001670 
0.000778 0.000222 0.000516 0.001955 
0.000797 0.000167 0.000595 0.001600 
0.000735 0.000174 0.000535 0.001794 
0.000754 0.000182 0.000550 0.001771 
0.000731 0.000168 0.000552 0.001737 
0.000736 0.000166 0.000539 0.001604 
0.000743 0.000195 0.000527 0.001795 
0.000739 0.000174 0.000538 0.001649 
