0.000617 0.000060 0.000504 0.001169 
0.000624 0.000075 0.000491 0.001385 
0.000629 0.000063 0.000504 0.001233 
0.000629 0.000063 0.000509 0.001253 
0.000618 0.000064 0.000493 0.001195 
0.000624 0.000064 0.000499 0.001290 
0.000621 0.000054 0.000512 0.001141 
0.000621 0.000057 0.000519 0.001144 
0.000606 0.000065 0.000491 0.001203 
0.000621 0.000072 0.000501 0.001255 
0.000630 0.000065 0.000531 0.001223 
0.000623 0.000073 0.000509 0.001304 
0.000616 0.000064 0.000512 0.001242 
0.000562 0.000063 0.000470 0.001140 
0.000579 0.000059 0.000476 0.001094 
0.000577 0.000066 0.000481 0.001143 
0.000583 0.000059 0.000485 0.001125 
0.000585 0.000051 0.000505 0.001055 
0.000569 0.000063 0.000485 0.001168 
0.000577 0.000064 0.000480 0.001281 
0.000555 0.000060 0.000463 0.001151 
0.000567 0.000065 0.000477 0.001149 
0.000565 0.000066 0.000475 0.001109 
0.000558 0.000071 0.000477 0.001268 
0.000573 0.000050 0.000497 0.001080 
0.000579 0.000069 0.000490 0.001197 
0.000604 0.000081 0.000508 0.001233 
0.000568 0.000075 0.000474 0.001128 
0.000588 0.000071 0.000489 0.001193 
0.000587 0.000100 0.000476 0.001548 
0.000595 0.000079 0.000499 0.001214 
0.000586 0.000094 0.000463 0.001376 
0.000584 0.000073 0.000489 0.001150 
0.000590 0.000081 0.000502 0.001248 
0.000608 0.000081 0.000524 0.001364 
0.000579 0.000089 0.000479 0.001317 
0.000597 0.000077 0.000474 0.001217 
0.000623 0.000085 0.000511 0.001219 
0.000618 0.000080 0.000493 0.001266 
0.000622 0.000089 0.000512 0.001329 
0.000620 0.000099 0.000475 0.001274 
0.000626 0.000098 0.000485 0.001308 
0.000597 0.000083 0.000471 0.001253 
0.000610 0.000089 0.000489 0.001263 
0.000614 0.000091 0.000472 0.001283 
0.000621 0.000095 0.000498 0.001290 
0.000627 0.000079 0.000517 0.001218 
0.000618 0.000101 0.000487 0.001436 
0.000632 0.000077 0.000526 0.001284 
0.000711 0.000183 0.000530 0.001915 
0.000680 0.000183 0.000515 0.001778 
0.000699 0.000191 0.000517 0.001911 
0.000711 0.000181 0.000513 0.001745 
0.000693 0.000186 0.000526 0.001901 
0.000689 0.000176 0.000518 0.001983 
0.000681 0.000189 0.000521 0.001838 
0.000700 0.000179 0.000510 0.001884 
0.000691 0.000182 0.000502 0.002122 
0.000703 0.000184 0.000511 0.001867 
0.000687 0.000196 0.000494 0.001884 
0.000593 0.000115 0.000447 0.001570 
0.000601 0.000132 0.000442 0.001550 
0.000610 0.000122 0.000453 0.001419 
0.000597 0.000111 0.000463 0.001359 
0.000592 0.000126 0.000432 0.001558 
0.000592 0.000119 0.000444 0.001422 
0.000601 0.000121 0.000451 0.001596 
0.000601 0.000132 0.000437 0.001521 
0.000587 0.000130 0.000425 0.001638 
0.000594 0.000124 0.000444 0.001631 
0.000627 0.000086 0.000534 0.001215 
0.000590 0.000080 0.000478 0.001099 
0.000618 0.000089 0.000511 0.001233 
0.000612 0.000098 0.000491 0.001173 
0.000616 0.000086 0.000520 0.001128 
0.000618 0.000088 0.000520 0.001251 
0.000635 0.000096 0.000517 0.001170 
0.000624 0.000087 0.000521 0.001148 
0.000612 0.000089 0.000502 0.001149 
0.000614 0.000072 0.000511 0.001118 
0.000617 0.000095 0.000487 0.001108 
0.000627 0.000083 0.000531 0.001163 
0.000617 0.000088 0.000518 0.001138 
0.000614 0.000088 0.000489 0.001171 
0.000610 0.000075 0.000515 0.001117 
0.000603 0.000095 0.000482 0.001250 
0.000618 0.000095 0.000523 0.001379 
0.000602 0.000116 0.000492 0.001504 
0.000603 0.000110 0.000499 0.001356 
0.000619 0.000109 0.000493 0.001472 
0.000599 0.000095 0.000497 0.001303 
0.000608 0.000104 0.000496 0.001374 
0.000605 0.000103 0.000495 0.001309 
0.000622 0.000113 0.000506 0.001464 
0.000617 0.000098 0.000502 0.001343 
0.000625 0.000128 0.000463 0.001599 
0.000611 0.000103 0.000494 0.001427 
0.000619 0.000102 0.000499 0.001305 
0.000608 0.000100 0.000503 0.001353 
0.000615 0.000117 0.000475 0.001414 
0.000723 0.000228 0.000506 0.001936 
0.000718 0.000233 0.000488 0.001978 
0.000705 0.000195 0.000544 0.001905 
0.000699 0.000213 0.000531 0.002119 
0.000714 0.000226 0.000512 0.002147 
0.000722 0.000220 0.000514 0.001927 
0.000689 0.000206 0.000514 0.002188 
0.000701 0.000239 0.000483 0.002109 
0.000714 0.000223 0.000527 0.001983 
0.000708 0.000236 0.000469 0.002043 
0.000715 0.000218 0.000525 0.001916 
0.000704 0.000226 0.000487 0.002015 
0.000709 0.000213 0.000523 0.001894 
0.000735 0.000233 0.000516 0.002032 
0.000666 0.000108 0.000539 0.001377 
0.000649 0.000107 0.000535 0.001372 
0.000673 0.000122 0.000547 0.001470 
0.000669 0.000109 0.000543 0.001395 
0.000672 0.000107 0.000557 0.001382 
0.000665 0.000106 0.000539 0.001448 
0.000672 0.000095 0.000526 0.001363 
0.000669 0.000114 0.000550 0.001449 
0.000668 0.000122 0.000536 0.001408 
0.000671 0.000127 0.000541 0.001467 
0.000670 0.000114 0.000547 0.001390 
0.000661 0.000102 0.000525 0.001528 
0.000671 0.000117 0.000532 0.001499 
0.000657 0.000082 0.000529 0.001163 
0.000633 0.000088 0.000486 0.001251 
0.000644 0.000106 0.000501 0.001215 
0.000654 0.000082 0.000537 0.001158 
0.000656 0.000092 0.000524 0.001270 
0.000649 0.000099 0.000502 0.001258 
0.000659 0.000099 0.000519 0.001203 
0.000636 0.000077 0.000524 0.001192 
0.000656 0.000098 0.000518 0.001320 
0.000664 0.000090 0.000533 0.001239 
0.000649 0.000094 0.000522 0.001221 
0.000657 0.000094 0.000523 0.001215 
0.000701 0.000175 0.000488 0.001541 
0.000672 0.000175 0.000476 0.001577 
0.000677 0.000181 0.000463 0.001732 
0.000668 0.000180 0.000473 0.001643 
0.000661 0.000166 0.000467 0.001587 
0.000645 0.000141 0.000483 0.001584 
0.000637 0.000149 0.000473 0.001520 
0.000671 0.000167 0.000492 0.001683 
0.000625 0.000155 0.000448 0.001556 
0.000652 0.000181 0.000472 0.001790 
0.000673 0.000157 0.000513 0.001576 
0.000661 0.000184 0.000475 0.001973 
0.000644 0.000133 0.000499 0.001363 
0.000630 0.000117 0.000501 0.001384 
0.000631 0.000111 0.000498 0.001404 
0.000621 0.000118 0.000490 0.001525 
0.000624 0.000111 0.000510 0.001483 
0.000623 0.000110 0.000499 0.001381 
0.000623 0.000120 0.000490 0.001446 
0.000623 0.000110 0.000503 0.001317 
0.000615 0.000106 0.000500 0.001348 
0.000616 0.000112 0.000484 0.001346 
0.000624 0.000129 0.000491 0.001423 
0.000627 0.000106 0.000511 0.001331 
0.000621 0.000126 0.000478 0.001522 
0.000617 0.000122 0.000501 0.001409 
0.000589 0.000092 0.000489 0.001324 
0.000581 0.000102 0.000452 0.001268 
0.000574 0.000096 0.000454 0.001288 
0.000583 0.000093 0.000462 0.001239 
0.000587 0.000102 0.000465 0.001280 
0.000582 0.000088 0.000465 0.001201 
0.000576 0.000094 0.000468 0.001156 
0.000575 0.000099 0.000452 0.001267 
0.000581 0.000096 0.000480 0.001212 
0.000593 0.000096 0.000484 0.001245 
0.000591 0.000104 0.000470 0.001371 
0.000570 0.000096 0.000457 0.001191 
0.000580 0.000096 0.000460 0.001210 
0.000590 0.000109 0.000458 0.001392 
0.000652 0.000124 0.000540 0.001466 
0.000633 0.000136 0.000480 0.001402 
0.000672 0.000131 0.000531 0.001497 
0.000651 0.000125 0.000521 0.001524 
0.000672 0.000142 0.000535 0.001506 
0.000646 0.000145 0.000489 0.001771 
0.000681 0.000150 0.000559 0.001778 
0.000635 0.000143 0.000517 0.001519 
0.000659 0.000133 0.000528 0.001489 
0.000640 0.000130 0.000519 0.001559 
0.000668 0.000133 0.000527 0.001491 
0.000630 0.000131 0.000500 0.001343 
0.000634 0.000142 0.000483 0.001537 
