0.000595 0.000055 0.000500 0.000961 
0.000583 0.000056 0.000489 0.000934 
0.000574 0.000060 0.000461 0.000978 
0.000575 0.000058 0.000478 0.001038 
0.000586 0.000053 0.000487 0.000882 
0.000575 0.000059 0.000455 0.000957 
0.000593 0.000056 0.000496 0.000907 
0.000593 0.000052 0.000494 0.000971 
0.000579 0.000048 0.000503 0.000854 
0.000574 0.000063 0.000470 0.000999 
0.000583 0.000056 0.000485 0.001028 
0.000578 0.000055 0.000481 0.000911 
0.000583 0.000053 0.000475 0.000883 
0.000552 0.000066 0.000455 0.000984 
0.000563 0.000076 0.000452 0.001001 
0.000571 0.000067 0.000482 0.001028 
0.000580 0.000079 0.000485 0.001058 
0.000570 0.000068 0.000470 0.001035 
0.000562 0.000075 0.000466 0.001053 
0.000565 0.000055 0.000489 0.000978 
0.000546 0.000065 0.000456 0.000960 
0.000564 0.000074 0.000469 0.001041 
0.000560 0.000066 0.000465 0.001049 
0.000556 0.000063 0.000459 0.001031 
0.000563 0.000059 0.000460 0.000946 
0.000563 0.000072 0.000463 0.001055 
0.000597 0.000066 0.000509 0.001108 
0.000563 0.000060 0.000484 0.000970 
0.000587 0.000062 0.000493 0.001076 
0.000580 0.000067 0.000477 0.001245 
0.000589 0.000059 0.000488 0.001170 
0.000581 0.000071 0.000467 0.001260 
0.000582 0.000060 0.000485 0.001134 
0.000588 0.000060 0.000496 0.000984 
0.000586 0.000054 0.000465 0.001013 
0.000576 0.000060 0.000476 0.000977 
0.000583 0.000070 0.000481 0.001177 
0.000591 0.000056 0.000505 0.001048 
0.000602 0.000054 0.000526 0.001051 
0.000597 0.000061 0.000509 0.001144 
0.000592 0.000065 0.000514 0.001095 
0.000592 0.000056 0.000516 0.001125 
0.000586 0.000069 0.000506 0.001265 
0.000593 0.000053 0.000485 0.001087 
0.000592 0.000061 0.000509 0.001185 
0.000591 0.000059 0.000518 0.001122 
0.000606 0.000065 0.000517 0.001198 
0.000590 0.000058 0.000501 0.001084 
0.000606 0.000064 0.000524 0.001188 
0.000616 0.000126 0.000487 0.001537 
0.000635 0.000126 0.000493 0.001490 
0.000619 0.000114 0.000495 0.001459 
0.000628 0.000115 0.000494 0.001457 
0.000648 0.000114 0.000511 0.001572 
0.000637 0.000107 0.000516 0.001519 
0.000630 0.000128 0.000469 0.001536 
0.000634 0.000125 0.000486 0.001511 
0.000614 0.000099 0.000508 0.001423 
0.000643 0.000104 0.000535 0.001442 
0.000621 0.000112 0.000503 0.001514 
0.000610 0.000131 0.000484 0.001661 
0.000608 0.000137 0.000470 0.001623 
0.000617 0.000126 0.000483 0.001477 
0.000604 0.000117 0.000478 0.001488 
0.000589 0.000128 0.000452 0.001591 
0.000602 0.000133 0.000454 0.001512 
0.000605 0.000126 0.000468 0.001544 
0.000591 0.000134 0.000462 0.001446 
0.000595 0.000128 0.000452 0.001629 
0.000595 0.000141 0.000458 0.001721 
0.000607 0.000077 0.000492 0.001148 
0.000597 0.000070 0.000507 0.001063 
0.000599 0.000084 0.000507 0.001193 
0.000592 0.000080 0.000485 0.001119 
0.000586 0.000081 0.000473 0.001106 
0.000599 0.000085 0.000487 0.001214 
0.000600 0.000081 0.000487 0.001110 
0.000596 0.000068 0.000513 0.001183 
0.000587 0.000085 0.000476 0.001142 
0.000594 0.000069 0.000496 0.001068 
0.000575 0.000073 0.000474 0.001041 
0.000605 0.000082 0.000502 0.001135 
0.000592 0.000080 0.000496 0.001116 
0.000604 0.000075 0.000505 0.001109 
0.000602 0.000070 0.000506 0.001080 
0.000587 0.000080 0.000491 0.001160 
0.000635 0.000103 0.000480 0.001359 
0.000608 0.000093 0.000497 0.001385 
0.000625 0.000083 0.000515 0.001312 
0.000609 0.000088 0.000483 0.001327 
0.000611 0.000078 0.000511 0.001218 
0.000609 0.000084 0.000501 0.001362 
0.000618 0.000101 0.000499 0.001327 
0.000615 0.000099 0.000504 0.001378 
0.000601 0.000087 0.000498 0.001351 
0.000606 0.000108 0.000471 0.001402 
0.000607 0.000089 0.000487 0.001292 
0.000614 0.000095 0.000485 0.001316 
0.000591 0.000095 0.000472 0.001335 
0.000597 0.000102 0.000488 0.001398 
0.000691 0.000204 0.000518 0.001984 
0.000687 0.000198 0.000518 0.002001 
0.000711 0.000204 0.000489 0.001989 
0.000675 0.000193 0.000463 0.002105 
0.000685 0.000210 0.000495 0.002160 
0.000690 0.000206 0.000486 0.001994 
0.000685 0.000210 0.000477 0.002170 
0.000673 0.000205 0.000505 0.002090 
0.000687 0.000211 0.000503 0.001951 
0.000679 0.000212 0.000509 0.002073 
0.000695 0.000198 0.000521 0.001946 
0.000674 0.000187 0.000516 0.002026 
0.000718 0.000205 0.000525 0.001981 
0.000702 0.000203 0.000543 0.002113 
0.000631 0.000096 0.000521 0.001298 
0.000589 0.000101 0.000452 0.001231 
0.000580 0.000124 0.000412 0.001354 
0.000579 0.000106 0.000442 0.001267 
0.000598 0.000098 0.000465 0.001249 
0.000585 0.000104 0.000437 0.001191 
0.000578 0.000090 0.000458 0.001192 
0.000583 0.000114 0.000445 0.001289 
0.000595 0.000103 0.000473 0.001281 
0.000587 0.000126 0.000429 0.001400 
0.000592 0.000102 0.000455 0.001267 
0.000578 0.000086 0.000452 0.001186 
0.000594 0.000100 0.000464 0.001288 
0.000658 0.000093 0.000485 0.001160 
0.000655 0.000089 0.000495 0.001119 
0.000651 0.000106 0.000461 0.001195 
0.000660 0.000095 0.000507 0.001167 
0.000645 0.000104 0.000471 0.001192 
0.000640 0.000104 0.000437 0.001183 
0.000621 0.000107 0.000434 0.001161 
0.000659 0.000088 0.000494 0.001201 
0.000646 0.000104 0.000462 0.001200 
0.000674 0.000088 0.000529 0.001177 
0.000655 0.000105 0.000479 0.001175 
0.000678 0.000095 0.000536 0.001194 
0.000689 0.000131 0.000507 0.001483 
0.000664 0.000135 0.000491 0.001499 
0.000653 0.000131 0.000491 0.001523 
0.000662 0.000132 0.000482 0.001588 
0.000665 0.000121 0.000464 0.001502 
0.000644 0.000110 0.000477 0.001515 
0.000656 0.000105 0.000506 0.001456 
0.000672 0.000129 0.000508 0.001619 
0.000629 0.000122 0.000465 0.001575 
0.000659 0.000133 0.000474 0.001571 
0.000673 0.000123 0.000501 0.001471 
0.000669 0.000126 0.000488 0.001521 
0.000659 0.000110 0.000517 0.001389 
0.000651 0.000110 0.000520 0.001318 
0.000647 0.000104 0.000527 0.001406 
0.000646 0.000127 0.000480 0.001450 
0.000642 0.000122 0.000510 0.001406 
0.000643 0.000120 0.000499 0.001377 
0.000641 0.000115 0.000510 0.001420 
0.000639 0.000102 0.000519 0.001288 
0.000640 0.000105 0.000530 0.001319 
0.000632 0.000100 0.000513 0.001267 
0.000636 0.000113 0.000473 0.001329 
0.000631 0.000102 0.000510 0.001294 
0.000632 0.000115 0.000505 0.001450 
0.000625 0.000113 0.000512 0.001366 
0.000612 0.000081 0.000498 0.001230 
0.000604 0.000080 0.000504 0.001105 
0.000587 0.000097 0.000437 0.001214 
0.000598 0.000078 0.000483 0.001192 
0.000593 0.000089 0.000471 0.001148 
0.000581 0.000086 0.000467 0.001135 
0.000575 0.000078 0.000446 0.001024 
0.000590 0.000076 0.000481 0.001091 
0.000599 0.000077 0.000474 0.001120 
0.000602 0.000089 0.000496 0.001236 
0.000589 0.000085 0.000470 0.001095 
0.000594 0.000085 0.000479 0.001176 
0.000584 0.000085 0.000455 0.001125 
0.000587 0.000081 0.000478 0.001066 
0.000633 0.000103 0.000514 0.001355 
0.000622 0.000105 0.000494 0.001239 
0.000624 0.000096 0.000500 0.001203 
0.000645 0.000107 0.000513 0.001280 
0.000649 0.000120 0.000511 0.001401 
0.000621 0.000102 0.000491 0.001238 
0.000645 0.000116 0.000493 0.001334 
0.000653 0.000119 0.000496 0.001404 
0.000629 0.000101 0.000509 0.001225 
0.000623 0.000097 0.000510 0.001230 
0.000649 0.000108 0.000510 0.001222 
0.000637 0.000107 0.000498 0.001270 
0.000623 0.000107 0.000492 0.001262 
