0.000525 0.000023 0.000465 0.000665 
0.000526 0.000024 0.000461 0.000705 
0.000519 0.000021 0.000467 0.000646 
0.000522 0.000025 0.000449 0.000670 
0.000512 0.000039 0.000422 0.000667 
0.000516 0.000023 0.000464 0.000658 
0.000530 0.000024 0.000476 0.000669 
0.000530 0.000022 0.000481 0.000691 
0.000513 0.000024 0.000457 0.000668 
0.000523 0.000026 0.000457 0.000717 
0.000523 0.000028 0.000413 0.000661 
0.000516 0.000047 0.000339 0.000783 
0.000529 0.000025 0.000447 0.000732 
0.000510 0.000025 0.000449 0.000640 
0.000509 0.000023 0.000432 0.000616 
0.000514 0.000025 0.000433 0.000611 
0.000521 0.000023 0.000464 0.000592 
0.000531 0.000026 0.000452 0.000609 
0.000502 0.000024 0.000433 0.000597 
0.000509 0.000032 0.000406 0.000636 
0.000509 0.000023 0.000439 0.000631 
0.000509 0.000024 0.000438 0.000617 
0.000513 0.000022 0.000451 0.000629 
0.000507 0.000022 0.000450 0.000585 
0.000517 0.000022 0.000461 0.000597 
0.000518 0.000019 0.000456 0.000583 
0.000517 0.000028 0.000444 0.000601 
0.000508 0.000036 0.000414 0.000596 
0.000500 0.000038 0.000415 0.000625 
0.000504 0.000023 0.000438 0.000585 
0.000513 0.000027 0.000448 0.000599 
0.000511 0.000023 0.000447 0.000588 
0.000506 0.000028 0.000431 0.000595 
0.000508 0.000024 0.000454 0.000597 
0.000508 0.000039 0.000389 0.000608 
0.000505 0.000033 0.000424 0.000604 
0.000507 0.000044 0.000419 0.000647 
0.000540 0.000038 0.000409 0.000739 
0.000543 0.000038 0.000442 0.000741 
0.000537 0.000030 0.000450 0.000718 
0.000542 0.000032 0.000446 0.000741 
0.000541 0.000032 0.000453 0.000762 
0.000532 0.000033 0.000436 0.000743 
0.000533 0.000039 0.000434 0.000774 
0.000546 0.000030 0.000458 0.000705 
0.000539 0.000034 0.000454 0.000771 
0.000551 0.000024 0.000482 0.000675 
0.000532 0.000034 0.000440 0.000768 
0.000557 0.000022 0.000498 0.000674 
0.000535 0.000033 0.000448 0.000741 
0.000542 0.000030 0.000468 0.000782 
0.000536 0.000036 0.000430 0.000729 
0.000550 0.000032 0.000459 0.000768 
0.000557 0.000032 0.000480 0.000791 
0.000558 0.000033 0.000468 0.000803 
0.000556 0.000030 0.000484 0.000889 
0.000544 0.000033 0.000422 0.000850 
0.000541 0.000033 0.000441 0.000790 
0.000545 0.000031 0.000459 0.000763 
0.000548 0.000035 0.000450 0.000824 
0.000508 0.000025 0.000434 0.000627 
0.000495 0.000026 0.000415 0.000591 
0.000506 0.000024 0.000436 0.000650 
0.000499 0.000024 0.000442 0.000672 
0.000483 0.000032 0.000389 0.000585 
0.000503 0.000025 0.000444 0.000625 
0.000493 0.000028 0.000405 0.000618 
0.000488 0.000022 0.000436 0.000596 
0.000482 0.000036 0.000399 0.000590 
0.000485 0.000024 0.000380 0.000608 
0.000533 0.000030 0.000460 0.000637 
0.000538 0.000032 0.000450 0.000735 
0.000546 0.000024 0.000490 0.000638 
0.000535 0.000038 0.000433 0.000678 
0.000533 0.000030 0.000461 0.000670 
0.000537 0.000028 0.000463 0.000647 
0.000550 0.000032 0.000462 0.000711 
0.000538 0.000027 0.000475 0.000662 
0.000531 0.000026 0.000476 0.000651 
0.000552 0.000032 0.000473 0.000684 
0.000524 0.000030 0.000448 0.000656 
0.000549 0.000025 0.000490 0.000651 
0.000539 0.000029 0.000472 0.000674 
0.000533 0.000032 0.000441 0.000674 
0.000541 0.000038 0.000456 0.000713 
0.000543 0.000031 0.000445 0.000653 
0.000538 0.000033 0.000433 0.000793 
0.000541 0.000029 0.000447 0.000731 
0.000535 0.000025 0.000470 0.000700 
0.000527 0.000029 0.000453 0.000721 
0.000529 0.000038 0.000420 0.000780 
0.000534 0.000032 0.000448 0.000694 
0.000529 0.000028 0.000468 0.000784 
0.000520 0.000032 0.000445 0.000703 
0.000524 0.000031 0.000436 0.000663 
0.000516 0.000034 0.000437 0.000761 
0.000517 0.000031 0.000430 0.000724 
0.000540 0.000030 0.000454 0.000724 
0.000523 0.000027 0.000444 0.000730 
0.000538 0.000022 0.000445 0.000672 
0.000529 0.000031 0.000457 0.000816 
0.000537 0.000033 0.000449 0.000730 
0.000544 0.000039 0.000450 0.000862 
0.000523 0.000073 0.000223 0.000785 
0.000531 0.000034 0.000444 0.000780 
0.000519 0.000028 0.000443 0.000778 
0.000533 0.000028 0.000447 0.000730 
0.000521 0.000037 0.000432 0.000787 
0.000518 0.000033 0.000441 0.000859 
0.000528 0.000035 0.000430 0.000845 
0.000537 0.000039 0.000441 0.000877 
0.000539 0.000036 0.000458 0.000790 
0.000545 0.000040 0.000465 0.000945 
0.000527 0.000029 0.000475 0.000784 
0.000543 0.000032 0.000449 0.000742 
0.000529 0.000037 0.000444 0.000814 
0.000520 0.000032 0.000447 0.000697 
0.000523 0.000030 0.000440 0.000719 
0.000526 0.000036 0.000431 0.000711 
0.000526 0.000032 0.000451 0.000748 
0.000517 0.000030 0.000448 0.000694 
0.000523 0.000031 0.000455 0.000704 
0.000521 0.000036 0.000434 0.000756 
0.000524 0.000028 0.000432 0.000708 
0.000526 0.000032 0.000437 0.000752 
0.000516 0.000044 0.000388 0.000708 
0.000522 0.000036 0.000440 0.000772 
0.000522 0.000041 0.000423 0.000909 
0.000529 0.000047 0.000406 0.000976 
0.000517 0.000041 0.000436 0.000923 
0.000538 0.000049 0.000413 0.000888 
0.000527 0.000041 0.000449 0.000956 
0.000513 0.000046 0.000426 0.000962 
0.000500 0.000044 0.000425 0.000834 
0.000522 0.000046 0.000433 0.000933 
0.000506 0.000038 0.000410 0.000806 
0.000529 0.000046 0.000416 0.000870 
0.000519 0.000040 0.000419 0.000929 
0.000537 0.000037 0.000426 0.000810 
0.000534 0.000034 0.000449 0.000830 
0.000523 0.000036 0.000425 0.000690 
0.000526 0.000033 0.000445 0.000775 
0.000529 0.000035 0.000454 0.000933 
0.000520 0.000042 0.000419 0.000778 
0.000526 0.000034 0.000418 0.000760 
0.000523 0.000047 0.000377 0.000818 
0.000527 0.000038 0.000425 0.000965 
0.000516 0.000032 0.000416 0.000721 
0.000530 0.000027 0.000462 0.000784 
0.000533 0.000036 0.000430 0.000914 
0.000532 0.000032 0.000454 0.000837 
0.000551 0.000041 0.000418 0.000811 
0.000539 0.000031 0.000457 0.000721 
0.000553 0.000032 0.000484 0.000755 
0.000536 0.000033 0.000436 0.000853 
0.000573 0.000030 0.000502 0.000798 
0.000539 0.000038 0.000456 0.000828 
0.000545 0.000036 0.000464 0.000781 
0.000542 0.000034 0.000472 0.000785 
0.000544 0.000035 0.000459 0.000810 
0.000529 0.000035 0.000448 0.000816 
0.000535 0.000039 0.000433 0.000702 
0.000532 0.000035 0.000433 0.000768 
0.000543 0.000033 0.000463 0.000824 
0.000526 0.000032 0.000444 0.000790 
0.000539 0.000025 0.000481 0.000775 
0.000547 0.000032 0.000463 0.000688 
0.000528 0.000030 0.000394 0.000718 
0.000546 0.000025 0.000473 0.000717 
0.000529 0.000022 0.000465 0.000703 
0.000540 0.000022 0.000481 0.000659 
0.000527 0.000029 0.000446 0.000744 
0.000521 0.000026 0.000436 0.000686 
0.000533 0.000022 0.000475 0.000685 
0.000541 0.000027 0.000464 0.000689 
0.000523 0.000025 0.000448 0.000665 
0.000537 0.000026 0.000476 0.000773 
0.000536 0.000027 0.000466 0.000742 
0.000524 0.000035 0.000440 0.000799 
0.000553 0.000030 0.000482 0.000856 
0.000536 0.000032 0.000459 0.000818 
0.000526 0.000029 0.000457 0.000729 
0.000540 0.000033 0.000447 0.000770 
0.000543 0.000025 0.000485 0.000736 
0.000522 0.000032 0.000462 0.000822 
0.000549 0.000030 0.000476 0.000796 
0.000535 0.000031 0.000464 0.000779 
0.000539 0.000032 0.000480 0.000817 
0.000533 0.000030 0.000460 0.000842 
0.000537 0.000035 0.000443 0.000840 
0.000547 0.000034 0.000474 0.000904 
0.000544 0.000028 0.000480 0.000822 
