0.000555 0.000050 0.000481 0.001088 
0.000543 0.000052 0.000463 0.001170 
0.000554 0.000052 0.000485 0.001138 
0.000556 0.000048 0.000480 0.001159 
0.000550 0.000045 0.000460 0.001003 
0.000560 0.000048 0.000493 0.001226 
0.000553 0.000047 0.000481 0.001082 
0.000562 0.000046 0.000494 0.001086 
0.000535 0.000050 0.000467 0.001067 
0.000558 0.000046 0.000478 0.001093 
0.000559 0.000052 0.000483 0.001155 
0.000552 0.000047 0.000484 0.001077 
0.000555 0.000043 0.000491 0.001039 
0.000511 0.000053 0.000424 0.001078 
0.000516 0.000054 0.000423 0.001078 
0.000504 0.000060 0.000408 0.001121 
0.000517 0.000048 0.000433 0.001117 
0.000534 0.000042 0.000453 0.001078 
0.000504 0.000049 0.000425 0.001113 
0.000520 0.000051 0.000430 0.001111 
0.000504 0.000057 0.000418 0.001163 
0.000498 0.000055 0.000411 0.001110 
0.000502 0.000055 0.000424 0.001096 
0.000496 0.000063 0.000410 0.001206 
0.000512 0.000048 0.000423 0.001047 
0.000514 0.000051 0.000434 0.001137 
0.000537 0.000050 0.000462 0.001132 
0.000493 0.000055 0.000414 0.001044 
0.000523 0.000053 0.000429 0.001088 
0.000511 0.000058 0.000412 0.001250 
0.000528 0.000051 0.000428 0.001000 
0.000512 0.000060 0.000411 0.001179 
0.000513 0.000052 0.000420 0.001007 
0.000525 0.000060 0.000419 0.001160 
0.000539 0.000053 0.000451 0.001161 
0.000517 0.000060 0.000432 0.001175 
0.000538 0.000048 0.000463 0.001001 
0.000551 0.000060 0.000473 0.001150 
0.000538 0.000062 0.000452 0.001195 
0.000552 0.000071 0.000466 0.001316 
0.000529 0.000064 0.000450 0.001184 
0.000539 0.000066 0.000461 0.001209 
0.000525 0.000060 0.000447 0.001199 
0.000536 0.000066 0.000451 0.001170 
0.000540 0.000063 0.000461 0.001169 
0.000538 0.000069 0.000451 0.001213 
0.000561 0.000056 0.000488 0.001092 
0.000534 0.000072 0.000457 0.001284 
0.000569 0.000054 0.000498 0.001230 
0.000605 0.000111 0.000487 0.001843 
0.000576 0.000096 0.000446 0.001563 
0.000585 0.000113 0.000446 0.001817 
0.000605 0.000107 0.000477 0.001630 
0.000587 0.000109 0.000446 0.001785 
0.000569 0.000104 0.000417 0.001814 
0.000588 0.000098 0.000460 0.001714 
0.000585 0.000110 0.000454 0.001870 
0.000581 0.000106 0.000441 0.001879 
0.000595 0.000121 0.000456 0.001760 
0.000568 0.000103 0.000431 0.001734 
0.000509 0.000036 0.000444 0.000888 
0.000498 0.000041 0.000431 0.000994 
0.000511 0.000041 0.000448 0.000922 
0.000513 0.000043 0.000444 0.001056 
0.000483 0.000043 0.000409 0.000917 
0.000505 0.000045 0.000436 0.001064 
0.000503 0.000038 0.000445 0.000945 
0.000504 0.000048 0.000435 0.001169 
0.000493 0.000048 0.000418 0.001160 
0.000503 0.000045 0.000435 0.001007 
0.000562 0.000048 0.000486 0.001106 
0.000516 0.000040 0.000444 0.000921 
0.000549 0.000046 0.000478 0.001026 
0.000538 0.000049 0.000469 0.001137 
0.000547 0.000044 0.000475 0.000952 
0.000555 0.000038 0.000478 0.001006 
0.000562 0.000046 0.000499 0.001073 
0.000554 0.000039 0.000485 0.000928 
0.000534 0.000040 0.000469 0.000880 
0.000553 0.000036 0.000492 0.000874 
0.000532 0.000047 0.000464 0.001056 
0.000562 0.000041 0.000485 0.001019 
0.000547 0.000039 0.000475 0.001022 
0.000534 0.000048 0.000461 0.000993 
0.000554 0.000041 0.000487 0.000915 
0.000508 0.000046 0.000442 0.001054 
0.000539 0.000050 0.000468 0.001187 
0.000513 0.000063 0.000432 0.001300 
0.000522 0.000057 0.000440 0.001220 
0.000528 0.000061 0.000445 0.001349 
0.000520 0.000057 0.000427 0.001206 
0.000525 0.000053 0.000446 0.001116 
0.000522 0.000060 0.000436 0.001228 
0.000520 0.000058 0.000442 0.001175 
0.000531 0.000046 0.000456 0.001059 
0.000533 0.000058 0.000440 0.001357 
0.000524 0.000059 0.000442 0.001243 
0.000539 0.000058 0.000457 0.001256 
0.000533 0.000054 0.000464 0.001291 
0.000513 0.000052 0.000437 0.001167 
0.000562 0.000120 0.000454 0.001823 
0.000554 0.000112 0.000432 0.001764 
0.000602 0.000109 0.000492 0.001581 
0.000558 0.000103 0.000452 0.001633 
0.000561 0.000100 0.000437 0.001690 
0.000566 0.000110 0.000468 0.001686 
0.000567 0.000091 0.000472 0.001668 
0.000547 0.000123 0.000402 0.001854 
0.000570 0.000102 0.000451 0.001602 
0.000542 0.000116 0.000424 0.001724 
0.000572 0.000109 0.000460 0.001784 
0.000547 0.000114 0.000429 0.001723 
0.000572 0.000108 0.000451 0.001755 
0.000565 0.000132 0.000441 0.001792 
0.000543 0.000057 0.000460 0.001141 
0.000526 0.000052 0.000447 0.001221 
0.000531 0.000060 0.000442 0.001210 
0.000534 0.000056 0.000449 0.001161 
0.000553 0.000054 0.000460 0.001283 
0.000534 0.000054 0.000459 0.001337 
0.000556 0.000052 0.000476 0.001121 
0.000549 0.000057 0.000464 0.001186 
0.000547 0.000062 0.000453 0.001238 
0.000547 0.000060 0.000461 0.001311 
0.000521 0.000063 0.000435 0.001342 
0.000534 0.000060 0.000444 0.001382 
0.000538 0.000058 0.000442 0.001389 
0.000549 0.000052 0.000450 0.001047 
0.000522 0.000058 0.000430 0.001132 
0.000538 0.000070 0.000436 0.001167 
0.000542 0.000056 0.000442 0.001037 
0.000552 0.000064 0.000444 0.001221 
0.000536 0.000065 0.000440 0.001135 
0.000550 0.000060 0.000456 0.001145 
0.000561 0.000055 0.000470 0.001033 
0.000532 0.000070 0.000405 0.001269 
0.000533 0.000064 0.000423 0.001164 
0.000543 0.000065 0.000451 0.001210 
0.000538 0.000060 0.000444 0.001118 
0.000570 0.000118 0.000442 0.001530 
0.000556 0.000130 0.000410 0.001494 
0.000556 0.000125 0.000417 0.001585 
0.000563 0.000125 0.000425 0.001620 
0.000544 0.000117 0.000417 0.001452 
0.000540 0.000086 0.000398 0.001317 
0.000549 0.000104 0.000415 0.001390 
0.000566 0.000122 0.000409 0.001596 
0.000536 0.000110 0.000408 0.001549 
0.000566 0.000130 0.000421 0.001678 
0.000578 0.000119 0.000439 0.001476 
0.000571 0.000140 0.000428 0.001836 
0.000557 0.000105 0.000416 0.001243 
0.000546 0.000052 0.000468 0.001191 
0.000544 0.000059 0.000462 0.001142 
0.000551 0.000049 0.000482 0.001241 
0.000576 0.000055 0.000476 0.001230 
0.000558 0.000050 0.000490 0.001216 
0.000544 0.000047 0.000462 0.001235 
0.000547 0.000053 0.000469 0.001207 
0.000542 0.000056 0.000452 0.001106 
0.000542 0.000059 0.000467 0.001378 
0.000545 0.000054 0.000460 0.001151 
0.000541 0.000060 0.000453 0.001352 
0.000535 0.000053 0.000440 0.001147 
0.000537 0.000055 0.000463 0.001194 
0.000529 0.000044 0.000412 0.000900 
0.000520 0.000043 0.000435 0.001031 
0.000522 0.000035 0.000446 0.000865 
0.000530 0.000039 0.000437 0.001050 
0.000527 0.000039 0.000452 0.001017 
0.000532 0.000037 0.000447 0.000992 
0.000521 0.000040 0.000435 0.000951 
0.000516 0.000041 0.000440 0.001075 
0.000520 0.000047 0.000415 0.000994 
0.000545 0.000034 0.000463 0.000872 
0.000524 0.000051 0.000440 0.001229 
0.000517 0.000038 0.000428 0.000891 
0.000530 0.000038 0.000443 0.000947 
0.000525 0.000050 0.000437 0.000991 
0.000597 0.000063 0.000499 0.001300 
0.000524 0.000074 0.000425 0.001269 
0.000575 0.000083 0.000469 0.001406 
0.000573 0.000072 0.000469 0.001379 
0.000569 0.000078 0.000474 0.001421 
0.000543 0.000094 0.000436 0.001644 
0.000622 0.000105 0.000505 0.001814 
0.000551 0.000069 0.000435 0.001336 
0.000568 0.000078 0.000482 0.001450 
0.000557 0.000069 0.000460 0.001370 
0.000576 0.000074 0.000480 0.001404 
0.000532 0.000070 0.000440 0.001237 
0.000546 0.000074 0.000455 0.001418 
