0.000566 0.000088 0.000000 0.001005 
0.000575 0.000106 0.000000 0.001022 
0.000589 0.000132 0.000000 0.001135 
0.000565 0.000106 0.000000 0.001068 
0.000555 0.000098 0.000000 0.001111 
0.000559 0.000097 0.000000 0.000986 
0.000623 0.000150 0.000000 0.001312 
0.000607 0.000147 0.000000 0.001288 
0.000607 0.000149 0.000000 0.001276 
0.000547 0.000114 0.000000 0.001090 
0.000583 0.000115 0.000000 0.001118 
0.000562 0.000142 0.000000 0.001171 
0.000578 0.000093 0.000000 0.001051 
0.000568 0.000136 0.000000 0.001218 
0.000558 0.000105 0.000000 0.001000 
0.000603 0.000144 0.000000 0.001246 
0.000629 0.000151 0.000000 0.001244 
0.000588 0.000125 0.000000 0.001119 
0.000558 0.000116 0.000000 0.001118 
0.000551 0.000112 0.000000 0.001024 
0.000547 0.000100 0.000000 0.000937 
0.000582 0.000129 0.000000 0.001178 
0.000608 0.000155 0.000000 0.001239 
0.000576 0.000113 0.000000 0.001047 
0.000590 0.000140 0.000000 0.001150 
0.000570 0.000105 0.000000 0.001072 
0.000592 0.000138 0.000000 0.001136 
0.000636 0.000136 0.000000 0.001128 
0.000580 0.000121 0.000000 0.001095 
0.000589 0.000116 0.000000 0.001039 
0.000562 0.000087 0.000000 0.000901 
0.000584 0.000110 0.000000 0.000990 
0.000594 0.000121 0.000000 0.001088 
0.000592 0.000136 0.000000 0.001180 
0.000536 0.000096 0.000000 0.000886 
0.000593 0.000122 0.000000 0.001088 
0.000593 0.000134 0.000000 0.001122 
0.000568 0.000112 0.000000 0.001052 
0.000563 0.000109 0.000000 0.001055 
0.000558 0.000089 0.000000 0.000947 
0.000625 0.000112 0.000000 0.001053 
0.000579 0.000082 0.000000 0.001018 
0.000553 0.000086 0.000000 0.000954 
0.000560 0.000114 0.000000 0.001002 
0.000592 0.000094 0.000000 0.000981 
0.000590 0.000106 0.000000 0.000981 
0.000640 0.000136 0.000000 0.001255 
0.000580 0.000097 0.000000 0.001027 
0.000590 0.000104 0.000000 0.001030 
0.000622 0.000155 0.000000 0.001243 
0.000637 0.000140 0.000000 0.001243 
0.000583 0.000134 0.000000 0.001101 
0.000654 0.000151 0.000000 0.001238 
0.000684 0.000162 0.000000 0.001277 
0.000639 0.000130 0.000000 0.001142 
0.000643 0.000157 0.000000 0.001265 
0.000626 0.000117 0.000000 0.001101 
0.000619 0.000136 0.000000 0.001098 
0.000601 0.000120 0.000000 0.001093 
0.000637 0.000150 0.000000 0.001217 
0.000631 0.000113 0.000000 0.001152 
0.000604 0.000106 0.000000 0.001047 
0.000600 0.000116 0.000000 0.001111 
0.000602 0.000089 0.000000 0.000998 
0.000602 0.000128 0.000000 0.001123 
0.000605 0.000109 0.000000 0.001133 
0.000581 0.000105 0.000000 0.001027 
0.000547 0.000081 0.000000 0.000982 
0.000579 0.000102 0.000000 0.001053 
0.000575 0.000108 0.000000 0.001081 
0.000589 0.000114 0.000000 0.001072 
0.000664 0.000143 0.000000 0.001210 
0.000582 0.000091 0.000000 0.000945 
0.000611 0.000115 0.000000 0.001091 
0.000578 0.000114 0.000000 0.001005 
0.000572 0.000090 0.000000 0.000994 
0.000597 0.000110 0.000000 0.001077 
0.000603 0.000109 0.000000 0.001075 
0.000566 0.000084 0.000000 0.000969 
0.000606 0.000124 0.000000 0.001080 
0.000587 0.000110 0.000000 0.001048 
0.000600 0.000110 0.000000 0.001074 
0.000566 0.000085 0.000000 0.000882 
0.000594 0.000101 0.000000 0.001000 
0.000639 0.000123 0.000000 0.001114 
0.000636 0.000095 0.000000 0.001003 
0.000765 0.000258 0.000000 0.001751 
0.000603 0.000113 0.000000 0.001002 
0.000609 0.000123 0.000000 0.001123 
0.000557 0.000117 0.000000 0.001021 
0.000577 0.000115 0.000000 0.001011 
0.000626 0.000110 0.000000 0.001061 
0.000623 0.000132 0.000000 0.001140 
0.000579 0.000102 0.000000 0.000975 
0.000581 0.000117 0.000000 0.001053 
0.000601 0.000130 0.000000 0.001117 
0.000557 0.000111 0.000000 0.000967 
0.000632 0.000132 0.000000 0.001152 
0.000522 0.000083 0.000000 0.000863 
0.000589 0.000104 0.000000 0.000992 
0.000526 0.000082 0.000000 0.000996 
0.000588 0.000116 0.000000 0.001097 
0.000574 0.000133 0.000000 0.001174 
0.000542 0.000126 0.000000 0.001026 
0.000547 0.000081 0.000000 0.000915 
0.000597 0.000130 0.000000 0.001130 
0.000576 0.000118 0.000000 0.001114 
0.000574 0.000114 0.000000 0.001068 
0.000545 0.000102 0.000000 0.001026 
0.000547 0.000089 0.000000 0.000940 
0.000548 0.000101 0.000000 0.001005 
0.000562 0.000102 0.000000 0.000980 
0.000594 0.000124 0.000000 0.001127 
0.000579 0.000108 0.000000 0.001068 
0.000547 0.000092 0.000000 0.000915 
0.000710 0.000187 0.000000 0.001511 
0.000552 0.000104 0.000000 0.001031 
0.000522 0.000105 0.000000 0.000880 
0.000559 0.000112 0.000000 0.001014 
0.000551 0.000092 0.000000 0.000937 
0.000589 0.000159 0.000000 0.001412 
0.000571 0.000107 0.000000 0.001068 
0.000612 0.000139 0.000000 0.001157 
0.000675 0.000185 0.000000 0.001577 
0.000574 0.000111 0.000000 0.001066 
0.000585 0.000146 0.000000 0.001248 
0.000554 0.000102 0.000000 0.001024 
0.000564 0.000116 0.000000 0.001042 
0.000633 0.000160 0.000000 0.001268 
0.000512 0.000090 0.000000 0.000944 
0.000597 0.000144 0.000000 0.001132 
0.000576 0.000117 0.000000 0.001039 
0.000539 0.000116 0.000000 0.001068 
0.000538 0.000108 0.000000 0.001049 
0.000566 0.000149 0.000000 0.001160 
0.000535 0.000103 0.000000 0.001041 
0.000546 0.000096 0.000000 0.000925 
0.000543 0.000104 0.000000 0.001004 
0.000586 0.000091 0.000000 0.000938 
0.000573 0.000100 0.000000 0.001064 
0.000579 0.000098 0.000000 0.001023 
0.000601 0.000121 0.000000 0.001089 
0.000589 0.000108 0.000000 0.001124 
0.000563 0.000095 0.000000 0.000971 
0.000554 0.000085 0.000000 0.000957 
0.000538 0.000107 0.000000 0.001078 
0.000576 0.000101 0.000000 0.001021 
0.000559 0.000093 0.000000 0.000974 
0.000592 0.000113 0.000000 0.001012 
0.000573 0.000101 0.000000 0.001100 
0.000593 0.000098 0.000000 0.001036 
0.000579 0.000088 0.000000 0.000900 
0.000585 0.000095 0.000000 0.001025 
0.000595 0.000101 0.000000 0.000994 
0.000606 0.000129 0.000000 0.001197 
0.000612 0.000121 0.000000 0.001188 
0.000605 0.000126 0.000000 0.001198 
0.000569 0.000105 0.000000 0.001050 
0.000621 0.000149 0.000000 0.001267 
0.000605 0.000137 0.000000 0.001205 
0.000557 0.000108 0.000000 0.001034 
0.000642 0.000139 0.000000 0.001217 
0.000585 0.000138 0.000000 0.001176 
0.000646 0.000139 0.000000 0.001251 
0.000567 0.000120 0.000000 0.001061 
0.000578 0.000125 0.000000 0.001057 
0.000583 0.000118 0.000000 0.001106 
0.000558 0.000126 0.000000 0.001115 
0.000601 0.000140 0.000000 0.001161 
0.000592 0.000133 0.000000 0.001157 
0.000573 0.000116 0.000000 0.001009 
0.000559 0.000115 0.000000 0.001065 
0.000565 0.000119 0.000000 0.001152 
0.000520 0.000086 0.000000 0.000858 
0.000575 0.000120 0.000000 0.001165 
0.000685 0.000186 0.000000 0.001353 
0.000580 0.000116 0.000000 0.001129 
0.000602 0.000135 0.000000 0.001232 
0.000562 0.000110 0.000000 0.001038 
0.000627 0.000150 0.000000 0.001263 
0.000631 0.000163 0.000000 0.001198 
0.000625 0.000167 0.000000 0.001284 
0.000660 0.000173 0.000000 0.001329 
0.000674 0.000175 0.000000 0.001261 
0.000626 0.000183 0.000000 0.001316 
0.000604 0.000162 0.000000 0.001216 
0.000696 0.000194 0.000000 0.001381 
0.000673 0.000188 0.000000 0.001336 
0.000563 0.000126 0.000000 0.001097 
0.000605 0.000171 0.000000 0.001269 
0.000673 0.000166 0.000000 0.001286 
0.000649 0.000173 0.000000 0.001345 
