0.000568 0.000048 0.000500 0.000710 
0.000546 0.000039 0.000484 0.000650 
0.000557 0.000037 0.000503 0.000673 
0.000585 0.000044 0.000516 0.000703 
0.000560 0.000051 0.000474 0.000694 
0.000579 0.000049 0.000494 0.000708 
0.000574 0.000045 0.000508 0.000686 
0.000579 0.000054 0.000493 0.000739 
0.000526 0.000041 0.000445 0.000639 
0.000581 0.000041 0.000486 0.000694 
0.000572 0.000029 0.000523 0.000651 
0.000568 0.000041 0.000497 0.000672 
0.000585 0.000043 0.000509 0.000705 
0.000542 0.000046 0.000474 0.000699 
0.000545 0.000043 0.000472 0.000669 
0.000548 0.000055 0.000476 0.000725 
0.000545 0.000049 0.000458 0.000701 
0.000565 0.000056 0.000495 0.000800 
0.000556 0.000052 0.000464 0.000722 
0.000531 0.000043 0.000463 0.000675 
0.000532 0.000038 0.000477 0.000668 
0.000540 0.000042 0.000472 0.000663 
0.000549 0.000052 0.000467 0.000735 
0.000541 0.000051 0.000460 0.000725 
0.000549 0.000056 0.000469 0.000734 
0.000567 0.000056 0.000487 0.000806 
0.000618 0.000156 0.000459 0.001115 
0.000570 0.000137 0.000427 0.001035 
0.000648 0.000186 0.000430 0.001270 
0.000581 0.000109 0.000454 0.000900 
0.000591 0.000113 0.000482 0.001013 
0.000617 0.000129 0.000448 0.001115 
0.000571 0.000092 0.000464 0.000948 
0.000595 0.000104 0.000464 0.000959 
0.000589 0.000110 0.000472 0.000999 
0.000611 0.000135 0.000432 0.001044 
0.000633 0.000187 0.000444 0.001256 
0.000582 0.000091 0.000452 0.000803 
0.000597 0.000107 0.000457 0.000850 
0.000572 0.000072 0.000473 0.000805 
0.000594 0.000085 0.000464 0.000821 
0.000605 0.000079 0.000487 0.000801 
0.000564 0.000084 0.000444 0.000799 
0.000583 0.000090 0.000449 0.000800 
0.000590 0.000085 0.000464 0.000797 
0.000595 0.000093 0.000463 0.000839 
0.000580 0.000068 0.000497 0.000803 
0.000575 0.000064 0.000470 0.000729 
0.000604 0.000064 0.000512 0.000791 
0.000764 0.000229 0.000502 0.001503 
0.000780 0.000256 0.000529 0.001506 
0.000775 0.000288 0.000491 0.001557 
0.000790 0.000275 0.000487 0.001723 
0.000786 0.000279 0.000504 0.001599 
0.000803 0.000261 0.000489 0.001568 
0.000755 0.000204 0.000517 0.001384 
0.000789 0.000261 0.000510 0.001621 
0.000770 0.000255 0.000495 0.001544 
0.000797 0.000274 0.000498 0.001604 
0.000853 0.000323 0.000483 0.001639 
0.000537 0.000052 0.000451 0.000697 
0.000523 0.000048 0.000460 0.000657 
0.000548 0.000048 0.000476 0.000685 
0.000538 0.000047 0.000468 0.000682 
0.000524 0.000049 0.000453 0.000670 
0.000527 0.000052 0.000448 0.000668 
0.000555 0.000054 0.000479 0.000720 
0.000539 0.000047 0.000467 0.000666 
0.000518 0.000063 0.000403 0.000710 
0.000539 0.000043 0.000480 0.000679 
0.000626 0.000095 0.000493 0.000923 
0.000630 0.000140 0.000486 0.001163 
0.000616 0.000088 0.000518 0.000964 
0.000612 0.000108 0.000453 0.000979 
0.000575 0.000057 0.000473 0.000729 
0.000616 0.000104 0.000491 0.001027 
0.000628 0.000124 0.000483 0.001031 
0.000622 0.000096 0.000501 0.000929 
0.000638 0.000099 0.000514 0.000986 
0.000618 0.000101 0.000498 0.000929 
0.000643 0.000142 0.000496 0.001210 
0.000666 0.000125 0.000537 0.001088 
0.000630 0.000113 0.000514 0.001012 
0.000590 0.000106 0.000441 0.000978 
0.000616 0.000106 0.000478 0.000958 
0.000612 0.000137 0.000471 0.001055 
0.000591 0.000070 0.000429 0.000731 
0.000550 0.000036 0.000487 0.000641 
0.000567 0.000042 0.000483 0.000669 
0.000555 0.000045 0.000480 0.000666 
0.000572 0.000059 0.000482 0.000740 
0.000556 0.000055 0.000459 0.000693 
0.000569 0.000048 0.000469 0.000682 
0.000564 0.000048 0.000472 0.000676 
0.000563 0.000057 0.000441 0.000698 
0.000557 0.000050 0.000462 0.000673 
0.000553 0.000052 0.000473 0.000682 
0.000574 0.000055 0.000480 0.000709 
0.000564 0.000048 0.000480 0.000683 
0.000558 0.000041 0.000490 0.000653 
0.000595 0.000098 0.000481 0.000968 
0.000615 0.000108 0.000479 0.000991 
0.000619 0.000078 0.000523 0.000939 
0.000598 0.000084 0.000473 0.000836 
0.000582 0.000083 0.000468 0.000903 
0.000593 0.000088 0.000486 0.000915 
0.000628 0.000098 0.000501 0.000961 
0.000597 0.000105 0.000473 0.000922 
0.000593 0.000073 0.000498 0.000901 
0.000587 0.000106 0.000464 0.000907 
0.000597 0.000080 0.000479 0.000824 
0.000577 0.000077 0.000472 0.000838 
0.000647 0.000104 0.000512 0.000970 
0.000600 0.000078 0.000502 0.000877 
0.000527 0.000044 0.000449 0.000637 
0.000542 0.000058 0.000446 0.000677 
0.000564 0.000056 0.000463 0.000700 
0.000552 0.000048 0.000450 0.000672 
0.000543 0.000050 0.000447 0.000684 
0.000574 0.000055 0.000450 0.000705 
0.000574 0.000045 0.000492 0.000713 
0.000563 0.000047 0.000477 0.000679 
0.000555 0.000051 0.000470 0.000666 
0.000547 0.000065 0.000446 0.000762 
0.000564 0.000058 0.000470 0.000751 
0.000563 0.000047 0.000482 0.000695 
0.000536 0.000069 0.000437 0.000804 
0.000584 0.000075 0.000486 0.000858 
0.000588 0.000100 0.000468 0.000967 
0.000580 0.000073 0.000483 0.000916 
0.000588 0.000109 0.000438 0.001031 
0.000597 0.000073 0.000497 0.000842 
0.000582 0.000093 0.000469 0.000910 
0.000583 0.000097 0.000466 0.001001 
0.000583 0.000089 0.000472 0.000887 
0.000590 0.000107 0.000472 0.001004 
0.000584 0.000091 0.000467 0.000903 
0.000588 0.000075 0.000482 0.000904 
0.000573 0.000081 0.000468 0.000876 
0.000825 0.000289 0.000461 0.001737 
0.000787 0.000299 0.000478 0.001725 
0.000855 0.000334 0.000478 0.001797 
0.000872 0.000344 0.000493 0.001802 
0.000805 0.000284 0.000493 0.001642 
0.000852 0.000318 0.000442 0.001670 
0.000911 0.000333 0.000494 0.001859 
0.000860 0.000347 0.000482 0.001768 
0.000844 0.000334 0.000479 0.001939 
0.000866 0.000358 0.000469 0.001840 
0.000786 0.000286 0.000487 0.001578 
0.000868 0.000324 0.000503 0.001884 
0.000821 0.000293 0.000440 0.001632 
0.000591 0.000049 0.000524 0.000758 
0.000584 0.000052 0.000505 0.000746 
0.000581 0.000047 0.000507 0.000730 
0.000616 0.000042 0.000538 0.000738 
0.000560 0.000042 0.000479 0.000733 
0.000576 0.000048 0.000502 0.000746 
0.000566 0.000045 0.000492 0.000741 
0.000573 0.000042 0.000490 0.000704 
0.000561 0.000052 0.000486 0.000764 
0.000577 0.000048 0.000504 0.000737 
0.000582 0.000048 0.000520 0.000752 
0.000580 0.000051 0.000490 0.000755 
0.000556 0.000048 0.000495 0.000729 
0.000643 0.000100 0.000504 0.000969 
0.000658 0.000143 0.000445 0.001030 
0.000684 0.000145 0.000464 0.001146 
0.000698 0.000134 0.000495 0.001103 
0.000634 0.000110 0.000509 0.001065 
0.000630 0.000116 0.000502 0.001043 
0.000633 0.000090 0.000517 0.000924 
0.000650 0.000110 0.000472 0.001018 
0.000647 0.000117 0.000502 0.001048 
0.000634 0.000101 0.000517 0.001008 
0.000638 0.000122 0.000504 0.001003 
0.000647 0.000160 0.000451 0.001181 
0.000668 0.000136 0.000499 0.001059 
0.000668 0.000122 0.000518 0.001076 
0.000650 0.000077 0.000545 0.000974 
0.000609 0.000098 0.000490 0.000995 
0.000638 0.000108 0.000507 0.001012 
0.000637 0.000105 0.000505 0.001003 
0.000625 0.000094 0.000506 0.000982 
0.000605 0.000095 0.000500 0.000943 
0.000711 0.000125 0.000564 0.001247 
0.000607 0.000095 0.000496 0.000899 
0.000658 0.000097 0.000538 0.000984 
0.000640 0.000102 0.000516 0.000981 
0.000644 0.000107 0.000508 0.001007 
0.000614 0.000099 0.000498 0.000948 
0.000629 0.000094 0.000516 0.000953 
