0.000603 0.000045 0.000478 0.000731 
0.000593 0.000042 0.000488 0.000801 
0.000584 0.000038 0.000491 0.000732 
0.000601 0.000036 0.000498 0.000785 
0.000606 0.000049 0.000478 0.000737 
0.000600 0.000044 0.000490 0.000756 
0.000606 0.000050 0.000476 0.000767 
0.000611 0.000048 0.000498 0.000740 
0.000582 0.000041 0.000475 0.000726 
0.000603 0.000044 0.000489 0.000745 
0.000595 0.000035 0.000518 0.000711 
0.000597 0.000044 0.000506 0.000774 
0.000604 0.000043 0.000498 0.000758 
0.000559 0.000038 0.000443 0.000724 
0.000571 0.000042 0.000442 0.000728 
0.000558 0.000040 0.000446 0.000719 
0.000572 0.000040 0.000458 0.000745 
0.000574 0.000048 0.000431 0.000718 
0.000564 0.000038 0.000460 0.000700 
0.000573 0.000047 0.000445 0.000713 
0.000560 0.000042 0.000451 0.000737 
0.000562 0.000037 0.000451 0.000688 
0.000565 0.000040 0.000452 0.000776 
0.000555 0.000041 0.000446 0.000751 
0.000564 0.000041 0.000420 0.000748 
0.000564 0.000033 0.000467 0.000683 
0.000620 0.000062 0.000427 0.000810 
0.000583 0.000059 0.000433 0.000781 
0.000616 0.000062 0.000443 0.000822 
0.000599 0.000053 0.000463 0.000761 
0.000596 0.000054 0.000435 0.000793 
0.000597 0.000061 0.000446 0.000787 
0.000593 0.000055 0.000426 0.000783 
0.000605 0.000050 0.000464 0.000798 
0.000610 0.000052 0.000460 0.000875 
0.000609 0.000059 0.000444 0.000899 
0.000623 0.000062 0.000468 0.000845 
0.000616 0.000056 0.000471 0.000820 
0.000621 0.000062 0.000431 0.000807 
0.000618 0.000048 0.000496 0.000788 
0.000603 0.000052 0.000452 0.000761 
0.000610 0.000053 0.000500 0.000770 
0.000597 0.000056 0.000433 0.000754 
0.000604 0.000056 0.000474 0.000788 
0.000614 0.000058 0.000478 0.000802 
0.000622 0.000053 0.000480 0.000794 
0.000603 0.000047 0.000485 0.000744 
0.000602 0.000047 0.000477 0.000753 
0.000620 0.000047 0.000479 0.000758 
0.000620 0.000049 0.000492 0.000819 
0.000610 0.000055 0.000482 0.000818 
0.000604 0.000061 0.000486 0.000865 
0.000630 0.000059 0.000503 0.000956 
0.000620 0.000078 0.000505 0.001043 
0.000624 0.000055 0.000512 0.000845 
0.000621 0.000065 0.000501 0.000916 
0.000608 0.000055 0.000448 0.000810 
0.000618 0.000060 0.000491 0.000936 
0.000612 0.000054 0.000503 0.000858 
0.000619 0.000058 0.000487 0.000841 
0.000602 0.000054 0.000475 0.000870 
0.000576 0.000043 0.000465 0.000809 
0.000586 0.000052 0.000451 0.000775 
0.000604 0.000054 0.000468 0.000830 
0.000572 0.000049 0.000467 0.000775 
0.000584 0.000058 0.000476 0.000878 
0.000588 0.000057 0.000461 0.000853 
0.000577 0.000049 0.000474 0.000817 
0.000577 0.000060 0.000441 0.000802 
0.000572 0.000046 0.000481 0.000813 
0.000625 0.000046 0.000522 0.000867 
0.000599 0.000049 0.000482 0.000770 
0.000623 0.000055 0.000478 0.000844 
0.000627 0.000057 0.000474 0.000845 
0.000628 0.000052 0.000441 0.000838 
0.000634 0.000054 0.000499 0.000883 
0.000638 0.000054 0.000498 0.000812 
0.000619 0.000052 0.000507 0.000883 
0.000611 0.000043 0.000496 0.000739 
0.000650 0.000060 0.000511 0.000853 
0.000605 0.000046 0.000489 0.000767 
0.000637 0.000056 0.000509 0.000868 
0.000637 0.000057 0.000513 0.000850 
0.000611 0.000055 0.000466 0.000843 
0.000631 0.000056 0.000474 0.000797 
0.000618 0.000055 0.000494 0.000803 
0.000630 0.000062 0.000470 0.000868 
0.000589 0.000041 0.000483 0.000712 
0.000609 0.000047 0.000493 0.000759 
0.000596 0.000040 0.000484 0.000717 
0.000603 0.000044 0.000479 0.000748 
0.000608 0.000047 0.000485 0.000756 
0.000612 0.000045 0.000504 0.000755 
0.000596 0.000036 0.000499 0.000759 
0.000603 0.000043 0.000496 0.000756 
0.000607 0.000047 0.000492 0.000754 
0.000608 0.000043 0.000498 0.000775 
0.000607 0.000044 0.000490 0.000759 
0.000600 0.000043 0.000513 0.000740 
0.000596 0.000040 0.000502 0.000737 
0.000613 0.000053 0.000488 0.000883 
0.000605 0.000060 0.000456 0.000802 
0.000617 0.000052 0.000504 0.000816 
0.000614 0.000054 0.000451 0.000824 
0.000630 0.000062 0.000482 0.000860 
0.000609 0.000056 0.000469 0.000843 
0.000624 0.000060 0.000492 0.000849 
0.000601 0.000062 0.000458 0.000856 
0.000615 0.000055 0.000500 0.000880 
0.000594 0.000050 0.000463 0.000821 
0.000604 0.000049 0.000470 0.000819 
0.000593 0.000057 0.000456 0.000841 
0.000615 0.000057 0.000481 0.000816 
0.000608 0.000047 0.000505 0.000813 
0.000589 0.000041 0.000474 0.000708 
0.000596 0.000046 0.000462 0.000727 
0.000600 0.000045 0.000493 0.000810 
0.000608 0.000044 0.000486 0.000759 
0.000610 0.000049 0.000468 0.000768 
0.000608 0.000046 0.000472 0.000748 
0.000621 0.000041 0.000528 0.000767 
0.000601 0.000050 0.000470 0.000788 
0.000613 0.000055 0.000460 0.000756 
0.000595 0.000051 0.000452 0.000751 
0.000617 0.000040 0.000509 0.000727 
0.000603 0.000042 0.000500 0.000735 
0.000598 0.000053 0.000455 0.000730 
0.000636 0.000035 0.000526 0.000755 
0.000622 0.000045 0.000507 0.000751 
0.000617 0.000040 0.000512 0.000748 
0.000644 0.000049 0.000486 0.000800 
0.000628 0.000036 0.000525 0.000746 
0.000617 0.000042 0.000505 0.000740 
0.000639 0.000040 0.000532 0.000757 
0.000633 0.000049 0.000483 0.000779 
0.000619 0.000035 0.000514 0.000746 
0.000645 0.000041 0.000505 0.000772 
0.000628 0.000040 0.000501 0.000763 
0.000624 0.000037 0.000498 0.000728 
0.000633 0.000064 0.000501 0.001083 
0.000605 0.000059 0.000497 0.000970 
0.000620 0.000075 0.000473 0.001093 
0.000619 0.000068 0.000487 0.000954 
0.000624 0.000060 0.000514 0.001014 
0.000612 0.000076 0.000436 0.001045 
0.000623 0.000073 0.000467 0.001105 
0.000623 0.000068 0.000480 0.001063 
0.000607 0.000075 0.000436 0.001093 
0.000610 0.000070 0.000450 0.001009 
0.000621 0.000061 0.000485 0.000953 
0.000632 0.000064 0.000497 0.000951 
0.000625 0.000061 0.000469 0.000936 
0.000624 0.000042 0.000507 0.000764 
0.000615 0.000038 0.000490 0.000734 
0.000628 0.000040 0.000527 0.000755 
0.000636 0.000045 0.000537 0.000791 
0.000616 0.000042 0.000497 0.000744 
0.000620 0.000042 0.000474 0.000724 
0.000613 0.000035 0.000509 0.000725 
0.000613 0.000038 0.000469 0.000746 
0.000616 0.000044 0.000484 0.000743 
0.000611 0.000038 0.000524 0.000716 
0.000620 0.000041 0.000500 0.000738 
0.000611 0.000040 0.000505 0.000721 
0.000613 0.000043 0.000502 0.000755 
0.000587 0.000045 0.000458 0.000746 
0.000583 0.000051 0.000457 0.000834 
0.000596 0.000046 0.000492 0.000797 
0.000599 0.000053 0.000473 0.000799 
0.000589 0.000046 0.000449 0.000793 
0.000586 0.000040 0.000476 0.000783 
0.000578 0.000040 0.000447 0.000777 
0.000591 0.000048 0.000477 0.000813 
0.000587 0.000043 0.000465 0.000804 
0.000607 0.000052 0.000454 0.000843 
0.000577 0.000041 0.000455 0.000743 
0.000594 0.000050 0.000464 0.000757 
0.000584 0.000048 0.000457 0.000793 
0.000594 0.000043 0.000460 0.000821 
0.000646 0.000061 0.000526 0.000977 
0.000626 0.000070 0.000479 0.000923 
0.000666 0.000079 0.000542 0.001135 
0.000656 0.000059 0.000540 0.000931 
0.000652 0.000060 0.000538 0.000937 
0.000644 0.000091 0.000528 0.001112 
0.000676 0.000086 0.000550 0.001090 
0.000642 0.000088 0.000517 0.001111 
0.000664 0.000087 0.000533 0.001120 
0.000631 0.000063 0.000533 0.000959 
0.000661 0.000084 0.000535 0.001170 
0.000624 0.000056 0.000455 0.000896 
0.000632 0.000067 0.000513 0.000964 
