0.000659 0.000053 0.000507 0.000880 
0.000653 0.000052 0.000503 0.000832 
0.000647 0.000054 0.000507 0.000886 
0.000661 0.000054 0.000509 0.000842 
0.000647 0.000044 0.000522 0.000793 
0.000653 0.000052 0.000506 0.000836 
0.000657 0.000049 0.000523 0.000793 
0.000666 0.000049 0.000532 0.000826 
0.000634 0.000048 0.000497 0.000790 
0.000667 0.000052 0.000521 0.000837 
0.000660 0.000057 0.000500 0.000868 
0.000653 0.000053 0.000506 0.000813 
0.000658 0.000049 0.000515 0.000837 
0.000614 0.000042 0.000476 0.000740 
0.000631 0.000048 0.000475 0.000780 
0.000627 0.000047 0.000465 0.000745 
0.000630 0.000040 0.000487 0.000739 
0.000634 0.000038 0.000510 0.000750 
0.000613 0.000046 0.000464 0.000720 
0.000621 0.000045 0.000471 0.000764 
0.000622 0.000047 0.000468 0.000757 
0.000625 0.000048 0.000460 0.000771 
0.000621 0.000046 0.000466 0.000722 
0.000615 0.000044 0.000452 0.000750 
0.000620 0.000040 0.000474 0.000722 
0.000631 0.000044 0.000485 0.000755 
0.000652 0.000037 0.000512 0.000766 
0.000636 0.000039 0.000479 0.000739 
0.000646 0.000041 0.000502 0.000794 
0.000642 0.000045 0.000473 0.000777 
0.000654 0.000043 0.000495 0.000782 
0.000646 0.000041 0.000484 0.000739 
0.000654 0.000049 0.000487 0.000795 
0.000649 0.000050 0.000466 0.000772 
0.000646 0.000049 0.000471 0.000789 
0.000640 0.000037 0.000501 0.000755 
0.000646 0.000032 0.000527 0.000779 
0.000656 0.000040 0.000527 0.000773 
0.000658 0.000036 0.000522 0.000797 
0.000661 0.000044 0.000530 0.000800 
0.000675 0.000046 0.000522 0.000798 
0.000664 0.000045 0.000525 0.000796 
0.000641 0.000041 0.000511 0.000756 
0.000647 0.000039 0.000524 0.000769 
0.000660 0.000039 0.000529 0.000782 
0.000660 0.000044 0.000519 0.000788 
0.000668 0.000038 0.000548 0.000763 
0.000661 0.000047 0.000508 0.000813 
0.000670 0.000041 0.000550 0.000767 
0.000676 0.000043 0.000523 0.000828 
0.000669 0.000044 0.000510 0.000833 
0.000665 0.000041 0.000517 0.000802 
0.000677 0.000042 0.000540 0.000803 
0.000672 0.000036 0.000551 0.000812 
0.000671 0.000036 0.000541 0.000803 
0.000676 0.000042 0.000534 0.000795 
0.000677 0.000046 0.000540 0.000812 
0.000663 0.000040 0.000524 0.000770 
0.000670 0.000042 0.000520 0.000798 
0.000671 0.000040 0.000528 0.000825 
0.000636 0.000046 0.000489 0.000787 
0.000623 0.000055 0.000456 0.000762 
0.000630 0.000046 0.000481 0.000772 
0.000624 0.000048 0.000476 0.000777 
0.000627 0.000062 0.000437 0.000748 
0.000630 0.000048 0.000486 0.000778 
0.000630 0.000050 0.000479 0.000766 
0.000618 0.000051 0.000475 0.000780 
0.000608 0.000039 0.000485 0.000732 
0.000611 0.000055 0.000457 0.000754 
0.000658 0.000044 0.000524 0.000758 
0.000652 0.000047 0.000503 0.000772 
0.000665 0.000049 0.000527 0.000772 
0.000662 0.000043 0.000505 0.000778 
0.000666 0.000045 0.000518 0.000777 
0.000676 0.000050 0.000524 0.000812 
0.000682 0.000040 0.000544 0.000783 
0.000676 0.000049 0.000523 0.000782 
0.000660 0.000052 0.000497 0.000766 
0.000678 0.000041 0.000547 0.000773 
0.000656 0.000048 0.000503 0.000777 
0.000675 0.000051 0.000523 0.000777 
0.000675 0.000053 0.000499 0.000796 
0.000656 0.000040 0.000515 0.000756 
0.000667 0.000036 0.000542 0.000760 
0.000659 0.000047 0.000497 0.000768 
0.000662 0.000050 0.000504 0.000814 
0.000689 0.000054 0.000506 0.000803 
0.000682 0.000050 0.000522 0.000810 
0.000663 0.000044 0.000515 0.000770 
0.000686 0.000057 0.000505 0.000810 
0.000686 0.000046 0.000543 0.000791 
0.000686 0.000053 0.000502 0.000806 
0.000685 0.000061 0.000496 0.000808 
0.000677 0.000043 0.000547 0.000787 
0.000651 0.000049 0.000515 0.000775 
0.000657 0.000049 0.000505 0.000777 
0.000690 0.000045 0.000555 0.000808 
0.000686 0.000055 0.000524 0.000796 
0.000694 0.000057 0.000521 0.000818 
0.000654 0.000041 0.000519 0.000769 
0.000657 0.000041 0.000521 0.000790 
0.000660 0.000033 0.000567 0.000803 
0.000678 0.000055 0.000490 0.000832 
0.000654 0.000042 0.000507 0.000802 
0.000644 0.000047 0.000496 0.000811 
0.000656 0.000041 0.000524 0.000761 
0.000655 0.000047 0.000491 0.000805 
0.000651 0.000044 0.000499 0.000768 
0.000655 0.000040 0.000519 0.000780 
0.000652 0.000036 0.000526 0.000772 
0.000647 0.000039 0.000501 0.000745 
0.000655 0.000037 0.000526 0.000759 
0.000649 0.000053 0.000477 0.000808 
0.000648 0.000036 0.000485 0.000769 
0.000649 0.000039 0.000525 0.000791 
0.000662 0.000046 0.000517 0.000802 
0.000649 0.000042 0.000515 0.000802 
0.000637 0.000043 0.000508 0.000794 
0.000645 0.000039 0.000519 0.000766 
0.000657 0.000053 0.000502 0.000832 
0.000657 0.000047 0.000506 0.000807 
0.000657 0.000044 0.000524 0.000809 
0.000648 0.000046 0.000504 0.000767 
0.000651 0.000045 0.000504 0.000799 
0.000657 0.000046 0.000503 0.000782 
0.000620 0.000040 0.000484 0.000734 
0.000671 0.000051 0.000522 0.000834 
0.000657 0.000048 0.000505 0.000852 
0.000673 0.000050 0.000513 0.000853 
0.000683 0.000044 0.000516 0.000821 
0.000680 0.000047 0.000530 0.000806 
0.000664 0.000048 0.000516 0.000831 
0.000663 0.000052 0.000508 0.000807 
0.000655 0.000042 0.000531 0.000900 
0.000661 0.000058 0.000487 0.000843 
0.000684 0.000054 0.000506 0.000831 
0.000669 0.000054 0.000448 0.000875 
0.000683 0.000052 0.000518 0.000867 
0.000675 0.000052 0.000517 0.000813 
0.000680 0.000054 0.000504 0.000818 
0.000683 0.000054 0.000524 0.000814 
0.000676 0.000051 0.000524 0.000801 
0.000687 0.000061 0.000490 0.000841 
0.000666 0.000044 0.000531 0.000797 
0.000654 0.000044 0.000510 0.000777 
0.000687 0.000052 0.000515 0.000804 
0.000679 0.000058 0.000513 0.000832 
0.000678 0.000050 0.000528 0.000796 
0.000667 0.000040 0.000532 0.000811 
0.000666 0.000051 0.000521 0.000800 
0.000658 0.000038 0.000525 0.000764 
0.000691 0.000062 0.000510 0.000904 
0.000705 0.000062 0.000526 0.000919 
0.000688 0.000055 0.000533 0.000855 
0.000723 0.000055 0.000565 0.000890 
0.000688 0.000050 0.000532 0.000887 
0.000689 0.000050 0.000540 0.000839 
0.000686 0.000055 0.000521 0.000923 
0.000685 0.000056 0.000527 0.000901 
0.000670 0.000049 0.000523 0.000833 
0.000673 0.000049 0.000509 0.000814 
0.000672 0.000051 0.000517 0.000850 
0.000679 0.000054 0.000519 0.000878 
0.000677 0.000054 0.000510 0.000844 
0.000676 0.000050 0.000510 0.000788 
0.000658 0.000038 0.000531 0.000784 
0.000653 0.000053 0.000480 0.000758 
0.000669 0.000045 0.000526 0.000770 
0.000655 0.000048 0.000500 0.000773 
0.000677 0.000056 0.000513 0.000799 
0.000666 0.000056 0.000492 0.000802 
0.000649 0.000046 0.000516 0.000767 
0.000657 0.000046 0.000504 0.000757 
0.000666 0.000042 0.000539 0.000786 
0.000643 0.000045 0.000507 0.000758 
0.000660 0.000053 0.000492 0.000782 
0.000664 0.000045 0.000505 0.000773 
0.000659 0.000050 0.000493 0.000791 
0.000689 0.000040 0.000570 0.000826 
0.000667 0.000038 0.000517 0.000839 
0.000664 0.000042 0.000516 0.000771 
0.000671 0.000037 0.000541 0.000784 
0.000679 0.000044 0.000524 0.000821 
0.000664 0.000044 0.000502 0.000783 
0.000689 0.000037 0.000583 0.000839 
0.000675 0.000041 0.000529 0.000795 
0.000676 0.000040 0.000535 0.000790 
0.000667 0.000041 0.000532 0.000792 
0.000668 0.000040 0.000536 0.000896 
0.000675 0.000040 0.000520 0.000799 
0.000674 0.000040 0.000532 0.000806 
