0.000604 0.000065 0.000514 0.000947 
0.000595 0.000058 0.000514 0.000952 
0.000589 0.000053 0.000496 0.000896 
0.000597 0.000067 0.000486 0.001089 
0.000588 0.000066 0.000474 0.000965 
0.000587 0.000070 0.000489 0.001165 
0.000598 0.000056 0.000510 0.000980 
0.000610 0.000063 0.000523 0.001073 
0.000589 0.000058 0.000507 0.000915 
0.000591 0.000065 0.000486 0.000981 
0.000590 0.000060 0.000492 0.000942 
0.000582 0.000054 0.000478 0.000898 
0.000591 0.000069 0.000484 0.001058 
0.000572 0.000067 0.000467 0.001173 
0.000573 0.000069 0.000468 0.001004 
0.000575 0.000068 0.000485 0.001019 
0.000581 0.000067 0.000489 0.000951 
0.000585 0.000060 0.000495 0.000971 
0.000567 0.000067 0.000464 0.001005 
0.000582 0.000088 0.000463 0.001117 
0.000574 0.000082 0.000476 0.001254 
0.000575 0.000072 0.000461 0.001044 
0.000573 0.000078 0.000477 0.001121 
0.000573 0.000079 0.000472 0.001062 
0.000575 0.000064 0.000480 0.000915 
0.000572 0.000068 0.000468 0.000975 
0.000597 0.000058 0.000531 0.001048 
0.000579 0.000053 0.000486 0.000892 
0.000597 0.000078 0.000501 0.001131 
0.000592 0.000064 0.000509 0.001073 
0.000596 0.000071 0.000503 0.001095 
0.000599 0.000070 0.000498 0.001183 
0.000588 0.000069 0.000491 0.001141 
0.000590 0.000063 0.000521 0.000944 
0.000591 0.000063 0.000497 0.001048 
0.000594 0.000068 0.000507 0.001069 
0.000598 0.000075 0.000502 0.001131 
0.000604 0.000045 0.000524 0.001013 
0.000601 0.000052 0.000532 0.001022 
0.000603 0.000044 0.000526 0.000969 
0.000602 0.000052 0.000523 0.001007 
0.000606 0.000060 0.000518 0.001072 
0.000597 0.000038 0.000504 0.000840 
0.000595 0.000055 0.000523 0.001080 
0.000605 0.000042 0.000549 0.000951 
0.000595 0.000045 0.000522 0.000927 
0.000611 0.000043 0.000528 0.000930 
0.000596 0.000055 0.000515 0.000999 
0.000607 0.000040 0.000530 0.000910 
0.000636 0.000130 0.000488 0.001450 
0.000648 0.000141 0.000502 0.001471 
0.000652 0.000141 0.000510 0.001523 
0.000659 0.000127 0.000513 0.001354 
0.000658 0.000133 0.000518 0.001450 
0.000651 0.000125 0.000527 0.001455 
0.000654 0.000143 0.000511 0.001512 
0.000649 0.000125 0.000522 0.001429 
0.000646 0.000139 0.000510 0.001414 
0.000652 0.000129 0.000521 0.001426 
0.000652 0.000126 0.000526 0.001461 
0.000583 0.000075 0.000481 0.001045 
0.000573 0.000075 0.000481 0.001093 
0.000580 0.000090 0.000458 0.001241 
0.000578 0.000078 0.000470 0.001044 
0.000562 0.000080 0.000467 0.001119 
0.000577 0.000088 0.000470 0.001194 
0.000579 0.000085 0.000471 0.001165 
0.000561 0.000094 0.000448 0.001167 
0.000566 0.000086 0.000450 0.001196 
0.000563 0.000090 0.000448 0.001167 
0.000596 0.000071 0.000507 0.001225 
0.000606 0.000099 0.000506 0.001234 
0.000600 0.000082 0.000513 0.001205 
0.000605 0.000066 0.000519 0.001126 
0.000593 0.000083 0.000497 0.001245 
0.000597 0.000082 0.000505 0.001169 
0.000623 0.000087 0.000529 0.001198 
0.000606 0.000074 0.000522 0.001147 
0.000593 0.000090 0.000489 0.001224 
0.000619 0.000097 0.000517 0.001271 
0.000598 0.000097 0.000496 0.001255 
0.000619 0.000096 0.000524 0.001228 
0.000603 0.000079 0.000516 0.001213 
0.000604 0.000069 0.000512 0.001136 
0.000614 0.000089 0.000508 0.001220 
0.000601 0.000074 0.000513 0.001081 
0.000618 0.000068 0.000511 0.001101 
0.000624 0.000065 0.000475 0.001046 
0.000619 0.000078 0.000514 0.001066 
0.000616 0.000085 0.000497 0.001112 
0.000620 0.000074 0.000477 0.001142 
0.000627 0.000080 0.000508 0.001255 
0.000618 0.000074 0.000508 0.001107 
0.000613 0.000075 0.000501 0.001088 
0.000617 0.000078 0.000517 0.001117 
0.000616 0.000095 0.000490 0.001150 
0.000608 0.000075 0.000503 0.001090 
0.000635 0.000081 0.000517 0.001137 
0.000608 0.000068 0.000495 0.001060 
0.000608 0.000068 0.000466 0.000997 
0.000643 0.000155 0.000499 0.001684 
0.000643 0.000153 0.000512 0.001746 
0.000663 0.000179 0.000501 0.001723 
0.000642 0.000129 0.000324 0.001472 
0.000653 0.000147 0.000512 0.001520 
0.000649 0.000166 0.000491 0.001667 
0.000643 0.000145 0.000498 0.001573 
0.000644 0.000159 0.000478 0.001689 
0.000647 0.000173 0.000492 0.001670 
0.000654 0.000177 0.000499 0.001778 
0.000646 0.000157 0.000495 0.001616 
0.000656 0.000167 0.000505 0.001706 
0.000664 0.000185 0.000495 0.001775 
0.000643 0.000161 0.000503 0.001673 
0.000611 0.000079 0.000494 0.001087 
0.000626 0.000099 0.000491 0.001174 
0.000607 0.000102 0.000471 0.001245 
0.000625 0.000115 0.000464 0.001194 
0.000610 0.000087 0.000485 0.001094 
0.000610 0.000104 0.000447 0.001170 
0.000594 0.000092 0.000466 0.001105 
0.000606 0.000095 0.000480 0.001121 
0.000605 0.000082 0.000488 0.001024 
0.000592 0.000097 0.000410 0.001060 
0.000611 0.000088 0.000469 0.001126 
0.000608 0.000103 0.000475 0.001263 
0.000607 0.000095 0.000477 0.001190 
0.000681 0.000118 0.000509 0.001320 
0.000673 0.000133 0.000497 0.001405 
0.000674 0.000116 0.000482 0.001272 
0.000689 0.000104 0.000528 0.001276 
0.000689 0.000122 0.000499 0.001347 
0.000671 0.000119 0.000497 0.001337 
0.000649 0.000124 0.000478 0.001360 
0.000683 0.000122 0.000517 0.001320 
0.000653 0.000115 0.000475 0.001253 
0.000667 0.000109 0.000526 0.001321 
0.000672 0.000110 0.000493 0.001236 
0.000675 0.000104 0.000533 0.001347 
0.000642 0.000173 0.000505 0.001865 
0.000608 0.000127 0.000486 0.001630 
0.000629 0.000156 0.000493 0.001751 
0.000634 0.000173 0.000471 0.001836 
0.000630 0.000142 0.000505 0.001564 
0.000631 0.000166 0.000497 0.001918 
0.000630 0.000158 0.000505 0.001738 
0.000643 0.000158 0.000510 0.001742 
0.000605 0.000127 0.000478 0.001727 
0.000631 0.000152 0.000499 0.001745 
0.000632 0.000154 0.000505 0.001725 
0.000629 0.000142 0.000511 0.001595 
0.000633 0.000138 0.000520 0.001702 
0.000653 0.000105 0.000526 0.001270 
0.000662 0.000116 0.000532 0.001407 
0.000672 0.000126 0.000515 0.001304 
0.000691 0.000130 0.000546 0.001366 
0.000668 0.000130 0.000513 0.001402 
0.000674 0.000122 0.000528 0.001256 
0.000676 0.000132 0.000525 0.001331 
0.000665 0.000113 0.000515 0.001359 
0.000658 0.000131 0.000512 0.001366 
0.000661 0.000130 0.000488 0.001246 
0.000655 0.000122 0.000506 0.001301 
0.000656 0.000124 0.000502 0.001467 
0.000649 0.000118 0.000506 0.001270 
0.000596 0.000087 0.000493 0.001060 
0.000601 0.000085 0.000520 0.001042 
0.000578 0.000079 0.000473 0.001013 
0.000605 0.000085 0.000512 0.001105 
0.000587 0.000084 0.000478 0.001022 
0.000594 0.000083 0.000495 0.001039 
0.000588 0.000088 0.000471 0.001057 
0.000583 0.000080 0.000490 0.001021 
0.000592 0.000086 0.000498 0.001074 
0.000603 0.000088 0.000494 0.001103 
0.000586 0.000089 0.000483 0.001032 
0.000600 0.000095 0.000494 0.001073 
0.000601 0.000081 0.000485 0.001050 
0.000595 0.000097 0.000488 0.001116 
0.000651 0.000117 0.000506 0.001335 
0.000633 0.000110 0.000527 0.001331 
0.000635 0.000102 0.000512 0.001290 
0.000646 0.000102 0.000535 0.001266 
0.000644 0.000104 0.000532 0.001294 
0.000629 0.000110 0.000511 0.001361 
0.000646 0.000110 0.000535 0.001325 
0.000644 0.000105 0.000523 0.001222 
0.000639 0.000119 0.000510 0.001330 
0.000643 0.000120 0.000516 0.001419 
0.000637 0.000112 0.000519 0.001341 
0.000640 0.000107 0.000519 0.001376 
0.000641 0.000114 0.000503 0.001350 
