0.000615 0.000063 0.000524 0.001102 
0.000618 0.000074 0.000519 0.001146 
0.000624 0.000068 0.000521 0.001189 
0.000625 0.000060 0.000542 0.001090 
0.000622 0.000072 0.000517 0.001210 
0.000619 0.000060 0.000523 0.001084 
0.000618 0.000063 0.000526 0.001077 
0.000626 0.000063 0.000532 0.001069 
0.000615 0.000073 0.000502 0.001258 
0.000627 0.000073 0.000520 0.001277 
0.000621 0.000065 0.000522 0.001085 
0.000619 0.000066 0.000529 0.001155 
0.000617 0.000069 0.000524 0.001183 
0.000573 0.000082 0.000465 0.001312 
0.000583 0.000084 0.000492 0.001285 
0.000575 0.000079 0.000475 0.001300 
0.000586 0.000089 0.000488 0.001402 
0.000581 0.000068 0.000496 0.001395 
0.000579 0.000085 0.000475 0.001295 
0.000576 0.000081 0.000483 0.001364 
0.000566 0.000099 0.000474 0.001413 
0.000575 0.000080 0.000473 0.001303 
0.000569 0.000085 0.000470 0.001294 
0.000560 0.000084 0.000454 0.001314 
0.000581 0.000077 0.000483 0.001374 
0.000582 0.000081 0.000480 0.001340 
0.000623 0.000101 0.000528 0.001315 
0.000597 0.000114 0.000471 0.001438 
0.000615 0.000109 0.000489 0.001316 
0.000608 0.000128 0.000472 0.001557 
0.000613 0.000105 0.000507 0.001376 
0.000600 0.000113 0.000476 0.001567 
0.000601 0.000108 0.000482 0.001299 
0.000613 0.000099 0.000495 0.001197 
0.000622 0.000109 0.000517 0.001431 
0.000590 0.000101 0.000486 0.001405 
0.000625 0.000115 0.000495 0.001479 
0.000622 0.000074 0.000521 0.001111 
0.000619 0.000091 0.000503 0.001233 
0.000620 0.000074 0.000510 0.001086 
0.000604 0.000082 0.000478 0.001181 
0.000620 0.000090 0.000489 0.001222 
0.000604 0.000076 0.000482 0.001134 
0.000614 0.000092 0.000502 0.001239 
0.000617 0.000081 0.000502 0.001158 
0.000618 0.000085 0.000501 0.001289 
0.000632 0.000069 0.000530 0.001067 
0.000614 0.000085 0.000493 0.001209 
0.000625 0.000057 0.000536 0.000995 
0.000694 0.000194 0.000531 0.002090 
0.000690 0.000195 0.000524 0.001901 
0.000686 0.000206 0.000512 0.002102 
0.000708 0.000190 0.000540 0.001835 
0.000693 0.000200 0.000513 0.002052 
0.000689 0.000207 0.000509 0.002194 
0.000678 0.000187 0.000516 0.001900 
0.000686 0.000202 0.000521 0.002069 
0.000703 0.000222 0.000508 0.002054 
0.000711 0.000210 0.000506 0.002051 
0.000693 0.000237 0.000508 0.002349 
0.000593 0.000113 0.000468 0.001374 
0.000588 0.000113 0.000451 0.001357 
0.000593 0.000109 0.000455 0.001246 
0.000589 0.000098 0.000460 0.001232 
0.000577 0.000114 0.000447 0.001335 
0.000573 0.000097 0.000461 0.001264 
0.000599 0.000118 0.000470 0.001335 
0.000582 0.000120 0.000447 0.001415 
0.000576 0.000124 0.000452 0.001388 
0.000597 0.000127 0.000456 0.001449 
0.000617 0.000081 0.000528 0.001298 
0.000593 0.000100 0.000481 0.001388 
0.000608 0.000084 0.000510 0.001280 
0.000585 0.000079 0.000501 0.001235 
0.000600 0.000076 0.000516 0.001287 
0.000617 0.000079 0.000520 0.001314 
0.000623 0.000092 0.000520 0.001332 
0.000615 0.000083 0.000526 0.001363 
0.000609 0.000087 0.000505 0.001261 
0.000623 0.000088 0.000524 0.001338 
0.000614 0.000104 0.000504 0.001406 
0.000621 0.000091 0.000530 0.001439 
0.000620 0.000087 0.000523 0.001263 
0.000590 0.000076 0.000481 0.001235 
0.000602 0.000083 0.000519 0.001254 
0.000595 0.000090 0.000492 0.001303 
0.000617 0.000117 0.000501 0.001599 
0.000613 0.000117 0.000496 0.001446 
0.000614 0.000126 0.000506 0.001514 
0.000619 0.000129 0.000506 0.001500 
0.000623 0.000129 0.000505 0.001598 
0.000614 0.000118 0.000504 0.001457 
0.000612 0.000106 0.000498 0.001288 
0.000621 0.000119 0.000513 0.001472 
0.000619 0.000119 0.000506 0.001473 
0.000628 0.000139 0.000501 0.001524 
0.000611 0.000126 0.000491 0.001506 
0.000617 0.000120 0.000498 0.001553 
0.000618 0.000115 0.000504 0.001488 
0.000609 0.000115 0.000489 0.001371 
0.000709 0.000239 0.000522 0.002214 
0.000706 0.000258 0.000510 0.002312 
0.000717 0.000230 0.000543 0.002093 
0.000697 0.000211 0.000533 0.001926 
0.000714 0.000212 0.000531 0.001927 
0.000703 0.000225 0.000519 0.002065 
0.000694 0.000194 0.000521 0.001874 
0.000704 0.000255 0.000501 0.002350 
0.000737 0.000272 0.000528 0.002065 
0.000689 0.000252 0.000492 0.002157 
0.000697 0.000215 0.000526 0.002008 
0.000691 0.000227 0.000483 0.001995 
0.000696 0.000221 0.000498 0.002055 
0.000724 0.000244 0.000491 0.002144 
0.000663 0.000123 0.000529 0.001549 
0.000651 0.000121 0.000513 0.001523 
0.000679 0.000126 0.000520 0.001527 
0.000679 0.000118 0.000529 0.001375 
0.000672 0.000118 0.000519 0.001538 
0.000663 0.000120 0.000517 0.001452 
0.000678 0.000115 0.000532 0.001535 
0.000675 0.000126 0.000531 0.001467 
0.000656 0.000118 0.000513 0.001493 
0.000661 0.000113 0.000520 0.001491 
0.000670 0.000119 0.000499 0.001521 
0.000673 0.000130 0.000506 0.001510 
0.000670 0.000118 0.000519 0.001395 
0.000679 0.000132 0.000551 0.001588 
0.000658 0.000160 0.000496 0.001817 
0.000668 0.000135 0.000532 0.001693 
0.000667 0.000113 0.000549 0.001603 
0.000686 0.000136 0.000554 0.001676 
0.000666 0.000138 0.000532 0.001576 
0.000678 0.000140 0.000547 0.001833 
0.000685 0.000139 0.000565 0.001693 
0.000687 0.000137 0.000526 0.001708 
0.000684 0.000124 0.000546 0.001647 
0.000667 0.000131 0.000540 0.001720 
0.000653 0.000120 0.000544 0.001543 
0.000721 0.000288 0.000495 0.002460 
0.000708 0.000274 0.000468 0.002415 
0.000724 0.000280 0.000477 0.002314 
0.000726 0.000261 0.000487 0.002199 
0.000711 0.000266 0.000486 0.002516 
0.000699 0.000258 0.000481 0.002282 
0.000725 0.000278 0.000484 0.002339 
0.000721 0.000258 0.000498 0.002229 
0.000666 0.000241 0.000468 0.002282 
0.000709 0.000275 0.000482 0.002648 
0.000708 0.000239 0.000493 0.002207 
0.000721 0.000263 0.000475 0.002319 
0.000699 0.000240 0.000496 0.002188 
0.000663 0.000163 0.000493 0.001674 
0.000660 0.000166 0.000503 0.001733 
0.000661 0.000163 0.000509 0.001601 
0.000674 0.000168 0.000526 0.001585 
0.000660 0.000160 0.000512 0.001671 
0.000668 0.000164 0.000518 0.001616 
0.000671 0.000175 0.000510 0.001699 
0.000657 0.000162 0.000518 0.001655 
0.000661 0.000168 0.000504 0.001750 
0.000670 0.000169 0.000489 0.001570 
0.000682 0.000171 0.000500 0.001622 
0.000665 0.000173 0.000479 0.001732 
0.000652 0.000155 0.000512 0.001713 
0.000592 0.000116 0.000503 0.001483 
0.000579 0.000124 0.000475 0.001451 
0.000585 0.000110 0.000487 0.001523 
0.000588 0.000108 0.000512 0.001388 
0.000592 0.000110 0.000497 0.001567 
0.000591 0.000098 0.000506 0.001314 
0.000586 0.000113 0.000480 0.001516 
0.000581 0.000118 0.000483 0.001498 
0.000590 0.000109 0.000486 0.001437 
0.000598 0.000107 0.000502 0.001459 
0.000581 0.000107 0.000494 0.001515 
0.000583 0.000122 0.000483 0.001563 
0.000589 0.000104 0.000494 0.001295 
0.000596 0.000136 0.000491 0.001669 
0.000682 0.000161 0.000553 0.001740 
0.000657 0.000202 0.000498 0.001985 
0.000701 0.000195 0.000543 0.001990 
0.000669 0.000171 0.000537 0.001862 
0.000671 0.000178 0.000524 0.001882 
0.000670 0.000197 0.000495 0.001920 
0.000732 0.000211 0.000559 0.002110 
0.000671 0.000177 0.000515 0.001837 
0.000693 0.000185 0.000520 0.001912 
0.000679 0.000195 0.000531 0.001904 
0.000710 0.000201 0.000549 0.002066 
0.000641 0.000179 0.000490 0.001904 
0.000679 0.000205 0.000512 0.001996 
