0.000693 0.000171 0.000483 0.001646 
0.000710 0.000185 0.000482 0.001676 
0.000701 0.000171 0.000489 0.001691 
0.000697 0.000172 0.000472 0.001602 
0.000700 0.000180 0.000447 0.001640 
0.000698 0.000173 0.000485 0.001654 
0.000698 0.000168 0.000478 0.001622 
0.000696 0.000165 0.000482 0.001615 
0.000689 0.000176 0.000473 0.001598 
0.000700 0.000184 0.000473 0.001673 
0.000707 0.000178 0.000477 0.001703 
0.000705 0.000176 0.000488 0.001716 
0.000688 0.000171 0.000469 0.001579 
0.000661 0.000206 0.000432 0.001789 
0.000686 0.000213 0.000470 0.001917 
0.000690 0.000201 0.000472 0.001809 
0.000683 0.000198 0.000464 0.001833 
0.000663 0.000188 0.000446 0.001758 
0.000671 0.000207 0.000457 0.001779 
0.000693 0.000221 0.000455 0.001864 
0.000654 0.000206 0.000446 0.001796 
0.000667 0.000200 0.000455 0.001812 
0.000662 0.000193 0.000454 0.001753 
0.000665 0.000201 0.000456 0.001791 
0.000669 0.000189 0.000456 0.001724 
0.000674 0.000201 0.000465 0.001811 
0.000694 0.000187 0.000497 0.001712 
0.000685 0.000208 0.000446 0.001828 
0.000679 0.000177 0.000470 0.001767 
0.000670 0.000172 0.000474 0.001737 
0.000669 0.000174 0.000463 0.001591 
0.000664 0.000181 0.000457 0.001763 
0.000670 0.000172 0.000447 0.001635 
0.000682 0.000184 0.000484 0.001608 
0.000702 0.000192 0.000500 0.001719 
0.000665 0.000185 0.000469 0.001711 
0.000693 0.000187 0.000451 0.001742 
0.000754 0.000215 0.000529 0.001943 
0.000742 0.000207 0.000473 0.001930 
0.000753 0.000207 0.000536 0.001904 
0.000727 0.000194 0.000487 0.001841 
0.000746 0.000209 0.000502 0.001925 
0.000712 0.000185 0.000479 0.001767 
0.000727 0.000204 0.000480 0.001869 
0.000726 0.000195 0.000506 0.001866 
0.000741 0.000208 0.000508 0.001948 
0.000726 0.000191 0.000507 0.001768 
0.000733 0.000201 0.000500 0.001879 
0.000727 0.000196 0.000504 0.001794 
0.000778 0.000238 0.000513 0.002013 
0.000777 0.000238 0.000503 0.001886 
0.000750 0.000224 0.000495 0.001910 
0.000788 0.000243 0.000514 0.002015 
0.000748 0.000231 0.000485 0.001932 
0.000762 0.000241 0.000473 0.002023 
0.000742 0.000229 0.000487 0.001920 
0.000766 0.000236 0.000490 0.001970 
0.000770 0.000237 0.000524 0.001982 
0.000783 0.000244 0.000516 0.001895 
0.000765 0.000237 0.000487 0.001928 
0.000672 0.000200 0.000479 0.001867 
0.000670 0.000190 0.000477 0.001778 
0.000675 0.000196 0.000472 0.001777 
0.000687 0.000210 0.000460 0.001831 
0.000668 0.000195 0.000473 0.001801 
0.000664 0.000201 0.000455 0.001821 
0.000679 0.000203 0.000474 0.001894 
0.000669 0.000207 0.000470 0.001870 
0.000641 0.000189 0.000399 0.001744 
0.000669 0.000198 0.000454 0.001869 
0.000737 0.000209 0.000500 0.001881 
0.000697 0.000198 0.000469 0.001748 
0.000720 0.000222 0.000438 0.001840 
0.000716 0.000203 0.000482 0.001842 
0.000700 0.000201 0.000469 0.001807 
0.000710 0.000209 0.000449 0.001762 
0.000723 0.000214 0.000451 0.001861 
0.000736 0.000216 0.000480 0.001914 
0.000721 0.000209 0.000475 0.001839 
0.000726 0.000227 0.000452 0.001806 
0.000734 0.000217 0.000487 0.001876 
0.000735 0.000219 0.000481 0.001868 
0.000721 0.000219 0.000467 0.001921 
0.000726 0.000205 0.000493 0.001839 
0.000706 0.000206 0.000453 0.001789 
0.000715 0.000219 0.000444 0.001893 
0.000691 0.000190 0.000475 0.001883 
0.000677 0.000181 0.000453 0.001671 
0.000697 0.000198 0.000471 0.001720 
0.000706 0.000191 0.000508 0.001788 
0.000701 0.000180 0.000466 0.001709 
0.000691 0.000180 0.000488 0.001730 
0.000711 0.000188 0.000484 0.001799 
0.000714 0.000188 0.000490 0.001822 
0.000697 0.000192 0.000494 0.001796 
0.000712 0.000207 0.000478 0.001962 
0.000706 0.000196 0.000492 0.001849 
0.000695 0.000172 0.000490 0.001716 
0.000705 0.000197 0.000469 0.001824 
0.000703 0.000192 0.000481 0.001783 
0.000768 0.000229 0.000499 0.001960 
0.000762 0.000222 0.000490 0.001957 
0.000766 0.000238 0.000454 0.001980 
0.000816 0.000241 0.000527 0.002139 
0.000800 0.000239 0.000507 0.002014 
0.000764 0.000224 0.000486 0.002001 
0.000765 0.000234 0.000453 0.002055 
0.000774 0.000227 0.000500 0.002000 
0.000771 0.000236 0.000481 0.001973 
0.000767 0.000241 0.000477 0.002073 
0.000775 0.000232 0.000495 0.002036 
0.000759 0.000224 0.000486 0.001986 
0.000757 0.000219 0.000458 0.001956 
0.000783 0.000228 0.000518 0.002049 
0.000738 0.000222 0.000476 0.001864 
0.000713 0.000193 0.000486 0.001854 
0.000729 0.000207 0.000483 0.001815 
0.000736 0.000210 0.000502 0.001839 
0.000736 0.000205 0.000487 0.001833 
0.000721 0.000208 0.000465 0.001806 
0.000755 0.000228 0.000496 0.001949 
0.000734 0.000220 0.000485 0.001821 
0.000745 0.000225 0.000489 0.001848 
0.000728 0.000210 0.000480 0.001887 
0.000746 0.000200 0.000516 0.001830 
0.000759 0.000225 0.000503 0.001912 
0.000743 0.000211 0.000493 0.001890 
0.000745 0.000211 0.000521 0.001976 
0.000736 0.000204 0.000492 0.001878 
0.000733 0.000208 0.000481 0.001812 
0.000723 0.000187 0.000489 0.001708 
0.000743 0.000210 0.000500 0.001905 
0.000725 0.000210 0.000513 0.001880 
0.000739 0.000223 0.000494 0.001877 
0.000726 0.000216 0.000496 0.001928 
0.000751 0.000214 0.000499 0.001870 
0.000767 0.000212 0.000526 0.001922 
0.000724 0.000209 0.000485 0.001815 
0.000751 0.000207 0.000520 0.001825 
0.000776 0.000223 0.000484 0.001900 
0.000773 0.000222 0.000479 0.001906 
0.000774 0.000232 0.000448 0.001948 
0.000778 0.000225 0.000477 0.001899 
0.000782 0.000222 0.000496 0.001828 
0.000759 0.000221 0.000453 0.001854 
0.000773 0.000225 0.000474 0.001897 
0.000794 0.000229 0.000474 0.001924 
0.000764 0.000220 0.000450 0.001908 
0.000748 0.000216 0.000434 0.001832 
0.000778 0.000230 0.000485 0.001918 
0.000783 0.000224 0.000470 0.001895 
0.000764 0.000216 0.000460 0.001774 
0.000706 0.000179 0.000503 0.001832 
0.000726 0.000197 0.000500 0.001927 
0.000714 0.000205 0.000495 0.001998 
0.000701 0.000191 0.000491 0.001893 
0.000690 0.000175 0.000476 0.001854 
0.000705 0.000196 0.000498 0.001938 
0.000716 0.000200 0.000502 0.001894 
0.000709 0.000204 0.000507 0.001998 
0.000699 0.000196 0.000493 0.001918 
0.000696 0.000182 0.000493 0.001947 
0.000729 0.000196 0.000534 0.001970 
0.000710 0.000178 0.000513 0.001972 
0.000707 0.000217 0.000481 0.001956 
0.000675 0.000168 0.000445 0.001613 
0.000660 0.000167 0.000437 0.001423 
0.000671 0.000163 0.000480 0.001656 
0.000670 0.000162 0.000460 0.001555 
0.000680 0.000167 0.000472 0.001595 
0.000685 0.000176 0.000478 0.001738 
0.000670 0.000160 0.000475 0.001538 
0.000660 0.000158 0.000463 0.001650 
0.000669 0.000171 0.000450 0.001648 
0.000673 0.000170 0.000463 0.001634 
0.000671 0.000161 0.000466 0.001603 
0.000666 0.000174 0.000448 0.001562 
0.000671 0.000158 0.000465 0.001624 
0.000693 0.000170 0.000464 0.001514 
0.000793 0.000303 0.000482 0.002288 
0.000774 0.000281 0.000482 0.002216 
0.000814 0.000292 0.000503 0.002255 
0.000812 0.000291 0.000514 0.002220 
0.000796 0.000282 0.000502 0.002171 
0.000800 0.000289 0.000479 0.002188 
0.000807 0.000304 0.000444 0.002171 
0.000772 0.000279 0.000483 0.002120 
0.000798 0.000296 0.000485 0.002245 
0.000809 0.000310 0.000490 0.002217 
0.000785 0.000290 0.000469 0.002208 
0.000764 0.000276 0.000485 0.002119 
0.000774 0.000287 0.000443 0.002227 
