0.000621 0.000069 0.000506 0.001064 
0.000611 0.000060 0.000503 0.001004 
0.000623 0.000065 0.000523 0.001057 
0.000622 0.000067 0.000515 0.001072 
0.000612 0.000056 0.000508 0.000958 
0.000620 0.000062 0.000504 0.001038 
0.000633 0.000062 0.000537 0.001096 
0.000642 0.000066 0.000531 0.001096 
0.000619 0.000061 0.000505 0.000993 
0.000615 0.000066 0.000521 0.001033 
0.000626 0.000068 0.000502 0.001012 
0.000622 0.000065 0.000511 0.000999 
0.000621 0.000061 0.000510 0.000974 
0.000613 0.000115 0.000479 0.001577 
0.000618 0.000106 0.000498 0.001379 
0.000607 0.000107 0.000476 0.001285 
0.000628 0.000119 0.000485 0.001508 
0.000629 0.000108 0.000514 0.001507 
0.000600 0.000095 0.000486 0.001351 
0.000614 0.000090 0.000491 0.001322 
0.000623 0.000107 0.000484 0.001475 
0.000598 0.000103 0.000471 0.001369 
0.000617 0.000120 0.000476 0.001498 
0.000605 0.000110 0.000472 0.001411 
0.000631 0.000117 0.000508 0.001382 
0.000614 0.000104 0.000479 0.001305 
0.000653 0.000103 0.000526 0.001337 
0.000616 0.000105 0.000471 0.001366 
0.000659 0.000121 0.000512 0.001531 
0.000637 0.000128 0.000484 0.001667 
0.000628 0.000101 0.000502 0.001429 
0.000623 0.000115 0.000498 0.001480 
0.000643 0.000123 0.000493 0.001592 
0.000636 0.000099 0.000499 0.001278 
0.000624 0.000097 0.000498 0.001412 
0.000620 0.000101 0.000494 0.001393 
0.000652 0.000113 0.000525 0.001495 
0.000609 0.000040 0.000512 0.000823 
0.000610 0.000042 0.000501 0.000808 
0.000609 0.000045 0.000508 0.000816 
0.000600 0.000048 0.000490 0.000814 
0.000607 0.000048 0.000491 0.000822 
0.000606 0.000047 0.000490 0.000806 
0.000596 0.000045 0.000485 0.000807 
0.000608 0.000045 0.000493 0.000850 
0.000602 0.000044 0.000491 0.000802 
0.000622 0.000048 0.000507 0.000860 
0.000596 0.000047 0.000493 0.000802 
0.000618 0.000045 0.000525 0.000848 
0.000685 0.000133 0.000548 0.001675 
0.000692 0.000151 0.000525 0.001540 
0.000692 0.000149 0.000514 0.001504 
0.000697 0.000124 0.000531 0.001378 
0.000697 0.000152 0.000512 0.001718 
0.000682 0.000147 0.000510 0.001632 
0.000709 0.000158 0.000544 0.001680 
0.000679 0.000133 0.000531 0.001459 
0.000686 0.000140 0.000518 0.001553 
0.000697 0.000131 0.000495 0.001617 
0.000687 0.000170 0.000499 0.001795 
0.000620 0.000117 0.000477 0.001422 
0.000612 0.000133 0.000465 0.001592 
0.000628 0.000121 0.000497 0.001461 
0.000618 0.000108 0.000483 0.001498 
0.000587 0.000129 0.000445 0.001589 
0.000619 0.000114 0.000478 0.001579 
0.000614 0.000125 0.000480 0.001482 
0.000618 0.000130 0.000475 0.001581 
0.000598 0.000128 0.000448 0.001529 
0.000612 0.000131 0.000464 0.001668 
0.000670 0.000131 0.000531 0.001529 
0.000656 0.000157 0.000485 0.001540 
0.000642 0.000137 0.000497 0.001522 
0.000656 0.000135 0.000510 0.001528 
0.000671 0.000128 0.000534 0.001473 
0.000657 0.000128 0.000516 0.001731 
0.000675 0.000131 0.000533 0.001553 
0.000661 0.000140 0.000519 0.001570 
0.000661 0.000131 0.000516 0.001683 
0.000668 0.000120 0.000534 0.001423 
0.000670 0.000140 0.000513 0.001530 
0.000668 0.000138 0.000528 0.001635 
0.000648 0.000132 0.000506 0.001662 
0.000674 0.000147 0.000515 0.001593 
0.000668 0.000136 0.000523 0.001534 
0.000629 0.000143 0.000480 0.001659 
0.000650 0.000093 0.000541 0.001507 
0.000629 0.000102 0.000502 0.001457 
0.000630 0.000099 0.000515 0.001463 
0.000651 0.000105 0.000523 0.001540 
0.000634 0.000092 0.000529 0.001434 
0.000632 0.000101 0.000514 0.001631 
0.000634 0.000101 0.000521 0.001482 
0.000649 0.000108 0.000515 0.001506 
0.000645 0.000094 0.000529 0.001336 
0.000645 0.000113 0.000495 0.001697 
0.000637 0.000096 0.000521 0.001432 
0.000649 0.000117 0.000518 0.001673 
0.000642 0.000105 0.000520 0.001616 
0.000631 0.000107 0.000506 0.001543 
0.000687 0.000137 0.000530 0.001527 
0.000662 0.000137 0.000529 0.001573 
0.000683 0.000128 0.000535 0.001407 
0.000694 0.000142 0.000539 0.001503 
0.000681 0.000142 0.000542 0.001511 
0.000669 0.000133 0.000520 0.001550 
0.000672 0.000126 0.000546 0.001581 
0.000676 0.000155 0.000519 0.001522 
0.000679 0.000134 0.000533 0.001475 
0.000653 0.000135 0.000497 0.001445 
0.000709 0.000151 0.000533 0.001561 
0.000676 0.000149 0.000509 0.001482 
0.000715 0.000161 0.000540 0.001667 
0.000682 0.000160 0.000518 0.001645 
0.000618 0.000067 0.000488 0.000977 
0.000616 0.000075 0.000481 0.001115 
0.000629 0.000079 0.000480 0.001125 
0.000637 0.000073 0.000506 0.001121 
0.000640 0.000067 0.000522 0.001061 
0.000629 0.000073 0.000500 0.001040 
0.000648 0.000076 0.000502 0.001048 
0.000627 0.000067 0.000492 0.001049 
0.000641 0.000068 0.000510 0.001105 
0.000640 0.000072 0.000498 0.001111 
0.000624 0.000078 0.000479 0.001167 
0.000636 0.000075 0.000491 0.001047 
0.000634 0.000076 0.000499 0.001129 
0.000688 0.000105 0.000526 0.001336 
0.000685 0.000131 0.000487 0.001565 
0.000685 0.000123 0.000521 0.001389 
0.000681 0.000119 0.000500 0.001445 
0.000688 0.000114 0.000543 0.001460 
0.000687 0.000122 0.000508 0.001407 
0.000685 0.000103 0.000533 0.001324 
0.000690 0.000101 0.000551 0.001458 
0.000684 0.000112 0.000532 0.001337 
0.000683 0.000115 0.000505 0.001321 
0.000683 0.000107 0.000528 0.001333 
0.000676 0.000112 0.000521 0.001408 
0.000744 0.000232 0.000543 0.002109 
0.000759 0.000270 0.000514 0.002218 
0.000739 0.000251 0.000525 0.002191 
0.000732 0.000240 0.000529 0.002127 
0.000734 0.000257 0.000516 0.002264 
0.000695 0.000203 0.000511 0.001941 
0.000749 0.000266 0.000520 0.002181 
0.000743 0.000250 0.000537 0.002190 
0.000714 0.000257 0.000505 0.002299 
0.000731 0.000256 0.000513 0.002294 
0.000744 0.000220 0.000528 0.001950 
0.000760 0.000271 0.000543 0.002376 
0.000752 0.000248 0.000519 0.002084 
0.000658 0.000083 0.000508 0.001242 
0.000666 0.000093 0.000515 0.001257 
0.000666 0.000088 0.000518 0.001429 
0.000686 0.000091 0.000544 0.001303 
0.000665 0.000095 0.000528 0.001464 
0.000664 0.000085 0.000520 0.001259 
0.000665 0.000087 0.000514 0.001348 
0.000661 0.000088 0.000513 0.001304 
0.000655 0.000084 0.000515 0.001196 
0.000674 0.000098 0.000513 0.001268 
0.000659 0.000091 0.000516 0.001301 
0.000668 0.000093 0.000515 0.001349 
0.000654 0.000088 0.000496 0.001247 
0.000652 0.000127 0.000480 0.001610 
0.000646 0.000137 0.000469 0.001510 
0.000637 0.000125 0.000486 0.001412 
0.000631 0.000105 0.000519 0.001509 
0.000644 0.000123 0.000486 0.001443 
0.000632 0.000110 0.000506 0.001507 
0.000636 0.000110 0.000458 0.001267 
0.000632 0.000127 0.000477 0.001505 
0.000642 0.000125 0.000460 0.001548 
0.000654 0.000115 0.000510 0.001467 
0.000639 0.000138 0.000493 0.001573 
0.000625 0.000106 0.000491 0.001440 
0.000653 0.000122 0.000504 0.001493 
0.000631 0.000116 0.000499 0.001387 
0.000727 0.000153 0.000568 0.001829 
0.000697 0.000177 0.000490 0.001806 
0.000695 0.000148 0.000519 0.001648 
0.000698 0.000159 0.000527 0.001628 
0.000696 0.000157 0.000523 0.001595 
0.000683 0.000159 0.000489 0.001582 
0.000725 0.000162 0.000567 0.001683 
0.000684 0.000159 0.000510 0.001724 
0.000700 0.000160 0.000521 0.001602 
0.000686 0.000142 0.000509 0.001460 
0.000696 0.000152 0.000523 0.001806 
0.000701 0.000179 0.000496 0.001704 
0.000686 0.000166 0.000499 0.001684 
