0.000799 0.000154 0.000631 0.001422 
0.000795 0.000145 0.000613 0.001380 
0.000785 0.000138 0.000575 0.001412 
0.000785 0.000148 0.000573 0.001577 
0.000794 0.000167 0.000609 0.001644 
0.000785 0.000151 0.000581 0.001462 
0.000785 0.000139 0.000589 0.001461 
0.000803 0.000135 0.000587 0.001431 
0.000794 0.000138 0.000589 0.001401 
0.000795 0.000152 0.000587 0.001437 
0.000769 0.000131 0.000583 0.001392 
0.000787 0.000147 0.000592 0.001424 
0.000791 0.000151 0.000616 0.001482 
0.000710 0.000101 0.000587 0.001184 
0.000725 0.000104 0.000556 0.001254 
0.000725 0.000093 0.000613 0.001139 
0.000717 0.000105 0.000605 0.001200 
0.000716 0.000089 0.000566 0.001159 
0.000706 0.000105 0.000583 0.001259 
0.000724 0.000127 0.000564 0.001280 
0.000709 0.000115 0.000511 0.001182 
0.000698 0.000099 0.000559 0.001198 
0.000720 0.000109 0.000598 0.001182 
0.000741 0.000111 0.000592 0.001245 
0.000713 0.000090 0.000591 0.001127 
0.000715 0.000098 0.000593 0.001215 
0.000790 0.000103 0.000634 0.001242 
0.000776 0.000112 0.000595 0.001232 
0.000788 0.000119 0.000626 0.001225 
0.000768 0.000126 0.000572 0.001333 
0.000774 0.000136 0.000605 0.001360 
0.000755 0.000114 0.000585 0.001300 
0.000783 0.000122 0.000620 0.001272 
0.000785 0.000133 0.000622 0.001333 
0.000777 0.000137 0.000588 0.001465 
0.000770 0.000126 0.000588 0.001362 
0.000788 0.000124 0.000625 0.001294 
0.000798 0.000100 0.000634 0.001208 
0.000837 0.000126 0.000651 0.001407 
0.000814 0.000117 0.000624 0.001313 
0.000820 0.000092 0.000648 0.001373 
0.000817 0.000116 0.000654 0.001429 
0.000814 0.000097 0.000621 0.001227 
0.000816 0.000126 0.000609 0.001390 
0.000826 0.000108 0.000618 0.001229 
0.000799 0.000105 0.000639 0.001428 
0.000823 0.000109 0.000613 0.001244 
0.000823 0.000119 0.000628 0.001309 
0.000805 0.000104 0.000609 0.001234 
0.000774 0.000096 0.000634 0.001118 
0.000809 0.000104 0.000661 0.001182 
0.000782 0.000092 0.000631 0.001149 
0.000771 0.000089 0.000647 0.001174 
0.000810 0.000098 0.000643 0.001146 
0.000793 0.000091 0.000646 0.001129 
0.000786 0.000093 0.000628 0.001134 
0.000786 0.000097 0.000616 0.001186 
0.000779 0.000095 0.000633 0.001168 
0.000792 0.000094 0.000631 0.001135 
0.000800 0.000099 0.000665 0.001168 
0.000828 0.000219 0.000573 0.001763 
0.000791 0.000209 0.000567 0.001794 
0.000794 0.000215 0.000559 0.001710 
0.000829 0.000233 0.000563 0.001757 
0.000787 0.000200 0.000554 0.001628 
0.000811 0.000210 0.000537 0.001737 
0.000815 0.000213 0.000546 0.001731 
0.000783 0.000213 0.000555 0.001634 
0.000829 0.000230 0.000542 0.001679 
0.000765 0.000189 0.000540 0.001621 
0.000781 0.000111 0.000581 0.001232 
0.000786 0.000109 0.000588 0.001197 
0.000790 0.000113 0.000565 0.001154 
0.000821 0.000138 0.000590 0.001392 
0.000755 0.000116 0.000559 0.001204 
0.000797 0.000132 0.000571 0.001313 
0.000819 0.000119 0.000596 0.001194 
0.000788 0.000108 0.000598 0.001147 
0.000783 0.000112 0.000578 0.001209 
0.000824 0.000133 0.000559 0.001288 
0.000785 0.000108 0.000596 0.001149 
0.000804 0.000111 0.000605 0.001191 
0.000803 0.000126 0.000587 0.001275 
0.000807 0.000112 0.000615 0.001174 
0.000797 0.000125 0.000598 0.001222 
0.000805 0.000122 0.000578 0.001231 
0.000757 0.000096 0.000620 0.001212 
0.000794 0.000109 0.000628 0.001277 
0.000791 0.000124 0.000639 0.001386 
0.000766 0.000128 0.000592 0.001467 
0.000777 0.000124 0.000589 0.001409 
0.000780 0.000120 0.000623 0.001354 
0.000784 0.000125 0.000619 0.001377 
0.000778 0.000126 0.000597 0.001401 
0.000769 0.000114 0.000609 0.001318 
0.000802 0.000123 0.000609 0.001327 
0.000766 0.000129 0.000601 0.001351 
0.000793 0.000130 0.000622 0.001396 
0.000758 0.000133 0.000526 0.001340 
0.000793 0.000122 0.000632 0.001363 
0.000821 0.000182 0.000589 0.001456 
0.000830 0.000173 0.000628 0.001506 
0.000842 0.000187 0.000588 0.001505 
0.000847 0.000181 0.000587 0.001576 
0.000834 0.000182 0.000626 0.001683 
0.000821 0.000171 0.000604 0.001477 
0.000850 0.000176 0.000596 0.001579 
0.000835 0.000178 0.000617 0.001555 
0.000842 0.000188 0.000596 0.001554 
0.000807 0.000181 0.000590 0.001653 
0.000829 0.000180 0.000587 0.001478 
0.000827 0.000176 0.000599 0.001602 
0.000827 0.000169 0.000608 0.001526 
0.000823 0.000175 0.000609 0.001483 
0.000805 0.000166 0.000590 0.001484 
0.000776 0.000160 0.000583 0.001474 
0.000775 0.000147 0.000578 0.001377 
0.000776 0.000153 0.000594 0.001393 
0.000794 0.000178 0.000576 0.001524 
0.000767 0.000165 0.000553 0.001438 
0.000810 0.000165 0.000597 0.001519 
0.000792 0.000152 0.000589 0.001397 
0.000764 0.000151 0.000575 0.001482 
0.000780 0.000153 0.000547 0.001367 
0.000785 0.000161 0.000605 0.001466 
0.000789 0.000160 0.000558 0.001478 
0.000769 0.000154 0.000586 0.001424 
0.000782 0.000125 0.000619 0.001390 
0.000792 0.000128 0.000610 0.001392 
0.000767 0.000116 0.000639 0.001319 
0.000794 0.000127 0.000640 0.001500 
0.000780 0.000112 0.000635 0.001293 
0.000751 0.000108 0.000608 0.001314 
0.000758 0.000115 0.000615 0.001375 
0.000802 0.000150 0.000601 0.001438 
0.000762 0.000128 0.000631 0.001349 
0.000768 0.000115 0.000643 0.001436 
0.000768 0.000124 0.000613 0.001390 
0.000821 0.000142 0.000644 0.001460 
0.000802 0.000126 0.000635 0.001373 
0.000760 0.000101 0.000618 0.001222 
0.000789 0.000107 0.000637 0.001276 
0.000776 0.000121 0.000597 0.001300 
0.000782 0.000112 0.000622 0.001243 
0.000784 0.000128 0.000587 0.001314 
0.000787 0.000129 0.000585 0.001350 
0.000787 0.000116 0.000609 0.001226 
0.000775 0.000118 0.000571 0.001341 
0.000790 0.000108 0.000632 0.001272 
0.000802 0.000121 0.000629 0.001282 
0.000779 0.000116 0.000597 0.001233 
0.000797 0.000089 0.000626 0.001172 
0.000738 0.000064 0.000633 0.001095 
0.000762 0.000068 0.000660 0.001130 
0.000764 0.000071 0.000646 0.001115 
0.000776 0.000069 0.000632 0.001085 
0.000728 0.000063 0.000632 0.001113 
0.000735 0.000060 0.000640 0.001064 
0.000753 0.000078 0.000650 0.001225 
0.000741 0.000061 0.000634 0.001062 
0.000732 0.000067 0.000646 0.001102 
0.000743 0.000069 0.000615 0.001110 
0.000734 0.000065 0.000649 0.001037 
0.000746 0.000059 0.000661 0.001096 
0.000738 0.000083 0.000617 0.001149 
0.000799 0.000112 0.000644 0.001384 
0.000815 0.000102 0.000658 0.001414 
0.000775 0.000121 0.000623 0.001418 
0.000813 0.000121 0.000634 0.001385 
0.000786 0.000111 0.000650 0.001391 
0.000791 0.000115 0.000638 0.001391 
0.000802 0.000119 0.000633 0.001392 
0.000787 0.000113 0.000626 0.001380 
0.000779 0.000115 0.000620 0.001373 
0.000803 0.000122 0.000639 0.001333 
0.000819 0.000125 0.000651 0.001349 
0.000796 0.000108 0.000641 0.001481 
0.000800 0.000103 0.000656 0.001517 
0.000782 0.000121 0.000633 0.001495 
0.000871 0.000185 0.000625 0.001677 
0.000861 0.000176 0.000636 0.001588 
0.000858 0.000170 0.000610 0.001495 
0.000872 0.000185 0.000633 0.001545 
0.000873 0.000170 0.000641 0.001531 
0.000839 0.000164 0.000612 0.001497 
0.000883 0.000178 0.000604 0.001543 
0.000825 0.000158 0.000602 0.001472 
0.000852 0.000159 0.000647 0.001486 
0.000841 0.000173 0.000616 0.001511 
0.000836 0.000167 0.000620 0.001558 
0.000849 0.000176 0.000610 0.001586 
0.000856 0.000160 0.000612 0.001467 
