0.000591 0.000046 0.000488 0.000766 
0.000594 0.000055 0.000451 0.000792 
0.000579 0.000042 0.000478 0.000776 
0.000586 0.000047 0.000468 0.000814 
0.000584 0.000053 0.000401 0.000711 
0.000584 0.000049 0.000446 0.000735 
0.000595 0.000043 0.000494 0.000719 
0.000607 0.000043 0.000479 0.000776 
0.000582 0.000041 0.000478 0.000706 
0.000597 0.000055 0.000460 0.000771 
0.000598 0.000054 0.000480 0.000829 
0.000594 0.000058 0.000413 0.000779 
0.000593 0.000042 0.000456 0.000707 
0.000565 0.000037 0.000467 0.000648 
0.000567 0.000042 0.000473 0.000708 
0.000570 0.000039 0.000470 0.000688 
0.000578 0.000037 0.000488 0.000673 
0.000594 0.000033 0.000489 0.000687 
0.000562 0.000039 0.000469 0.000676 
0.000583 0.000043 0.000463 0.000714 
0.000573 0.000038 0.000481 0.000676 
0.000561 0.000035 0.000459 0.000658 
0.000574 0.000043 0.000454 0.000708 
0.000570 0.000034 0.000466 0.000657 
0.000576 0.000038 0.000460 0.000667 
0.000570 0.000035 0.000467 0.000657 
0.000614 0.000055 0.000454 0.000761 
0.000576 0.000065 0.000447 0.000790 
0.000602 0.000060 0.000451 0.000749 
0.000582 0.000057 0.000436 0.000800 
0.000600 0.000062 0.000442 0.000773 
0.000577 0.000052 0.000431 0.000745 
0.000592 0.000061 0.000453 0.000783 
0.000599 0.000059 0.000440 0.000771 
0.000588 0.000075 0.000393 0.000841 
0.000586 0.000056 0.000434 0.000754 
0.000592 0.000050 0.000480 0.000747 
0.000599 0.000063 0.000458 0.000771 
0.000605 0.000048 0.000474 0.000730 
0.000609 0.000055 0.000480 0.000746 
0.000595 0.000050 0.000469 0.000750 
0.000596 0.000051 0.000485 0.000740 
0.000597 0.000050 0.000467 0.000754 
0.000591 0.000060 0.000451 0.000753 
0.000607 0.000049 0.000493 0.000751 
0.000590 0.000054 0.000479 0.000737 
0.000604 0.000039 0.000489 0.000745 
0.000582 0.000057 0.000470 0.000743 
0.000616 0.000044 0.000499 0.000727 
0.000600 0.000043 0.000515 0.000802 
0.000606 0.000042 0.000515 0.000869 
0.000608 0.000047 0.000494 0.000856 
0.000598 0.000041 0.000520 0.000800 
0.000619 0.000041 0.000508 0.000855 
0.000614 0.000045 0.000491 0.000818 
0.000622 0.000041 0.000521 0.000840 
0.000604 0.000036 0.000519 0.000761 
0.000601 0.000043 0.000509 0.000845 
0.000613 0.000050 0.000508 0.000857 
0.000605 0.000045 0.000500 0.000794 
0.000581 0.000044 0.000469 0.000887 
0.000566 0.000043 0.000466 0.000863 
0.000588 0.000045 0.000456 0.000915 
0.000578 0.000046 0.000468 0.000864 
0.000552 0.000054 0.000414 0.000892 
0.000571 0.000043 0.000451 0.000852 
0.000577 0.000045 0.000478 0.000958 
0.000563 0.000052 0.000454 0.000873 
0.000555 0.000041 0.000461 0.000717 
0.000554 0.000055 0.000373 0.000779 
0.000620 0.000045 0.000499 0.000815 
0.000599 0.000041 0.000495 0.000768 
0.000623 0.000043 0.000490 0.000899 
0.000617 0.000046 0.000488 0.000912 
0.000619 0.000043 0.000491 0.000871 
0.000624 0.000042 0.000481 0.000797 
0.000631 0.000040 0.000516 0.000848 
0.000618 0.000052 0.000500 0.000845 
0.000611 0.000046 0.000481 0.000920 
0.000635 0.000041 0.000502 0.000806 
0.000609 0.000054 0.000491 0.000961 
0.000620 0.000044 0.000513 0.000898 
0.000611 0.000045 0.000477 0.000773 
0.000617 0.000047 0.000475 0.000906 
0.000625 0.000042 0.000488 0.000860 
0.000605 0.000047 0.000490 0.000872 
0.000607 0.000043 0.000484 0.000797 
0.000612 0.000043 0.000455 0.000783 
0.000608 0.000040 0.000476 0.000764 
0.000603 0.000042 0.000475 0.000793 
0.000597 0.000040 0.000453 0.000761 
0.000601 0.000045 0.000479 0.000761 
0.000595 0.000044 0.000484 0.000852 
0.000587 0.000047 0.000465 0.000847 
0.000600 0.000046 0.000493 0.000780 
0.000587 0.000048 0.000448 0.000798 
0.000598 0.000051 0.000479 0.000807 
0.000604 0.000038 0.000474 0.000784 
0.000590 0.000041 0.000472 0.000757 
0.000597 0.000043 0.000467 0.000852 
0.000610 0.000042 0.000503 0.000867 
0.000604 0.000043 0.000500 0.000899 
0.000636 0.000042 0.000518 0.000868 
0.000630 0.000066 0.000491 0.000956 
0.000602 0.000052 0.000492 0.000923 
0.000582 0.000051 0.000444 0.000860 
0.000604 0.000041 0.000489 0.000869 
0.000607 0.000052 0.000488 0.000925 
0.000604 0.000044 0.000511 0.000839 
0.000605 0.000058 0.000481 0.000898 
0.000636 0.000048 0.000501 0.000851 
0.000618 0.000055 0.000502 0.000928 
0.000636 0.000048 0.000490 0.000972 
0.000618 0.000050 0.000510 0.000905 
0.000579 0.000042 0.000467 0.000765 
0.000561 0.000036 0.000470 0.000769 
0.000542 0.000045 0.000451 0.000820 
0.000559 0.000039 0.000457 0.000793 
0.000572 0.000043 0.000486 0.000776 
0.000541 0.000046 0.000389 0.000791 
0.000562 0.000044 0.000462 0.000856 
0.000543 0.000047 0.000435 0.000820 
0.000592 0.000058 0.000485 0.000897 
0.000547 0.000053 0.000375 0.000824 
0.000533 0.000045 0.000445 0.000824 
0.000548 0.000045 0.000465 0.000810 
0.000531 0.000060 0.000371 0.000787 
0.000587 0.000065 0.000429 0.000960 
0.000566 0.000058 0.000434 0.000906 
0.000569 0.000057 0.000457 0.000948 
0.000587 0.000048 0.000430 0.000972 
0.000585 0.000066 0.000391 0.001003 
0.000568 0.000063 0.000462 0.000954 
0.000562 0.000067 0.000381 0.000926 
0.000600 0.000046 0.000484 0.000890 
0.000573 0.000058 0.000450 0.000965 
0.000588 0.000053 0.000465 0.000884 
0.000572 0.000050 0.000457 0.000865 
0.000595 0.000048 0.000493 0.000904 
0.000606 0.000060 0.000506 0.001203 
0.000599 0.000074 0.000496 0.001376 
0.000594 0.000081 0.000487 0.001460 
0.000594 0.000068 0.000478 0.001300 
0.000594 0.000073 0.000482 0.001298 
0.000585 0.000065 0.000472 0.001113 
0.000594 0.000068 0.000462 0.001231 
0.000603 0.000065 0.000495 0.001239 
0.000575 0.000073 0.000447 0.001314 
0.000589 0.000060 0.000475 0.001275 
0.000598 0.000056 0.000491 0.001118 
0.000597 0.000071 0.000498 0.001388 
0.000598 0.000061 0.000511 0.001215 
0.000615 0.000052 0.000495 0.000840 
0.000615 0.000046 0.000485 0.000790 
0.000619 0.000044 0.000503 0.000767 
0.000644 0.000045 0.000512 0.000781 
0.000620 0.000042 0.000485 0.000752 
0.000608 0.000041 0.000507 0.000735 
0.000616 0.000050 0.000495 0.000796 
0.000605 0.000047 0.000500 0.000800 
0.000601 0.000043 0.000489 0.000743 
0.000604 0.000034 0.000510 0.000766 
0.000613 0.000048 0.000495 0.000849 
0.000609 0.000039 0.000501 0.000747 
0.000608 0.000047 0.000484 0.000810 
0.000634 0.000052 0.000488 0.000796 
0.000622 0.000043 0.000488 0.000755 
0.000610 0.000053 0.000484 0.000804 
0.000630 0.000051 0.000490 0.000807 
0.000615 0.000055 0.000477 0.000882 
0.000612 0.000049 0.000493 0.000773 
0.000605 0.000048 0.000487 0.000825 
0.000598 0.000054 0.000452 0.000750 
0.000623 0.000053 0.000494 0.000879 
0.000639 0.000049 0.000485 0.000849 
0.000594 0.000049 0.000476 0.000823 
0.000612 0.000049 0.000491 0.000747 
0.000606 0.000051 0.000460 0.000844 
0.000599 0.000053 0.000463 0.000805 
0.000643 0.000035 0.000552 0.000908 
0.000626 0.000061 0.000512 0.001005 
0.000621 0.000048 0.000518 0.000956 
0.000650 0.000059 0.000533 0.001016 
0.000629 0.000044 0.000521 0.000957 
0.000606 0.000050 0.000483 0.000933 
0.000637 0.000035 0.000547 0.000897 
0.000630 0.000049 0.000522 0.000962 
0.000624 0.000050 0.000516 0.000972 
0.000632 0.000045 0.000531 0.000898 
0.000622 0.000039 0.000516 0.000841 
0.000626 0.000058 0.000505 0.001006 
0.000611 0.000038 0.000519 0.000858 
