0.000604 0.000057 0.000486 0.000786 
0.000599 0.000049 0.000504 0.000767 
0.000598 0.000047 0.000493 0.000747 
0.000610 0.000054 0.000484 0.000762 
0.000599 0.000043 0.000506 0.000757 
0.000599 0.000047 0.000489 0.000741 
0.000600 0.000052 0.000488 0.000757 
0.000609 0.000059 0.000464 0.000783 
0.000587 0.000054 0.000471 0.000744 
0.000602 0.000053 0.000487 0.000771 
0.000611 0.000060 0.000500 0.000776 
0.000603 0.000052 0.000474 0.000784 
0.000602 0.000058 0.000471 0.000759 
0.000560 0.000037 0.000478 0.000711 
0.000565 0.000040 0.000462 0.000718 
0.000569 0.000043 0.000466 0.000704 
0.000579 0.000038 0.000473 0.000731 
0.000577 0.000042 0.000471 0.000703 
0.000562 0.000041 0.000456 0.000710 
0.000572 0.000041 0.000468 0.000695 
0.000554 0.000045 0.000456 0.000698 
0.000562 0.000040 0.000458 0.000711 
0.000570 0.000047 0.000471 0.000720 
0.000561 0.000044 0.000458 0.000693 
0.000560 0.000042 0.000439 0.000703 
0.000572 0.000044 0.000467 0.000713 
0.000611 0.000045 0.000487 0.000741 
0.000571 0.000040 0.000481 0.000710 
0.000596 0.000041 0.000471 0.000715 
0.000598 0.000046 0.000491 0.000728 
0.000601 0.000052 0.000454 0.000783 
0.000601 0.000048 0.000479 0.000775 
0.000595 0.000053 0.000466 0.000732 
0.000606 0.000057 0.000470 0.000778 
0.000604 0.000037 0.000509 0.000743 
0.000594 0.000046 0.000497 0.000743 
0.000606 0.000042 0.000518 0.000743 
0.000615 0.000041 0.000524 0.000766 
0.000610 0.000043 0.000494 0.000779 
0.000637 0.000050 0.000542 0.000792 
0.000604 0.000051 0.000490 0.000774 
0.000617 0.000044 0.000529 0.000785 
0.000611 0.000050 0.000486 0.000748 
0.000601 0.000044 0.000518 0.000790 
0.000622 0.000043 0.000522 0.000744 
0.000621 0.000047 0.000524 0.000778 
0.000627 0.000052 0.000519 0.000779 
0.000617 0.000056 0.000505 0.000803 
0.000633 0.000048 0.000523 0.000776 
0.000620 0.000045 0.000517 0.000807 
0.000620 0.000054 0.000502 0.000819 
0.000607 0.000054 0.000504 0.000807 
0.000626 0.000056 0.000525 0.000916 
0.000627 0.000059 0.000518 0.000846 
0.000620 0.000051 0.000526 0.000833 
0.000612 0.000055 0.000511 0.000826 
0.000614 0.000052 0.000524 0.000846 
0.000610 0.000050 0.000533 0.000811 
0.000618 0.000055 0.000508 0.000803 
0.000603 0.000052 0.000512 0.000786 
0.000594 0.000059 0.000478 0.000847 
0.000583 0.000060 0.000474 0.000828 
0.000592 0.000061 0.000468 0.000830 
0.000591 0.000054 0.000465 0.000830 
0.000574 0.000056 0.000463 0.000821 
0.000583 0.000055 0.000474 0.000832 
0.000586 0.000058 0.000481 0.000847 
0.000578 0.000057 0.000461 0.000825 
0.000568 0.000063 0.000450 0.000887 
0.000585 0.000055 0.000478 0.000764 
0.000625 0.000047 0.000503 0.000750 
0.000585 0.000050 0.000464 0.000716 
0.000619 0.000049 0.000487 0.000740 
0.000597 0.000049 0.000482 0.000730 
0.000617 0.000053 0.000487 0.000753 
0.000619 0.000051 0.000475 0.000737 
0.000618 0.000053 0.000499 0.000764 
0.000616 0.000047 0.000489 0.000749 
0.000605 0.000046 0.000498 0.000740 
0.000626 0.000055 0.000480 0.000757 
0.000605 0.000046 0.000510 0.000734 
0.000621 0.000049 0.000490 0.000740 
0.000618 0.000057 0.000479 0.000748 
0.000601 0.000044 0.000484 0.000752 
0.000609 0.000056 0.000465 0.000743 
0.000591 0.000044 0.000480 0.000715 
0.000595 0.000055 0.000477 0.000778 
0.000589 0.000053 0.000470 0.000759 
0.000597 0.000057 0.000472 0.000763 
0.000600 0.000044 0.000515 0.000771 
0.000596 0.000055 0.000484 0.000786 
0.000602 0.000047 0.000494 0.000766 
0.000610 0.000049 0.000493 0.000791 
0.000601 0.000053 0.000479 0.000809 
0.000605 0.000040 0.000506 0.000760 
0.000610 0.000044 0.000518 0.000842 
0.000601 0.000044 0.000505 0.000753 
0.000609 0.000047 0.000511 0.000814 
0.000602 0.000051 0.000489 0.000788 
0.000592 0.000047 0.000480 0.000773 
0.000624 0.000076 0.000487 0.000942 
0.000611 0.000066 0.000496 0.000876 
0.000628 0.000065 0.000500 0.000898 
0.000614 0.000055 0.000472 0.000831 
0.000648 0.000062 0.000529 0.000969 
0.000611 0.000070 0.000505 0.000940 
0.000626 0.000058 0.000510 0.000899 
0.000610 0.000072 0.000502 0.000909 
0.000623 0.000069 0.000500 0.000901 
0.000612 0.000065 0.000513 0.000903 
0.000600 0.000062 0.000464 0.000940 
0.000606 0.000068 0.000487 0.000989 
0.000623 0.000072 0.000488 0.000935 
0.000624 0.000066 0.000492 0.000891 
0.000584 0.000038 0.000501 0.000705 
0.000569 0.000035 0.000489 0.000743 
0.000589 0.000040 0.000498 0.000775 
0.000589 0.000043 0.000479 0.000735 
0.000601 0.000038 0.000500 0.000730 
0.000581 0.000044 0.000487 0.000732 
0.000608 0.000040 0.000505 0.000747 
0.000597 0.000045 0.000488 0.000765 
0.000596 0.000046 0.000498 0.000780 
0.000590 0.000041 0.000503 0.000715 
0.000594 0.000039 0.000504 0.000723 
0.000593 0.000038 0.000502 0.000729 
0.000577 0.000040 0.000472 0.000727 
0.000630 0.000037 0.000533 0.000741 
0.000604 0.000044 0.000512 0.000781 
0.000615 0.000058 0.000511 0.000781 
0.000623 0.000045 0.000526 0.000800 
0.000620 0.000036 0.000543 0.000737 
0.000608 0.000044 0.000518 0.000739 
0.000616 0.000045 0.000526 0.000745 
0.000622 0.000044 0.000513 0.000744 
0.000621 0.000050 0.000499 0.000754 
0.000627 0.000040 0.000521 0.000761 
0.000614 0.000046 0.000512 0.000739 
0.000622 0.000039 0.000527 0.000788 
0.000610 0.000051 0.000506 0.000776 
0.000612 0.000058 0.000487 0.000790 
0.000599 0.000051 0.000498 0.000736 
0.000596 0.000053 0.000495 0.000734 
0.000606 0.000053 0.000498 0.000776 
0.000576 0.000051 0.000458 0.000737 
0.000592 0.000047 0.000478 0.000729 
0.000622 0.000059 0.000502 0.000846 
0.000589 0.000054 0.000465 0.000767 
0.000594 0.000053 0.000477 0.000760 
0.000604 0.000046 0.000509 0.000766 
0.000607 0.000050 0.000496 0.000749 
0.000594 0.000046 0.000490 0.000759 
0.000616 0.000050 0.000509 0.000790 
0.000616 0.000053 0.000490 0.000786 
0.000614 0.000051 0.000483 0.000777 
0.000629 0.000060 0.000495 0.000823 
0.000611 0.000052 0.000486 0.000796 
0.000606 0.000050 0.000494 0.000761 
0.000609 0.000050 0.000503 0.000780 
0.000614 0.000044 0.000510 0.000741 
0.000599 0.000053 0.000483 0.000784 
0.000598 0.000044 0.000516 0.000768 
0.000605 0.000040 0.000520 0.000726 
0.000605 0.000049 0.000496 0.000770 
0.000606 0.000055 0.000478 0.000792 
0.000598 0.000053 0.000461 0.000737 
0.000587 0.000052 0.000479 0.000751 
0.000600 0.000054 0.000493 0.000773 
0.000598 0.000044 0.000494 0.000712 
0.000596 0.000047 0.000478 0.000783 
0.000593 0.000041 0.000491 0.000738 
0.000592 0.000050 0.000483 0.000746 
0.000588 0.000050 0.000481 0.000756 
0.000604 0.000057 0.000472 0.000749 
0.000624 0.000059 0.000491 0.000768 
0.000582 0.000040 0.000484 0.000703 
0.000591 0.000050 0.000482 0.000715 
0.000582 0.000046 0.000485 0.000746 
0.000584 0.000040 0.000483 0.000717 
0.000640 0.000042 0.000514 0.000765 
0.000617 0.000052 0.000516 0.000757 
0.000652 0.000045 0.000532 0.000854 
0.000656 0.000039 0.000545 0.000788 
0.000651 0.000039 0.000528 0.000799 
0.000624 0.000065 0.000511 0.000940 
0.000659 0.000060 0.000503 0.000928 
0.000621 0.000051 0.000480 0.000794 
0.000646 0.000052 0.000534 0.000890 
0.000624 0.000047 0.000503 0.000765 
0.000632 0.000041 0.000513 0.000795 
0.000624 0.000048 0.000505 0.000805 
0.000621 0.000058 0.000504 0.000828 
