0.000565 0.000055 0.000488 0.000717 
0.000569 0.000049 0.000504 0.000706 
0.000570 0.000053 0.000499 0.000720 
0.000577 0.000060 0.000497 0.000743 
0.000573 0.000041 0.000514 0.000695 
0.000585 0.000047 0.000507 0.000731 
0.000575 0.000057 0.000502 0.000746 
0.000575 0.000051 0.000507 0.000719 
0.000541 0.000051 0.000482 0.000721 
0.000570 0.000047 0.000499 0.000716 
0.000557 0.000056 0.000487 0.000720 
0.000560 0.000045 0.000483 0.000716 
0.000564 0.000058 0.000483 0.000757 
0.000546 0.000040 0.000477 0.000652 
0.000552 0.000039 0.000489 0.000661 
0.000541 0.000048 0.000459 0.000668 
0.000542 0.000046 0.000467 0.000658 
0.000571 0.000048 0.000487 0.000688 
0.000535 0.000045 0.000459 0.000641 
0.000562 0.000039 0.000501 0.000693 
0.000544 0.000040 0.000472 0.000646 
0.000528 0.000041 0.000461 0.000640 
0.000543 0.000047 0.000464 0.000658 
0.000534 0.000044 0.000461 0.000639 
0.000534 0.000042 0.000463 0.000639 
0.000547 0.000044 0.000456 0.000653 
0.000564 0.000070 0.000467 0.000768 
0.000513 0.000061 0.000434 0.000705 
0.000546 0.000067 0.000454 0.000752 
0.000549 0.000089 0.000440 0.000810 
0.000543 0.000074 0.000432 0.000756 
0.000536 0.000063 0.000444 0.000736 
0.000546 0.000080 0.000440 0.000797 
0.000547 0.000086 0.000430 0.000784 
0.000559 0.000071 0.000468 0.000817 
0.000545 0.000074 0.000441 0.000764 
0.000574 0.000059 0.000497 0.000768 
0.000574 0.000057 0.000496 0.000729 
0.000561 0.000058 0.000490 0.000709 
0.000591 0.000070 0.000488 0.000784 
0.000560 0.000070 0.000470 0.000786 
0.000560 0.000066 0.000480 0.000758 
0.000571 0.000069 0.000462 0.000761 
0.000558 0.000067 0.000487 0.000756 
0.000582 0.000063 0.000489 0.000725 
0.000562 0.000063 0.000467 0.000724 
0.000599 0.000069 0.000505 0.000755 
0.000555 0.000076 0.000468 0.000768 
0.000593 0.000067 0.000510 0.000791 
0.000620 0.000070 0.000523 0.000860 
0.000664 0.000115 0.000527 0.001035 
0.000637 0.000108 0.000513 0.000967 
0.000618 0.000079 0.000528 0.000949 
0.000640 0.000116 0.000505 0.001048 
0.000602 0.000082 0.000500 0.000882 
0.000647 0.000106 0.000518 0.001018 
0.000626 0.000084 0.000515 0.000889 
0.000620 0.000106 0.000496 0.001019 
0.000637 0.000100 0.000494 0.000922 
0.000611 0.000097 0.000500 0.000987 
0.000565 0.000048 0.000483 0.000679 
0.000558 0.000052 0.000460 0.000702 
0.000555 0.000050 0.000485 0.000684 
0.000554 0.000045 0.000476 0.000664 
0.000540 0.000048 0.000452 0.000674 
0.000552 0.000044 0.000475 0.000662 
0.000558 0.000051 0.000461 0.000695 
0.000553 0.000051 0.000462 0.000711 
0.000555 0.000053 0.000466 0.000694 
0.000561 0.000060 0.000447 0.000709 
0.000609 0.000062 0.000502 0.000817 
0.000561 0.000050 0.000485 0.000755 
0.000603 0.000059 0.000519 0.000787 
0.000571 0.000050 0.000497 0.000742 
0.000579 0.000058 0.000486 0.000735 
0.000587 0.000050 0.000506 0.000750 
0.000611 0.000056 0.000527 0.000784 
0.000598 0.000054 0.000507 0.000790 
0.000570 0.000055 0.000480 0.000763 
0.000594 0.000057 0.000505 0.000785 
0.000587 0.000066 0.000495 0.000803 
0.000606 0.000047 0.000521 0.000772 
0.000562 0.000057 0.000485 0.000756 
0.000572 0.000071 0.000477 0.000793 
0.000582 0.000061 0.000487 0.000762 
0.000539 0.000047 0.000462 0.000709 
0.000585 0.000061 0.000467 0.000743 
0.000574 0.000061 0.000455 0.000729 
0.000578 0.000055 0.000480 0.000731 
0.000594 0.000052 0.000496 0.000745 
0.000571 0.000064 0.000442 0.000739 
0.000579 0.000053 0.000481 0.000723 
0.000596 0.000058 0.000501 0.000748 
0.000582 0.000062 0.000456 0.000728 
0.000583 0.000052 0.000499 0.000742 
0.000620 0.000036 0.000549 0.000708 
0.000593 0.000059 0.000480 0.000764 
0.000598 0.000061 0.000481 0.000764 
0.000590 0.000057 0.000476 0.000744 
0.000574 0.000053 0.000494 0.000723 
0.000605 0.000078 0.000497 0.000860 
0.000613 0.000079 0.000505 0.000914 
0.000628 0.000081 0.000512 0.000891 
0.000598 0.000091 0.000473 0.000894 
0.000611 0.000075 0.000501 0.000917 
0.000592 0.000073 0.000500 0.000836 
0.000618 0.000069 0.000521 0.000843 
0.000616 0.000088 0.000494 0.000902 
0.000609 0.000073 0.000511 0.000892 
0.000593 0.000079 0.000490 0.000835 
0.000600 0.000087 0.000491 0.000847 
0.000603 0.000089 0.000500 0.000862 
0.000634 0.000110 0.000483 0.000953 
0.000617 0.000106 0.000472 0.000930 
0.000536 0.000039 0.000460 0.000648 
0.000542 0.000037 0.000486 0.000656 
0.000544 0.000035 0.000487 0.000657 
0.000557 0.000041 0.000475 0.000677 
0.000575 0.000040 0.000517 0.000686 
0.000543 0.000038 0.000469 0.000648 
0.000554 0.000040 0.000496 0.000683 
0.000567 0.000035 0.000483 0.000669 
0.000562 0.000035 0.000510 0.000671 
0.000570 0.000040 0.000495 0.000672 
0.000534 0.000037 0.000473 0.000634 
0.000541 0.000038 0.000483 0.000668 
0.000559 0.000037 0.000497 0.000667 
0.000588 0.000070 0.000488 0.000824 
0.000577 0.000080 0.000481 0.000895 
0.000588 0.000101 0.000455 0.000923 
0.000573 0.000075 0.000469 0.000846 
0.000593 0.000077 0.000497 0.000863 
0.000570 0.000073 0.000472 0.000834 
0.000597 0.000073 0.000497 0.000867 
0.000593 0.000060 0.000485 0.000781 
0.000568 0.000088 0.000444 0.000815 
0.000554 0.000085 0.000460 0.000811 
0.000559 0.000064 0.000473 0.000766 
0.000579 0.000071 0.000490 0.000823 
0.000700 0.000191 0.000492 0.001323 
0.000762 0.000241 0.000484 0.001550 
0.000749 0.000249 0.000489 0.001544 
0.000709 0.000186 0.000513 0.001395 
0.000724 0.000210 0.000485 0.001425 
0.000659 0.000139 0.000466 0.001247 
0.000692 0.000178 0.000485 0.001324 
0.000708 0.000182 0.000492 0.001419 
0.000711 0.000207 0.000480 0.001321 
0.000711 0.000220 0.000480 0.001491 
0.000688 0.000158 0.000509 0.001235 
0.000753 0.000247 0.000485 0.001623 
0.000726 0.000179 0.000511 0.001352 
0.000581 0.000048 0.000489 0.000689 
0.000585 0.000053 0.000504 0.000721 
0.000596 0.000041 0.000514 0.000710 
0.000613 0.000044 0.000530 0.000734 
0.000598 0.000050 0.000510 0.000726 
0.000581 0.000042 0.000516 0.000700 
0.000579 0.000046 0.000510 0.000707 
0.000577 0.000044 0.000499 0.000700 
0.000566 0.000042 0.000504 0.000680 
0.000595 0.000048 0.000504 0.000719 
0.000580 0.000048 0.000484 0.000695 
0.000592 0.000054 0.000495 0.000737 
0.000567 0.000045 0.000498 0.000704 
0.000591 0.000075 0.000477 0.000799 
0.000559 0.000067 0.000446 0.000757 
0.000569 0.000060 0.000452 0.000742 
0.000570 0.000049 0.000477 0.000729 
0.000588 0.000064 0.000507 0.000813 
0.000596 0.000053 0.000503 0.000774 
0.000585 0.000061 0.000494 0.000806 
0.000559 0.000059 0.000451 0.000748 
0.000578 0.000072 0.000462 0.000801 
0.000599 0.000058 0.000516 0.000794 
0.000587 0.000050 0.000501 0.000716 
0.000554 0.000050 0.000462 0.000723 
0.000596 0.000066 0.000508 0.000816 
0.000577 0.000051 0.000506 0.000741 
0.000663 0.000039 0.000577 0.000749 
0.000574 0.000044 0.000489 0.000739 
0.000619 0.000044 0.000523 0.000850 
0.000649 0.000041 0.000569 0.000760 
0.000605 0.000034 0.000508 0.000698 
0.000589 0.000037 0.000489 0.000697 
0.000668 0.000037 0.000546 0.000761 
0.000605 0.000040 0.000521 0.000760 
0.000600 0.000040 0.000510 0.000736 
0.000605 0.000038 0.000518 0.000714 
0.000594 0.000043 0.000519 0.000707 
0.000567 0.000045 0.000481 0.000712 
0.000594 0.000043 0.000503 0.000717 
