0.000756 0.000249 0.000495 0.001486 
0.000774 0.000243 0.000502 0.001419 
0.000774 0.000242 0.000485 0.001378 
0.000753 0.000233 0.000499 0.001474 
0.000764 0.000239 0.000479 0.001361 
0.000768 0.000282 0.000501 0.001621 
0.000772 0.000234 0.000520 0.001415 
0.000735 0.000181 0.000503 0.001265 
0.000764 0.000229 0.000489 0.001386 
0.000731 0.000223 0.000483 0.001340 
0.000739 0.000214 0.000506 0.001330 
0.000724 0.000233 0.000487 0.001404 
0.000779 0.000298 0.000473 0.001674 
0.000648 0.000168 0.000462 0.001152 
0.000676 0.000199 0.000463 0.001209 
0.000684 0.000176 0.000508 0.001256 
0.000702 0.000197 0.000485 0.001313 
0.000663 0.000178 0.000480 0.001184 
0.000650 0.000166 0.000467 0.001257 
0.000641 0.000143 0.000486 0.001111 
0.000639 0.000149 0.000457 0.001057 
0.000692 0.000182 0.000479 0.001256 
0.000655 0.000141 0.000486 0.001080 
0.000661 0.000154 0.000464 0.001117 
0.000652 0.000149 0.000460 0.001114 
0.000662 0.000174 0.000471 0.001434 
0.000798 0.000254 0.000484 0.001416 
0.000779 0.000222 0.000501 0.001309 
0.000763 0.000227 0.000464 0.001568 
0.000725 0.000195 0.000484 0.001254 
0.000738 0.000215 0.000486 0.001293 
0.000746 0.000237 0.000468 0.001432 
0.000754 0.000197 0.000516 0.001419 
0.000724 0.000202 0.000467 0.001319 
0.000777 0.000246 0.000488 0.001340 
0.000708 0.000170 0.000487 0.001264 
0.000770 0.000251 0.000475 0.001484 
0.000678 0.000110 0.000472 0.000925 
0.000719 0.000146 0.000493 0.001129 
0.000683 0.000146 0.000468 0.001122 
0.000719 0.000158 0.000499 0.001211 
0.000673 0.000101 0.000476 0.001005 
0.000673 0.000114 0.000477 0.001080 
0.000673 0.000120 0.000449 0.001056 
0.000691 0.000157 0.000471 0.001172 
0.000670 0.000116 0.000485 0.001095 
0.000676 0.000114 0.000469 0.000986 
0.000692 0.000165 0.000482 0.001334 
0.000670 0.000128 0.000463 0.001052 
0.000710 0.000177 0.000498 0.001193 
0.000711 0.000159 0.000503 0.001125 
0.000710 0.000168 0.000492 0.001120 
0.000692 0.000151 0.000509 0.001134 
0.000744 0.000178 0.000550 0.001348 
0.000702 0.000140 0.000511 0.000970 
0.000680 0.000121 0.000506 0.001072 
0.000718 0.000184 0.000510 0.001270 
0.000712 0.000177 0.000519 0.001278 
0.000693 0.000134 0.000533 0.001205 
0.000715 0.000167 0.000500 0.001146 
0.000686 0.000149 0.000498 0.001178 
0.000712 0.000179 0.000492 0.001166 
0.000705 0.000171 0.000493 0.001132 
0.000676 0.000142 0.000490 0.001231 
0.000699 0.000175 0.000500 0.001391 
0.000692 0.000181 0.000475 0.001265 
0.000677 0.000174 0.000485 0.001283 
0.000693 0.000191 0.000467 0.001201 
0.000675 0.000143 0.000464 0.001050 
0.000706 0.000198 0.000451 0.001295 
0.000685 0.000122 0.000494 0.001144 
0.000709 0.000131 0.000531 0.001023 
0.000677 0.000168 0.000478 0.001125 
0.000719 0.000133 0.000524 0.001330 
0.000681 0.000113 0.000486 0.000998 
0.000699 0.000173 0.000505 0.001296 
0.000711 0.000163 0.000530 0.001227 
0.000710 0.000166 0.000512 0.001344 
0.000679 0.000133 0.000468 0.001082 
0.000663 0.000095 0.000505 0.001020 
0.000673 0.000148 0.000510 0.001201 
0.000728 0.000170 0.000496 0.001232 
0.000675 0.000152 0.000487 0.001222 
0.000707 0.000135 0.000540 0.001126 
0.000714 0.000162 0.000476 0.001120 
0.000725 0.000179 0.000507 0.001212 
0.000711 0.000135 0.000516 0.001200 
0.000724 0.000154 0.000525 0.001230 
0.000740 0.000181 0.000557 0.001351 
0.000719 0.000168 0.000493 0.001090 
0.000715 0.000195 0.000531 0.001383 
0.000773 0.000193 0.000528 0.001299 
0.000759 0.000223 0.000514 0.001306 
0.000811 0.000240 0.000500 0.001377 
0.000779 0.000233 0.000532 0.001364 
0.000726 0.000237 0.000486 0.001354 
0.000717 0.000197 0.000516 0.001317 
0.000716 0.000167 0.000543 0.001265 
0.000705 0.000163 0.000514 0.001106 
0.000730 0.000211 0.000514 0.001536 
0.000653 0.000145 0.000439 0.001094 
0.000662 0.000135 0.000473 0.001018 
0.000678 0.000155 0.000428 0.001051 
0.000674 0.000132 0.000476 0.001041 
0.000624 0.000153 0.000412 0.001068 
0.000663 0.000149 0.000379 0.001019 
0.000672 0.000173 0.000381 0.001094 
0.000667 0.000156 0.000464 0.001045 
0.000626 0.000148 0.000445 0.001070 
0.000643 0.000132 0.000489 0.001107 
0.000650 0.000138 0.000464 0.001092 
0.000641 0.000117 0.000472 0.001026 
0.000673 0.000147 0.000415 0.001038 
0.000694 0.000159 0.000493 0.001138 
0.000702 0.000113 0.000510 0.001025 
0.000689 0.000126 0.000471 0.000968 
0.000661 0.000121 0.000480 0.000963 
0.000655 0.000108 0.000481 0.000883 
0.000697 0.000144 0.000458 0.001110 
0.000666 0.000135 0.000439 0.000976 
0.000650 0.000127 0.000481 0.001081 
0.000638 0.000097 0.000433 0.000804 
0.000652 0.000107 0.000503 0.000923 
0.000656 0.000109 0.000460 0.000886 
0.000671 0.000116 0.000474 0.000927 
0.000651 0.000118 0.000461 0.000938 
0.000660 0.000108 0.000479 0.000948 
0.000716 0.000203 0.000472 0.001242 
0.000716 0.000175 0.000463 0.001168 
0.000673 0.000163 0.000433 0.001039 
0.000678 0.000146 0.000468 0.001086 
0.000713 0.000211 0.000447 0.001296 
0.000691 0.000220 0.000413 0.001235 
0.000652 0.000175 0.000408 0.001123 
0.000703 0.000189 0.000410 0.001219 
0.000656 0.000182 0.000427 0.001166 
0.000688 0.000156 0.000454 0.001042 
0.000673 0.000172 0.000431 0.001150 
0.000740 0.000198 0.000489 0.001289 
0.000662 0.000114 0.000482 0.000975 
0.000644 0.000095 0.000473 0.000855 
0.000649 0.000117 0.000477 0.000984 
0.000667 0.000147 0.000464 0.001143 
0.000679 0.000146 0.000483 0.001028 
0.000635 0.000126 0.000464 0.000940 
0.000643 0.000123 0.000467 0.001033 
0.000658 0.000125 0.000480 0.000996 
0.000647 0.000122 0.000469 0.000987 
0.000658 0.000126 0.000469 0.001049 
0.000651 0.000116 0.000481 0.001004 
0.000659 0.000127 0.000483 0.001090 
0.000640 0.000105 0.000454 0.000929 
0.000741 0.000206 0.000459 0.001348 
0.000794 0.000261 0.000534 0.001574 
0.000700 0.000145 0.000492 0.001038 
0.000750 0.000192 0.000513 0.001325 
0.000698 0.000161 0.000485 0.001134 
0.000675 0.000133 0.000479 0.000961 
0.000716 0.000157 0.000485 0.001162 
0.000680 0.000136 0.000482 0.001059 
0.000661 0.000115 0.000462 0.000924 
0.000735 0.000136 0.000505 0.001087 
0.000671 0.000124 0.000450 0.001019 
0.000746 0.000172 0.000493 0.001221 
0.000675 0.000142 0.000464 0.001095 
0.000628 0.000129 0.000469 0.001059 
0.000642 0.000142 0.000469 0.001139 
0.000607 0.000096 0.000452 0.000850 
0.000610 0.000086 0.000480 0.000923 
0.000605 0.000085 0.000480 0.000865 
0.000612 0.000111 0.000466 0.001125 
0.000623 0.000128 0.000437 0.000968 
0.000602 0.000113 0.000452 0.000921 
0.000566 0.000106 0.000430 0.000970 
0.000610 0.000123 0.000449 0.000951 
0.000619 0.000085 0.000463 0.000869 
0.000597 0.000103 0.000467 0.000978 
0.000636 0.000138 0.000463 0.001026 
0.000627 0.000162 0.000454 0.001224 
0.000699 0.000160 0.000499 0.001330 
0.000721 0.000158 0.000487 0.001116 
0.000713 0.000197 0.000462 0.001188 
0.000739 0.000214 0.000483 0.001251 
0.000719 0.000167 0.000515 0.001198 
0.000685 0.000180 0.000468 0.001202 
0.000732 0.000192 0.000486 0.001199 
0.000750 0.000225 0.000424 0.001319 
0.000738 0.000183 0.000467 0.001160 
0.000689 0.000175 0.000453 0.001132 
0.000692 0.000163 0.000470 0.001054 
0.000707 0.000176 0.000487 0.001139 
0.000699 0.000166 0.000448 0.001149 
