0.000642 0.000150 0.000503 0.001392 
0.000668 0.000149 0.000511 0.001106 
0.000656 0.000118 0.000520 0.001027 
0.000690 0.000202 0.000502 0.001300 
0.000650 0.000168 0.000485 0.001136 
0.000641 0.000156 0.000510 0.001353 
0.000670 0.000163 0.000511 0.001203 
0.000689 0.000181 0.000501 0.001152 
0.000663 0.000170 0.000509 0.001247 
0.000627 0.000133 0.000500 0.001119 
0.000696 0.000197 0.000526 0.001346 
0.000623 0.000113 0.000497 0.001040 
0.000652 0.000171 0.000496 0.001466 
0.000636 0.000157 0.000457 0.001276 
0.000642 0.000137 0.000448 0.001016 
0.000636 0.000120 0.000485 0.001064 
0.000641 0.000124 0.000489 0.001001 
0.000622 0.000107 0.000494 0.001098 
0.000608 0.000114 0.000443 0.001052 
0.000639 0.000166 0.000466 0.001124 
0.000616 0.000129 0.000464 0.001137 
0.000631 0.000164 0.000419 0.001232 
0.000659 0.000168 0.000469 0.001336 
0.000646 0.000176 0.000474 0.001263 
0.000640 0.000136 0.000468 0.001052 
0.000672 0.000176 0.000481 0.001376 
0.000726 0.000164 0.000488 0.001159 
0.000700 0.000147 0.000483 0.001172 
0.000693 0.000157 0.000483 0.001216 
0.000716 0.000220 0.000468 0.001402 
0.000686 0.000216 0.000470 0.001458 
0.000744 0.000205 0.000440 0.001328 
0.000701 0.000138 0.000529 0.001085 
0.000737 0.000218 0.000465 0.001249 
0.000701 0.000192 0.000466 0.001227 
0.000692 0.000154 0.000472 0.001079 
0.000711 0.000168 0.000491 0.001116 
0.000645 0.000119 0.000460 0.001030 
0.000670 0.000143 0.000489 0.001198 
0.000639 0.000120 0.000459 0.000999 
0.000673 0.000111 0.000477 0.001085 
0.000670 0.000139 0.000469 0.001206 
0.000626 0.000098 0.000472 0.001055 
0.000611 0.000090 0.000476 0.000902 
0.000649 0.000106 0.000487 0.000915 
0.000634 0.000093 0.000484 0.000954 
0.000664 0.000112 0.000491 0.001008 
0.000639 0.000113 0.000476 0.000971 
0.000636 0.000102 0.000472 0.000950 
0.000678 0.000153 0.000483 0.001001 
0.000689 0.000150 0.000518 0.001105 
0.000648 0.000118 0.000518 0.000985 
0.000686 0.000139 0.000498 0.001016 
0.000719 0.000163 0.000532 0.001131 
0.000680 0.000117 0.000515 0.001017 
0.000685 0.000125 0.000512 0.000920 
0.000715 0.000158 0.000489 0.001130 
0.000692 0.000149 0.000524 0.001068 
0.000681 0.000121 0.000531 0.000958 
0.000670 0.000130 0.000521 0.001020 
0.000661 0.000131 0.000487 0.001071 
0.000638 0.000138 0.000490 0.001072 
0.000643 0.000154 0.000470 0.001183 
0.000665 0.000151 0.000480 0.001168 
0.000645 0.000131 0.000466 0.001009 
0.000664 0.000151 0.000488 0.001085 
0.000652 0.000173 0.000453 0.001356 
0.000626 0.000155 0.000471 0.001209 
0.000640 0.000136 0.000478 0.001115 
0.000633 0.000152 0.000453 0.001333 
0.000648 0.000093 0.000521 0.000991 
0.000685 0.000133 0.000514 0.001063 
0.000624 0.000110 0.000496 0.001001 
0.000671 0.000105 0.000517 0.001018 
0.000654 0.000123 0.000434 0.001049 
0.000663 0.000136 0.000490 0.001072 
0.000672 0.000144 0.000458 0.001127 
0.000655 0.000129 0.000488 0.001095 
0.000648 0.000125 0.000482 0.001258 
0.000664 0.000114 0.000488 0.000971 
0.000660 0.000131 0.000504 0.001114 
0.000660 0.000121 0.000501 0.001130 
0.000660 0.000129 0.000509 0.001002 
0.000640 0.000081 0.000521 0.000968 
0.000679 0.000116 0.000478 0.001013 
0.000690 0.000128 0.000497 0.001126 
0.000686 0.000116 0.000499 0.001107 
0.000717 0.000185 0.000482 0.001389 
0.000709 0.000172 0.000504 0.001185 
0.000699 0.000199 0.000488 0.001229 
0.000723 0.000193 0.000486 0.001187 
0.000692 0.000166 0.000492 0.001157 
0.000731 0.000214 0.000501 0.001351 
0.000706 0.000170 0.000500 0.001267 
0.000693 0.000179 0.000507 0.001205 
0.000708 0.000184 0.000456 0.001165 
0.000697 0.000158 0.000523 0.001129 
0.000706 0.000147 0.000501 0.001129 
0.000670 0.000158 0.000504 0.001314 
0.000708 0.000145 0.000494 0.001327 
0.000616 0.000129 0.000434 0.001051 
0.000646 0.000133 0.000448 0.001026 
0.000635 0.000135 0.000457 0.001119 
0.000647 0.000127 0.000453 0.000985 
0.000609 0.000130 0.000400 0.000977 
0.000643 0.000133 0.000431 0.001050 
0.000636 0.000145 0.000388 0.001033 
0.000652 0.000131 0.000488 0.001021 
0.000611 0.000114 0.000464 0.000964 
0.000662 0.000170 0.000479 0.001229 
0.000648 0.000125 0.000498 0.001073 
0.000650 0.000106 0.000498 0.000965 
0.000639 0.000118 0.000443 0.001011 
0.000670 0.000135 0.000519 0.001111 
0.000643 0.000087 0.000516 0.000909 
0.000683 0.000116 0.000479 0.000981 
0.000659 0.000124 0.000486 0.001031 
0.000647 0.000094 0.000477 0.000838 
0.000660 0.000122 0.000485 0.001004 
0.000639 0.000093 0.000435 0.000908 
0.000629 0.000110 0.000479 0.001008 
0.000625 0.000098 0.000450 0.000926 
0.000660 0.000088 0.000497 0.000840 
0.000639 0.000092 0.000468 0.000881 
0.000670 0.000126 0.000462 0.001108 
0.000672 0.000145 0.000470 0.001102 
0.000627 0.000095 0.000465 0.000855 
0.000631 0.000147 0.000456 0.001157 
0.000682 0.000155 0.000481 0.001078 
0.000627 0.000164 0.000426 0.001203 
0.000640 0.000127 0.000423 0.000991 
0.000647 0.000133 0.000443 0.001003 
0.000610 0.000136 0.000418 0.001009 
0.000602 0.000138 0.000408 0.001024 
0.000651 0.000148 0.000455 0.001113 
0.000602 0.000143 0.000415 0.001065 
0.000630 0.000130 0.000479 0.001130 
0.000626 0.000149 0.000410 0.001092 
0.000647 0.000108 0.000484 0.000987 
0.000636 0.000112 0.000496 0.001019 
0.000615 0.000086 0.000443 0.000954 
0.000618 0.000112 0.000467 0.000988 
0.000626 0.000092 0.000453 0.000848 
0.000628 0.000112 0.000457 0.001041 
0.000605 0.000108 0.000463 0.001052 
0.000624 0.000125 0.000441 0.001009 
0.000626 0.000098 0.000475 0.000892 
0.000613 0.000096 0.000433 0.000915 
0.000608 0.000081 0.000473 0.000855 
0.000612 0.000103 0.000484 0.000941 
0.000619 0.000086 0.000491 0.000843 
0.000603 0.000078 0.000464 0.000833 
0.000629 0.000107 0.000489 0.000910 
0.000644 0.000111 0.000505 0.000935 
0.000649 0.000120 0.000493 0.001131 
0.000667 0.000124 0.000487 0.001024 
0.000670 0.000148 0.000460 0.001059 
0.000623 0.000109 0.000488 0.001017 
0.000673 0.000144 0.000490 0.001118 
0.000636 0.000128 0.000464 0.001124 
0.000606 0.000118 0.000452 0.001075 
0.000667 0.000117 0.000504 0.001067 
0.000632 0.000111 0.000473 0.000987 
0.000673 0.000134 0.000501 0.001112 
0.000605 0.000102 0.000439 0.001045 
0.000599 0.000079 0.000470 0.000862 
0.000602 0.000073 0.000485 0.000834 
0.000617 0.000128 0.000452 0.000979 
0.000614 0.000109 0.000466 0.001032 
0.000656 0.000168 0.000475 0.001204 
0.000636 0.000138 0.000478 0.001138 
0.000621 0.000135 0.000446 0.001058 
0.000618 0.000132 0.000453 0.001019 
0.000581 0.000092 0.000462 0.000978 
0.000602 0.000096 0.000449 0.000851 
0.000630 0.000088 0.000472 0.000867 
0.000600 0.000089 0.000469 0.000853 
0.000628 0.000106 0.000453 0.000949 
0.000594 0.000096 0.000434 0.000956 
0.000695 0.000173 0.000519 0.001317 
0.000691 0.000174 0.000456 0.001198 
0.000674 0.000141 0.000487 0.001013 
0.000679 0.000131 0.000489 0.001025 
0.000692 0.000153 0.000503 0.001180 
0.000676 0.000164 0.000454 0.001166 
0.000676 0.000138 0.000496 0.001055 
0.000647 0.000111 0.000457 0.000930 
0.000706 0.000167 0.000470 0.001170 
0.000669 0.000171 0.000472 0.001214 
0.000659 0.000170 0.000429 0.001186 
0.000663 0.000123 0.000489 0.001057 
0.000689 0.000159 0.000465 0.001090 
