0.000543 0.000022 0.000502 0.000630 
0.000526 0.000027 0.000474 0.000626 
0.000542 0.000024 0.000504 0.000652 
0.000552 0.000022 0.000505 0.000651 
0.000541 0.000024 0.000497 0.000640 
0.000546 0.000020 0.000504 0.000636 
0.000544 0.000024 0.000504 0.000641 
0.000554 0.000024 0.000498 0.000652 
0.000510 0.000030 0.000458 0.000634 
0.000554 0.000023 0.000509 0.000651 
0.000540 0.000022 0.000501 0.000639 
0.000540 0.000027 0.000489 0.000657 
0.000550 0.000023 0.000504 0.000660 
0.000506 0.000022 0.000469 0.000588 
0.000511 0.000022 0.000464 0.000569 
0.000494 0.000023 0.000449 0.000568 
0.000510 0.000023 0.000457 0.000597 
0.000525 0.000025 0.000461 0.000589 
0.000497 0.000023 0.000452 0.000571 
0.000505 0.000025 0.000454 0.000581 
0.000501 0.000020 0.000454 0.000574 
0.000496 0.000023 0.000440 0.000557 
0.000500 0.000024 0.000453 0.000581 
0.000486 0.000022 0.000438 0.000552 
0.000501 0.000023 0.000454 0.000573 
0.000515 0.000020 0.000474 0.000581 
0.000524 0.000026 0.000460 0.000646 
0.000486 0.000032 0.000426 0.000635 
0.000514 0.000026 0.000448 0.000662 
0.000507 0.000025 0.000442 0.000706 
0.000526 0.000022 0.000461 0.000626 
0.000516 0.000023 0.000463 0.000654 
0.000507 0.000024 0.000457 0.000641 
0.000518 0.000023 0.000451 0.000636 
0.000529 0.000030 0.000459 0.000670 
0.000505 0.000022 0.000445 0.000611 
0.000524 0.000024 0.000461 0.000645 
0.000537 0.000025 0.000483 0.000611 
0.000525 0.000023 0.000454 0.000579 
0.000533 0.000022 0.000480 0.000611 
0.000514 0.000024 0.000452 0.000587 
0.000531 0.000022 0.000468 0.000588 
0.000506 0.000023 0.000440 0.000564 
0.000526 0.000025 0.000469 0.000582 
0.000529 0.000020 0.000475 0.000602 
0.000531 0.000024 0.000474 0.000610 
0.000550 0.000019 0.000499 0.000601 
0.000524 0.000024 0.000457 0.000589 
0.000567 0.000018 0.000510 0.000619 
0.000568 0.000033 0.000492 0.000838 
0.000553 0.000032 0.000483 0.000730 
0.000552 0.000039 0.000476 0.000828 
0.000568 0.000042 0.000484 0.000911 
0.000564 0.000034 0.000485 0.000856 
0.000546 0.000030 0.000473 0.000740 
0.000563 0.000032 0.000503 0.000709 
0.000553 0.000028 0.000488 0.000739 
0.000550 0.000040 0.000468 0.000788 
0.000550 0.000037 0.000479 0.000810 
0.000544 0.000034 0.000474 0.000753 
0.000506 0.000022 0.000457 0.000594 
0.000502 0.000027 0.000455 0.000622 
0.000510 0.000022 0.000454 0.000590 
0.000507 0.000023 0.000453 0.000592 
0.000493 0.000026 0.000436 0.000593 
0.000497 0.000023 0.000446 0.000602 
0.000508 0.000023 0.000462 0.000590 
0.000499 0.000023 0.000448 0.000640 
0.000493 0.000030 0.000434 0.000625 
0.000496 0.000021 0.000441 0.000586 
0.000550 0.000020 0.000503 0.000775 
0.000521 0.000026 0.000477 0.000871 
0.000542 0.000012 0.000509 0.000626 
0.000521 0.000023 0.000447 0.000666 
0.000549 0.000020 0.000494 0.000714 
0.000557 0.000015 0.000512 0.000678 
0.000553 0.000018 0.000491 0.000679 
0.000553 0.000021 0.000501 0.000760 
0.000541 0.000021 0.000489 0.000795 
0.000558 0.000021 0.000502 0.000810 
0.000547 0.000027 0.000492 0.000740 
0.000555 0.000020 0.000520 0.000720 
0.000545 0.000020 0.000499 0.000701 
0.000520 0.000025 0.000438 0.000677 
0.000546 0.000019 0.000493 0.000657 
0.000510 0.000022 0.000461 0.000679 
0.000520 0.000020 0.000470 0.000587 
0.000501 0.000024 0.000448 0.000583 
0.000516 0.000021 0.000471 0.000616 
0.000510 0.000024 0.000468 0.000579 
0.000515 0.000025 0.000472 0.000627 
0.000517 0.000026 0.000454 0.000622 
0.000510 0.000024 0.000465 0.000598 
0.000507 0.000026 0.000457 0.000609 
0.000521 0.000020 0.000467 0.000604 
0.000509 0.000020 0.000459 0.000577 
0.000505 0.000024 0.000461 0.000575 
0.000529 0.000023 0.000480 0.000631 
0.000522 0.000021 0.000473 0.000605 
0.000507 0.000020 0.000454 0.000590 
0.000540 0.000023 0.000484 0.000658 
0.000523 0.000026 0.000471 0.000636 
0.000579 0.000025 0.000512 0.000648 
0.000534 0.000028 0.000468 0.000640 
0.000538 0.000026 0.000479 0.000662 
0.000540 0.000027 0.000487 0.000681 
0.000551 0.000021 0.000504 0.000625 
0.000513 0.000026 0.000444 0.000645 
0.000548 0.000023 0.000494 0.000653 
0.000515 0.000022 0.000461 0.000628 
0.000545 0.000028 0.000473 0.000665 
0.000514 0.000026 0.000458 0.000616 
0.000552 0.000021 0.000495 0.000635 
0.000532 0.000025 0.000477 0.000677 
0.000534 0.000037 0.000444 0.000639 
0.000535 0.000030 0.000452 0.000634 
0.000540 0.000032 0.000472 0.000649 
0.000543 0.000029 0.000474 0.000638 
0.000539 0.000038 0.000457 0.000661 
0.000541 0.000028 0.000477 0.000625 
0.000556 0.000031 0.000479 0.000659 
0.000552 0.000028 0.000477 0.000653 
0.000535 0.000026 0.000469 0.000619 
0.000540 0.000031 0.000453 0.000645 
0.000527 0.000030 0.000451 0.000614 
0.000531 0.000035 0.000458 0.000634 
0.000523 0.000036 0.000441 0.000615 
0.000551 0.000035 0.000464 0.000645 
0.000522 0.000034 0.000454 0.000613 
0.000546 0.000034 0.000474 0.000631 
0.000548 0.000041 0.000458 0.000652 
0.000557 0.000031 0.000487 0.000650 
0.000538 0.000034 0.000458 0.000643 
0.000552 0.000040 0.000465 0.000689 
0.000558 0.000035 0.000472 0.000658 
0.000544 0.000035 0.000468 0.000658 
0.000541 0.000038 0.000458 0.000667 
0.000552 0.000030 0.000473 0.000677 
0.000523 0.000035 0.000439 0.000634 
0.000549 0.000040 0.000480 0.000880 
0.000539 0.000052 0.000452 0.001046 
0.000536 0.000037 0.000463 0.000839 
0.000548 0.000034 0.000481 0.000855 
0.000528 0.000029 0.000452 0.000770 
0.000533 0.000034 0.000439 0.000705 
0.000536 0.000039 0.000469 0.000843 
0.000551 0.000041 0.000467 0.000823 
0.000527 0.000029 0.000460 0.000780 
0.000542 0.000039 0.000466 0.000971 
0.000548 0.000033 0.000466 0.000727 
0.000539 0.000039 0.000471 0.000934 
0.000524 0.000039 0.000440 0.000776 
0.000550 0.000028 0.000498 0.000650 
0.000550 0.000025 0.000494 0.000642 
0.000553 0.000027 0.000497 0.000645 
0.000584 0.000024 0.000517 0.000668 
0.000553 0.000025 0.000493 0.000654 
0.000549 0.000027 0.000490 0.000658 
0.000545 0.000026 0.000494 0.000627 
0.000543 0.000033 0.000482 0.000652 
0.000536 0.000034 0.000482 0.000638 
0.000545 0.000026 0.000492 0.000619 
0.000552 0.000032 0.000487 0.000656 
0.000538 0.000031 0.000479 0.000647 
0.000535 0.000029 0.000478 0.000615 
0.000536 0.000018 0.000472 0.000606 
0.000518 0.000020 0.000464 0.000605 
0.000530 0.000017 0.000479 0.000584 
0.000533 0.000015 0.000497 0.000607 
0.000528 0.000017 0.000480 0.000604 
0.000537 0.000015 0.000495 0.000589 
0.000526 0.000017 0.000476 0.000594 
0.000515 0.000015 0.000477 0.000577 
0.000526 0.000017 0.000481 0.000583 
0.000542 0.000015 0.000504 0.000601 
0.000518 0.000019 0.000473 0.000623 
0.000522 0.000019 0.000480 0.000618 
0.000532 0.000019 0.000464 0.000595 
0.000520 0.000021 0.000446 0.000608 
0.000596 0.000032 0.000522 0.000760 
0.000526 0.000041 0.000468 0.000763 
0.000558 0.000049 0.000498 0.000957 
0.000562 0.000027 0.000508 0.000697 
0.000559 0.000028 0.000490 0.000775 
0.000536 0.000045 0.000463 0.000828 
0.000623 0.000047 0.000520 0.000995 
0.000552 0.000045 0.000485 0.000859 
0.000585 0.000042 0.000491 0.000924 
0.000560 0.000038 0.000509 0.000855 
0.000580 0.000044 0.000501 0.000943 
0.000539 0.000036 0.000472 0.000887 
0.000550 0.000042 0.000489 0.000918 
