0.000627 0.000062 0.000497 0.000992 
0.000625 0.000056 0.000508 0.000982 
0.000621 0.000066 0.000498 0.001001 
0.000623 0.000066 0.000492 0.000988 
0.000618 0.000050 0.000514 0.000936 
0.000626 0.000057 0.000497 0.001044 
0.000634 0.000057 0.000519 0.000993 
0.000630 0.000060 0.000520 0.001005 
0.000622 0.000058 0.000525 0.000941 
0.000615 0.000056 0.000499 0.000934 
0.000629 0.000070 0.000515 0.001015 
0.000612 0.000059 0.000484 0.001026 
0.000623 0.000058 0.000505 0.001041 
0.000606 0.000109 0.000476 0.001299 
0.000606 0.000090 0.000473 0.001115 
0.000615 0.000087 0.000479 0.001166 
0.000627 0.000093 0.000500 0.001064 
0.000622 0.000101 0.000510 0.001128 
0.000613 0.000109 0.000457 0.001312 
0.000614 0.000099 0.000497 0.001278 
0.000599 0.000105 0.000466 0.001139 
0.000609 0.000096 0.000469 0.001181 
0.000608 0.000097 0.000485 0.001193 
0.000615 0.000111 0.000487 0.001261 
0.000629 0.000094 0.000495 0.001159 
0.000624 0.000119 0.000489 0.001183 
0.000578 0.000044 0.000494 0.000901 
0.000560 0.000046 0.000481 0.000817 
0.000575 0.000042 0.000514 0.000750 
0.000566 0.000051 0.000441 0.000816 
0.000569 0.000042 0.000489 0.000720 
0.000564 0.000044 0.000503 0.000754 
0.000580 0.000045 0.000501 0.000856 
0.000569 0.000042 0.000495 0.000778 
0.000570 0.000049 0.000491 0.000911 
0.000566 0.000047 0.000480 0.000809 
0.000576 0.000045 0.000484 0.000798 
0.000608 0.000050 0.000514 0.000972 
0.000628 0.000043 0.000539 0.000885 
0.000608 0.000053 0.000494 0.001021 
0.000618 0.000047 0.000517 0.000902 
0.000613 0.000044 0.000519 0.000932 
0.000596 0.000053 0.000466 0.000898 
0.000606 0.000040 0.000523 0.000959 
0.000608 0.000048 0.000512 0.001038 
0.000608 0.000048 0.000512 0.000945 
0.000618 0.000045 0.000533 0.000913 
0.000612 0.000050 0.000512 0.001021 
0.000605 0.000045 0.000508 0.000950 
0.000621 0.000060 0.000527 0.001015 
0.000613 0.000048 0.000528 0.000812 
0.000622 0.000064 0.000506 0.001255 
0.000629 0.000064 0.000513 0.001132 
0.000642 0.000057 0.000549 0.000983 
0.000629 0.000060 0.000512 0.001004 
0.000611 0.000053 0.000485 0.000891 
0.000622 0.000056 0.000520 0.000893 
0.000606 0.000048 0.000526 0.000948 
0.000631 0.000058 0.000525 0.001094 
0.000615 0.000061 0.000506 0.001286 
0.000560 0.000038 0.000464 0.000746 
0.000561 0.000044 0.000472 0.000761 
0.000576 0.000051 0.000486 0.000830 
0.000563 0.000041 0.000486 0.000791 
0.000555 0.000044 0.000453 0.000753 
0.000557 0.000044 0.000488 0.000777 
0.000561 0.000044 0.000481 0.000742 
0.000550 0.000050 0.000462 0.000777 
0.000556 0.000042 0.000459 0.000750 
0.000543 0.000041 0.000459 0.000819 
0.000588 0.000064 0.000487 0.000941 
0.000574 0.000037 0.000511 0.000723 
0.000575 0.000045 0.000482 0.000820 
0.000568 0.000057 0.000471 0.000822 
0.000579 0.000053 0.000494 0.000854 
0.000578 0.000045 0.000484 0.000850 
0.000576 0.000053 0.000493 0.000869 
0.000583 0.000052 0.000477 0.000926 
0.000583 0.000052 0.000499 0.000876 
0.000584 0.000039 0.000505 0.000841 
0.000575 0.000050 0.000496 0.000848 
0.000585 0.000045 0.000504 0.000844 
0.000567 0.000044 0.000489 0.000786 
0.000592 0.000048 0.000502 0.000838 
0.000584 0.000042 0.000503 0.000831 
0.000558 0.000044 0.000470 0.000743 
0.000643 0.000078 0.000498 0.000955 
0.000617 0.000077 0.000466 0.000964 
0.000625 0.000071 0.000495 0.000997 
0.000620 0.000074 0.000478 0.000995 
0.000620 0.000070 0.000478 0.000978 
0.000615 0.000069 0.000486 0.001088 
0.000628 0.000074 0.000500 0.000946 
0.000620 0.000077 0.000481 0.001016 
0.000623 0.000065 0.000495 0.001087 
0.000618 0.000068 0.000477 0.001044 
0.000612 0.000073 0.000479 0.001084 
0.000618 0.000068 0.000486 0.001071 
0.000618 0.000073 0.000469 0.000958 
0.000624 0.000082 0.000466 0.000979 
0.000616 0.000099 0.000495 0.001075 
0.000610 0.000092 0.000482 0.001012 
0.000600 0.000082 0.000499 0.000937 
0.000601 0.000092 0.000470 0.001011 
0.000607 0.000077 0.000509 0.000942 
0.000613 0.000077 0.000499 0.000946 
0.000614 0.000076 0.000510 0.000945 
0.000597 0.000080 0.000491 0.001093 
0.000589 0.000076 0.000490 0.001049 
0.000594 0.000083 0.000481 0.000999 
0.000613 0.000100 0.000487 0.001051 
0.000596 0.000079 0.000477 0.001019 
0.000615 0.000078 0.000501 0.000964 
0.000618 0.000084 0.000489 0.000987 
0.000721 0.000089 0.000568 0.001164 
0.000664 0.000070 0.000542 0.000960 
0.000667 0.000085 0.000523 0.001110 
0.000669 0.000096 0.000514 0.001201 
0.000678 0.000072 0.000538 0.001090 
0.000678 0.000109 0.000540 0.001372 
0.000679 0.000095 0.000523 0.001131 
0.000670 0.000087 0.000525 0.001203 
0.000683 0.000100 0.000542 0.001210 
0.000669 0.000085 0.000529 0.001106 
0.000711 0.000093 0.000557 0.001139 
0.000666 0.000097 0.000508 0.001252 
0.000667 0.000093 0.000529 0.001227 
0.000694 0.000070 0.000564 0.001044 
0.000690 0.000067 0.000554 0.001227 
0.000725 0.000098 0.000572 0.001114 
0.000724 0.000086 0.000583 0.001202 
0.000687 0.000075 0.000564 0.001006 
0.000697 0.000090 0.000545 0.001082 
0.000711 0.000098 0.000535 0.001159 
0.000678 0.000063 0.000550 0.001147 
0.000712 0.000080 0.000586 0.001100 
0.000738 0.000097 0.000598 0.001067 
0.000708 0.000091 0.000559 0.001102 
0.000727 0.000089 0.000575 0.001088 
0.000609 0.000074 0.000501 0.001173 
0.000594 0.000064 0.000495 0.001077 
0.000586 0.000061 0.000496 0.000963 
0.000587 0.000059 0.000485 0.000982 
0.000586 0.000053 0.000476 0.000920 
0.000585 0.000044 0.000499 0.000893 
0.000580 0.000054 0.000492 0.001063 
0.000592 0.000059 0.000497 0.001057 
0.000563 0.000055 0.000441 0.001035 
0.000574 0.000055 0.000460 0.000969 
0.000598 0.000060 0.000504 0.000929 
0.000586 0.000061 0.000483 0.001017 
0.000596 0.000070 0.000495 0.001458 
0.000597 0.000030 0.000527 0.000756 
0.000597 0.000032 0.000522 0.000740 
0.000586 0.000030 0.000523 0.000761 
0.000569 0.000035 0.000487 0.000697 
0.000587 0.000031 0.000500 0.000754 
0.000580 0.000029 0.000515 0.000730 
0.000582 0.000026 0.000521 0.000700 
0.000579 0.000027 0.000519 0.000691 
0.000575 0.000035 0.000478 0.000751 
0.000585 0.000030 0.000521 0.000772 
0.000583 0.000027 0.000520 0.000666 
0.000586 0.000032 0.000514 0.000780 
0.000565 0.000030 0.000479 0.000670 
0.000590 0.000040 0.000504 0.000826 
0.000577 0.000041 0.000484 0.000855 
0.000576 0.000038 0.000472 0.000761 
0.000587 0.000034 0.000513 0.000777 
0.000585 0.000041 0.000499 0.000823 
0.000575 0.000044 0.000472 0.000893 
0.000575 0.000045 0.000478 0.000799 
0.000583 0.000044 0.000481 0.000916 
0.000584 0.000043 0.000496 0.000860 
0.000590 0.000039 0.000505 0.000884 
0.000592 0.000040 0.000510 0.000834 
0.000576 0.000046 0.000460 0.000972 
0.000583 0.000044 0.000490 0.000841 
0.000576 0.000049 0.000474 0.000847 
0.000614 0.000052 0.000501 0.000984 
0.000638 0.000064 0.000518 0.000967 
0.000629 0.000056 0.000520 0.001136 
0.000631 0.000056 0.000538 0.001022 
0.000652 0.000075 0.000549 0.001546 
0.000619 0.000055 0.000525 0.000970 
0.000632 0.000060 0.000534 0.000979 
0.000626 0.000050 0.000542 0.000916 
0.000628 0.000058 0.000539 0.000946 
0.000607 0.000051 0.000482 0.000901 
0.000634 0.000057 0.000537 0.000952 
0.000650 0.000060 0.000542 0.000948 
0.000630 0.000058 0.000518 0.001059 
