0.000518 0.000084 0.000447 0.000816 
0.000477 0.000031 0.000408 0.000648 
0.000478 0.000055 0.000426 0.000686 
0.000460 0.000049 0.000413 0.000806 
0.000488 0.000059 0.000430 0.000740 
0.000485 0.000076 0.000418 0.000834 
0.000494 0.000066 0.000448 0.000888 
0.000478 0.000055 0.000432 0.000746 
0.000481 0.000078 0.000408 0.000778 
0.000454 0.000061 0.000395 0.000778 
0.000474 0.000047 0.000415 0.000747 
0.000491 0.000101 0.000417 0.000969 
0.000493 0.000055 0.000432 0.000791 
0.000456 0.000028 0.000401 0.000635 
0.000437 0.000021 0.000382 0.000525 
0.000469 0.000029 0.000415 0.000668 
0.000459 0.000016 0.000426 0.000563 
0.000433 0.000020 0.000398 0.000541 
0.000446 0.000026 0.000397 0.000577 
0.000442 0.000037 0.000401 0.000699 
0.000438 0.000021 0.000405 0.000525 
0.000460 0.000014 0.000428 0.000511 
0.000453 0.000020 0.000415 0.000559 
0.000456 0.000016 0.000422 0.000531 
0.000451 0.000028 0.000414 0.000762 
0.000461 0.000032 0.000404 0.000597 
0.000485 0.000042 0.000423 0.000677 
0.000494 0.000028 0.000437 0.000615 
0.000478 0.000046 0.000433 0.000763 
0.000480 0.000027 0.000440 0.000619 
0.000478 0.000033 0.000443 0.000651 
0.000469 0.000055 0.000391 0.000685 
0.000470 0.000031 0.000430 0.000616 
0.000484 0.000049 0.000424 0.000741 
0.000476 0.000072 0.000425 0.001104 
0.000477 0.000049 0.000429 0.000740 
0.000473 0.000045 0.000430 0.000668 
0.000475 0.000029 0.000420 0.000586 
0.000494 0.000027 0.000444 0.000589 
0.000495 0.000028 0.000450 0.000601 
0.000503 0.000026 0.000446 0.000603 
0.000500 0.000031 0.000450 0.000599 
0.000486 0.000026 0.000440 0.000568 
0.000492 0.000036 0.000431 0.000614 
0.000493 0.000032 0.000443 0.000610 
0.000493 0.000034 0.000444 0.000623 
0.000500 0.000031 0.000442 0.000611 
0.000483 0.000026 0.000448 0.000589 
0.000485 0.000035 0.000430 0.000610 
0.000473 0.000033 0.000430 0.000605 
0.000492 0.000020 0.000452 0.000605 
0.000472 0.000021 0.000441 0.000621 
0.000488 0.000037 0.000441 0.000651 
0.000508 0.000021 0.000468 0.000621 
0.000507 0.000019 0.000468 0.000613 
0.000475 0.000016 0.000443 0.000540 
0.000501 0.000022 0.000459 0.000607 
0.000487 0.000023 0.000443 0.000609 
0.000504 0.000021 0.000467 0.000565 
0.000499 0.000020 0.000443 0.000612 
0.000536 0.000050 0.000465 0.000784 
0.000523 0.000054 0.000445 0.000834 
0.000523 0.000059 0.000443 0.000776 
0.000547 0.000076 0.000438 0.001001 
0.000498 0.000033 0.000444 0.000655 
0.000525 0.000060 0.000442 0.000812 
0.000526 0.000080 0.000435 0.000825 
0.000491 0.000076 0.000406 0.000870 
0.000504 0.000060 0.000421 0.000857 
0.000475 0.000045 0.000401 0.000677 
0.000481 0.000028 0.000436 0.000570 
0.000495 0.000021 0.000465 0.000560 
0.000494 0.000034 0.000434 0.000608 
0.000489 0.000028 0.000427 0.000577 
0.000471 0.000035 0.000420 0.000598 
0.000485 0.000027 0.000440 0.000573 
0.000501 0.000035 0.000448 0.000618 
0.000493 0.000030 0.000442 0.000603 
0.000490 0.000036 0.000437 0.000636 
0.000491 0.000032 0.000454 0.000632 
0.000482 0.000029 0.000435 0.000577 
0.000497 0.000042 0.000445 0.000680 
0.000505 0.000046 0.000445 0.000658 
0.000495 0.000026 0.000436 0.000604 
0.000502 0.000036 0.000441 0.000618 
0.000529 0.000034 0.000437 0.000680 
0.000540 0.000100 0.000433 0.001123 
0.000515 0.000096 0.000402 0.000862 
0.000567 0.000112 0.000424 0.001074 
0.000493 0.000081 0.000412 0.000841 
0.000533 0.000115 0.000418 0.000892 
0.000573 0.000110 0.000453 0.000981 
0.000526 0.000077 0.000412 0.000805 
0.000500 0.000089 0.000400 0.000847 
0.000521 0.000107 0.000405 0.000891 
0.000476 0.000076 0.000392 0.000687 
0.000509 0.000112 0.000378 0.000921 
0.000544 0.000114 0.000426 0.001015 
0.000484 0.000113 0.000381 0.000994 
0.000474 0.000052 0.000399 0.000641 
0.000465 0.000040 0.000389 0.000596 
0.000495 0.000061 0.000433 0.000724 
0.000514 0.000060 0.000431 0.000652 
0.000560 0.000064 0.000449 0.000787 
0.000530 0.000092 0.000429 0.000856 
0.000492 0.000076 0.000413 0.000815 
0.000488 0.000080 0.000403 0.000806 
0.000500 0.000054 0.000438 0.000749 
0.000494 0.000064 0.000400 0.000749 
0.000503 0.000060 0.000419 0.000748 
0.000486 0.000045 0.000413 0.000641 
0.000492 0.000055 0.000432 0.000760 
0.000506 0.000048 0.000445 0.000686 
0.000488 0.000037 0.000434 0.000672 
0.000451 0.000038 0.000384 0.000645 
0.000469 0.000053 0.000415 0.000711 
0.000435 0.000042 0.000361 0.000577 
0.000419 0.000056 0.000340 0.000652 
0.000457 0.000052 0.000405 0.000787 
0.000424 0.000041 0.000366 0.000565 
0.000449 0.000046 0.000381 0.000612 
0.000452 0.000042 0.000369 0.000613 
0.000447 0.000036 0.000383 0.000584 
0.000436 0.000038 0.000359 0.000579 
0.000445 0.000032 0.000403 0.000612 
0.000445 0.000057 0.000385 0.000864 
0.000436 0.000040 0.000379 0.000625 
0.000464 0.000029 0.000418 0.000568 
0.000478 0.000027 0.000421 0.000551 
0.000445 0.000041 0.000397 0.000623 
0.000452 0.000036 0.000402 0.000663 
0.000454 0.000033 0.000388 0.000590 
0.000438 0.000038 0.000342 0.000577 
0.000447 0.000068 0.000343 0.000803 
0.000423 0.000022 0.000391 0.000558 
0.000457 0.000061 0.000379 0.000777 
0.000468 0.000040 0.000400 0.000672 
0.000445 0.000027 0.000394 0.000527 
0.000510 0.000042 0.000412 0.000636 
0.000486 0.000039 0.000431 0.000633 
0.000478 0.000036 0.000406 0.000643 
0.000474 0.000053 0.000401 0.000745 
0.000483 0.000047 0.000441 0.000637 
0.000478 0.000040 0.000439 0.000621 
0.000463 0.000026 0.000425 0.000588 
0.000469 0.000045 0.000408 0.000625 
0.000464 0.000041 0.000423 0.000660 
0.000465 0.000021 0.000411 0.000546 
0.000466 0.000032 0.000422 0.000633 
0.000469 0.000024 0.000442 0.000573 
0.000485 0.000033 0.000445 0.000628 
0.000509 0.000060 0.000437 0.000707 
0.000497 0.000061 0.000438 0.000731 
0.000487 0.000027 0.000452 0.000584 
0.000466 0.000023 0.000427 0.000579 
0.000500 0.000059 0.000422 0.000742 
0.000470 0.000069 0.000393 0.000792 
0.000474 0.000032 0.000437 0.000599 
0.000470 0.000028 0.000430 0.000624 
0.000482 0.000056 0.000427 0.000657 
0.000449 0.000036 0.000410 0.000663 
0.000472 0.000047 0.000419 0.000728 
0.000447 0.000019 0.000421 0.000541 
0.000484 0.000026 0.000436 0.000659 
0.000439 0.000048 0.000399 0.000672 
0.000463 0.000020 0.000429 0.000544 
0.000491 0.000032 0.000434 0.000593 
0.000467 0.000028 0.000414 0.000608 
0.000480 0.000034 0.000419 0.000626 
0.000475 0.000028 0.000425 0.000592 
0.000461 0.000024 0.000414 0.000559 
0.000461 0.000032 0.000404 0.000581 
0.000483 0.000039 0.000408 0.000627 
0.000479 0.000049 0.000414 0.000709 
0.000478 0.000031 0.000432 0.000594 
0.000477 0.000028 0.000434 0.000575 
0.000482 0.000024 0.000433 0.000570 
0.000471 0.000026 0.000407 0.000546 
0.000477 0.000033 0.000408 0.000577 
0.000518 0.000088 0.000447 0.000879 
0.000521 0.000087 0.000447 0.000932 
0.000513 0.000101 0.000438 0.001112 
0.000509 0.000079 0.000446 0.001043 
0.000523 0.000080 0.000460 0.000996 
0.000516 0.000087 0.000397 0.000998 
0.000501 0.000079 0.000413 0.000817 
0.000491 0.000072 0.000402 0.000836 
0.000499 0.000053 0.000435 0.000678 
0.000509 0.000095 0.000430 0.001034 
0.000517 0.000105 0.000427 0.000910 
0.000508 0.000058 0.000441 0.000790 
0.000506 0.000081 0.000413 0.000993 
