0.000592 0.000041 0.000503 0.000756 
0.000583 0.000032 0.000505 0.000672 
0.000594 0.000033 0.000525 0.000706 
0.000592 0.000037 0.000515 0.000677 
0.000587 0.000036 0.000520 0.000674 
0.000594 0.000038 0.000504 0.000710 
0.000604 0.000037 0.000537 0.000704 
0.000615 0.000039 0.000531 0.000713 
0.000593 0.000036 0.000506 0.000680 
0.000590 0.000038 0.000521 0.000681 
0.000597 0.000044 0.000502 0.000708 
0.000594 0.000037 0.000513 0.000685 
0.000594 0.000037 0.000511 0.000705 
0.000574 0.000045 0.000484 0.000826 
0.000580 0.000039 0.000517 0.000724 
0.000566 0.000045 0.000478 0.000778 
0.000590 0.000048 0.000496 0.000779 
0.000592 0.000042 0.000528 0.000826 
0.000570 0.000041 0.000493 0.000852 
0.000579 0.000036 0.000507 0.000727 
0.000586 0.000050 0.000505 0.000834 
0.000562 0.000048 0.000473 0.000760 
0.000573 0.000045 0.000481 0.000703 
0.000565 0.000046 0.000475 0.000761 
0.000591 0.000055 0.000515 0.000816 
0.000575 0.000042 0.000482 0.000767 
0.000612 0.000032 0.000524 0.000758 
0.000580 0.000043 0.000473 0.000770 
0.000610 0.000038 0.000528 0.000765 
0.000585 0.000040 0.000484 0.000689 
0.000590 0.000037 0.000502 0.000804 
0.000586 0.000039 0.000498 0.000708 
0.000596 0.000039 0.000493 0.000744 
0.000593 0.000035 0.000501 0.000772 
0.000589 0.000033 0.000503 0.000713 
0.000580 0.000030 0.000494 0.000687 
0.000607 0.000033 0.000540 0.000728 
0.000589 0.000025 0.000520 0.000667 
0.000591 0.000032 0.000513 0.000673 
0.000589 0.000030 0.000511 0.000669 
0.000580 0.000033 0.000495 0.000654 
0.000585 0.000034 0.000497 0.000664 
0.000586 0.000034 0.000492 0.000680 
0.000575 0.000030 0.000493 0.000650 
0.000589 0.000032 0.000506 0.000667 
0.000583 0.000032 0.000493 0.000663 
0.000601 0.000032 0.000510 0.000697 
0.000576 0.000033 0.000498 0.000669 
0.000597 0.000029 0.000527 0.000677 
0.000639 0.000059 0.000546 0.000970 
0.000626 0.000062 0.000527 0.000924 
0.000626 0.000060 0.000514 0.000904 
0.000644 0.000051 0.000531 0.000944 
0.000633 0.000067 0.000512 0.000892 
0.000628 0.000064 0.000515 0.000974 
0.000641 0.000064 0.000544 0.001003 
0.000623 0.000060 0.000533 0.000924 
0.000632 0.000063 0.000519 0.000907 
0.000640 0.000062 0.000495 0.000846 
0.000625 0.000071 0.000499 0.000949 
0.000573 0.000043 0.000494 0.000814 
0.000566 0.000054 0.000477 0.000913 
0.000582 0.000050 0.000501 0.000867 
0.000582 0.000043 0.000489 0.000790 
0.000545 0.000050 0.000466 0.000904 
0.000575 0.000045 0.000492 0.000795 
0.000571 0.000047 0.000489 0.000889 
0.000570 0.000046 0.000480 0.000780 
0.000553 0.000051 0.000462 0.000834 
0.000562 0.000053 0.000470 0.000848 
0.000618 0.000044 0.000532 0.000840 
0.000598 0.000054 0.000486 0.000905 
0.000590 0.000043 0.000503 0.000764 
0.000601 0.000043 0.000517 0.000778 
0.000619 0.000047 0.000534 0.000817 
0.000612 0.000040 0.000528 0.000757 
0.000620 0.000041 0.000521 0.000762 
0.000608 0.000048 0.000512 0.000857 
0.000610 0.000048 0.000515 0.000812 
0.000621 0.000042 0.000534 0.000801 
0.000612 0.000046 0.000513 0.000788 
0.000614 0.000040 0.000530 0.000814 
0.000600 0.000043 0.000511 0.000756 
0.000615 0.000056 0.000511 0.000894 
0.000613 0.000044 0.000520 0.000807 
0.000577 0.000046 0.000488 0.000759 
0.000610 0.000029 0.000544 0.000777 
0.000594 0.000042 0.000505 0.000797 
0.000591 0.000036 0.000511 0.000750 
0.000612 0.000037 0.000531 0.000748 
0.000600 0.000035 0.000533 0.000723 
0.000594 0.000034 0.000518 0.000736 
0.000593 0.000034 0.000518 0.000826 
0.000606 0.000041 0.000515 0.000719 
0.000608 0.000035 0.000534 0.000714 
0.000606 0.000039 0.000508 0.000769 
0.000600 0.000038 0.000515 0.000741 
0.000603 0.000034 0.000528 0.000716 
0.000600 0.000034 0.000524 0.000731 
0.000589 0.000039 0.000507 0.000741 
0.000624 0.000046 0.000530 0.000804 
0.000605 0.000039 0.000535 0.000822 
0.000621 0.000031 0.000538 0.000802 
0.000630 0.000053 0.000543 0.000942 
0.000615 0.000033 0.000535 0.000756 
0.000614 0.000043 0.000520 0.000827 
0.000615 0.000035 0.000544 0.000808 
0.000607 0.000045 0.000508 0.000805 
0.000614 0.000038 0.000533 0.000864 
0.000589 0.000036 0.000500 0.000720 
0.000640 0.000051 0.000547 0.000862 
0.000607 0.000051 0.000517 0.000846 
0.000642 0.000060 0.000539 0.000979 
0.000613 0.000048 0.000517 0.000853 
0.000591 0.000040 0.000491 0.000725 
0.000587 0.000042 0.000492 0.000717 
0.000600 0.000048 0.000489 0.000728 
0.000611 0.000045 0.000513 0.000761 
0.000612 0.000038 0.000515 0.000702 
0.000599 0.000042 0.000500 0.000772 
0.000621 0.000053 0.000512 0.000782 
0.000602 0.000042 0.000504 0.000719 
0.000611 0.000036 0.000510 0.000748 
0.000615 0.000046 0.000501 0.000736 
0.000594 0.000045 0.000479 0.000714 
0.000605 0.000045 0.000491 0.000745 
0.000605 0.000044 0.000506 0.000710 
0.000653 0.000056 0.000546 0.000817 
0.000640 0.000066 0.000507 0.000947 
0.000637 0.000055 0.000524 0.000851 
0.000640 0.000065 0.000523 0.001024 
0.000648 0.000054 0.000550 0.000857 
0.000645 0.000057 0.000519 0.000806 
0.000650 0.000055 0.000537 0.000885 
0.000656 0.000054 0.000557 0.000847 
0.000646 0.000061 0.000532 0.000909 
0.000643 0.000064 0.000505 0.000870 
0.000647 0.000057 0.000528 0.000911 
0.000637 0.000054 0.000523 0.000853 
0.000633 0.000056 0.000536 0.000995 
0.000619 0.000067 0.000517 0.001180 
0.000612 0.000053 0.000525 0.000967 
0.000619 0.000054 0.000534 0.000891 
0.000608 0.000058 0.000506 0.000954 
0.000604 0.000043 0.000511 0.000835 
0.000627 0.000059 0.000520 0.000981 
0.000630 0.000053 0.000543 0.001032 
0.000598 0.000054 0.000505 0.000888 
0.000608 0.000057 0.000513 0.000970 
0.000628 0.000055 0.000532 0.001063 
0.000633 0.000060 0.000548 0.000987 
0.000630 0.000067 0.000519 0.001087 
0.000630 0.000048 0.000510 0.000772 
0.000627 0.000055 0.000520 0.000820 
0.000631 0.000045 0.000526 0.000784 
0.000652 0.000048 0.000552 0.000867 
0.000627 0.000048 0.000517 0.000749 
0.000631 0.000048 0.000520 0.000820 
0.000632 0.000050 0.000514 0.000799 
0.000628 0.000048 0.000508 0.000766 
0.000623 0.000050 0.000516 0.000804 
0.000637 0.000053 0.000514 0.000858 
0.000626 0.000050 0.000518 0.000816 
0.000631 0.000049 0.000521 0.000831 
0.000620 0.000054 0.000497 0.000843 
0.000600 0.000052 0.000480 0.000785 
0.000590 0.000051 0.000477 0.000835 
0.000589 0.000045 0.000493 0.000806 
0.000592 0.000037 0.000512 0.000785 
0.000594 0.000042 0.000501 0.000734 
0.000589 0.000037 0.000511 0.000741 
0.000585 0.000049 0.000458 0.000758 
0.000581 0.000046 0.000483 0.000829 
0.000590 0.000049 0.000462 0.000790 
0.000606 0.000039 0.000520 0.000767 
0.000591 0.000062 0.000497 0.001012 
0.000588 0.000045 0.000491 0.000813 
0.000602 0.000045 0.000509 0.000821 
0.000582 0.000048 0.000494 0.000815 
0.000671 0.000068 0.000566 0.001016 
0.000629 0.000078 0.000490 0.001033 
0.000635 0.000061 0.000520 0.000878 
0.000635 0.000069 0.000527 0.000934 
0.000639 0.000067 0.000524 0.000897 
0.000622 0.000071 0.000489 0.000986 
0.000662 0.000064 0.000567 0.001078 
0.000626 0.000070 0.000512 0.001041 
0.000642 0.000071 0.000527 0.001021 
0.000632 0.000069 0.000509 0.000941 
0.000644 0.000072 0.000523 0.001036 
0.000641 0.000082 0.000496 0.001103 
0.000625 0.000067 0.000499 0.000892 
