0.000679 0.000038 0.000546 0.000794 
0.000652 0.000023 0.000595 0.000716 
0.000640 0.000023 0.000568 0.000830 
0.000649 0.000032 0.000533 0.000844 
0.000669 0.000036 0.000558 0.000761 
0.000664 0.000042 0.000550 0.000904 
0.000672 0.000035 0.000537 0.000872 
0.000676 0.000034 0.000543 0.000802 
0.000669 0.000033 0.000546 0.000928 
0.000653 0.000035 0.000542 0.000855 
0.000661 0.000039 0.000558 0.000876 
0.000660 0.000037 0.000569 0.000833 
0.000663 0.000038 0.000571 0.000915 
0.000604 0.000046 0.000543 0.000859 
0.000635 0.000055 0.000560 0.000887 
0.000649 0.000036 0.000573 0.000752 
0.000624 0.000031 0.000576 0.000839 
0.000644 0.000049 0.000542 0.000931 
0.000611 0.000041 0.000541 0.000744 
0.000647 0.000047 0.000566 0.000924 
0.000607 0.000035 0.000532 0.000851 
0.000633 0.000035 0.000578 0.000775 
0.000621 0.000027 0.000540 0.000699 
0.000661 0.000058 0.000549 0.000986 
0.000634 0.000042 0.000546 0.000834 
0.000619 0.000050 0.000557 0.000839 
0.000679 0.000049 0.000582 0.000852 
0.000647 0.000055 0.000568 0.000858 
0.000670 0.000036 0.000585 0.000831 
0.000662 0.000051 0.000548 0.000821 
0.000663 0.000044 0.000569 0.000847 
0.000646 0.000055 0.000547 0.000810 
0.000697 0.000051 0.000556 0.000880 
0.000687 0.000042 0.000572 0.000840 
0.000653 0.000045 0.000570 0.000842 
0.000670 0.000047 0.000549 0.000844 
0.000690 0.000045 0.000604 0.000854 
0.000744 0.000088 0.000621 0.001144 
0.000785 0.000078 0.000613 0.001145 
0.000741 0.000078 0.000624 0.001226 
0.000752 0.000073 0.000630 0.001097 
0.000770 0.000088 0.000601 0.001123 
0.000722 0.000074 0.000613 0.001020 
0.000783 0.000087 0.000613 0.001182 
0.000729 0.000086 0.000603 0.001197 
0.000754 0.000078 0.000625 0.001273 
0.000743 0.000083 0.000592 0.001177 
0.000715 0.000081 0.000608 0.001019 
0.000720 0.000079 0.000590 0.001264 
0.000685 0.000065 0.000580 0.001071 
0.000695 0.000026 0.000632 0.000955 
0.000694 0.000056 0.000584 0.001134 
0.000709 0.000045 0.000605 0.001073 
0.000737 0.000053 0.000595 0.001112 
0.000734 0.000062 0.000598 0.001111 
0.000689 0.000046 0.000582 0.001031 
0.000716 0.000071 0.000585 0.001116 
0.000706 0.000051 0.000580 0.001058 
0.000730 0.000055 0.000595 0.001104 
0.000711 0.000038 0.000629 0.001019 
0.000664 0.000039 0.000571 0.000939 
0.000653 0.000040 0.000555 0.000808 
0.000672 0.000042 0.000574 0.000982 
0.000670 0.000053 0.000576 0.001022 
0.000611 0.000040 0.000557 0.000920 
0.000634 0.000051 0.000560 0.001028 
0.000651 0.000047 0.000550 0.001022 
0.000638 0.000045 0.000535 0.001004 
0.000640 0.000050 0.000559 0.001093 
0.000622 0.000031 0.000533 0.000741 
0.000718 0.000083 0.000609 0.001148 
0.000734 0.000091 0.000569 0.001164 
0.000744 0.000086 0.000567 0.001128 
0.000739 0.000094 0.000593 0.001179 
0.000709 0.000084 0.000575 0.001137 
0.000714 0.000075 0.000561 0.001108 
0.000730 0.000087 0.000587 0.001109 
0.000719 0.000077 0.000598 0.001142 
0.000710 0.000079 0.000577 0.001191 
0.000789 0.000098 0.000559 0.001239 
0.000729 0.000096 0.000582 0.001114 
0.000741 0.000092 0.000589 0.001186 
0.000727 0.000079 0.000573 0.001139 
0.000753 0.000082 0.000590 0.001249 
0.000751 0.000099 0.000580 0.001297 
0.000733 0.000081 0.000568 0.001152 
0.000663 0.000051 0.000546 0.001195 
0.000707 0.000053 0.000560 0.001018 
0.000708 0.000056 0.000579 0.001026 
0.000692 0.000042 0.000586 0.000840 
0.000705 0.000046 0.000538 0.001048 
0.000684 0.000039 0.000565 0.000834 
0.000711 0.000051 0.000576 0.001028 
0.000668 0.000029 0.000577 0.000798 
0.000702 0.000041 0.000559 0.000808 
0.000673 0.000049 0.000575 0.000817 
0.000705 0.000063 0.000592 0.001023 
0.000678 0.000047 0.000596 0.001046 
0.000661 0.000051 0.000548 0.000900 
0.000682 0.000042 0.000567 0.001007 
0.000690 0.000063 0.000555 0.001009 
0.000711 0.000084 0.000560 0.001196 
0.000748 0.000091 0.000581 0.001346 
0.000734 0.000122 0.000596 0.001344 
0.000657 0.000059 0.000587 0.000972 
0.000669 0.000063 0.000557 0.001282 
0.000671 0.000059 0.000572 0.001208 
0.000719 0.000097 0.000587 0.001181 
0.000670 0.000065 0.000568 0.001063 
0.000669 0.000058 0.000586 0.001053 
0.000750 0.000093 0.000549 0.001229 
0.000708 0.000078 0.000561 0.001220 
0.000733 0.000082 0.000583 0.001243 
0.000689 0.000050 0.000579 0.000959 
0.000681 0.000060 0.000589 0.001275 
0.000649 0.000077 0.000556 0.001086 
0.000672 0.000101 0.000540 0.001155 
0.000625 0.000093 0.000533 0.001143 
0.000668 0.000081 0.000563 0.001194 
0.000597 0.000044 0.000514 0.000923 
0.000674 0.000092 0.000566 0.001210 
0.000646 0.000074 0.000556 0.001085 
0.000639 0.000038 0.000555 0.000973 
0.000620 0.000032 0.000542 0.000749 
0.000675 0.000088 0.000550 0.001226 
0.000655 0.000087 0.000568 0.001133 
0.000651 0.000057 0.000568 0.000985 
0.000674 0.000040 0.000608 0.000842 
0.000699 0.000046 0.000600 0.000994 
0.000659 0.000029 0.000580 0.000811 
0.000679 0.000029 0.000570 0.000804 
0.000660 0.000032 0.000586 0.000859 
0.000620 0.000019 0.000577 0.000714 
0.000626 0.000041 0.000561 0.000820 
0.000680 0.000035 0.000590 0.000841 
0.000656 0.000022 0.000580 0.000735 
0.000669 0.000023 0.000621 0.000828 
0.000648 0.000030 0.000575 0.000846 
0.000719 0.000053 0.000616 0.000942 
0.000729 0.000070 0.000574 0.001031 
0.000713 0.000075 0.000565 0.000960 
0.000687 0.000071 0.000582 0.000918 
0.000682 0.000059 0.000593 0.000935 
0.000665 0.000044 0.000609 0.000889 
0.000664 0.000046 0.000589 0.000900 
0.000673 0.000047 0.000598 0.000877 
0.000669 0.000046 0.000597 0.000896 
0.000625 0.000054 0.000548 0.000874 
0.000640 0.000044 0.000571 0.000787 
0.000685 0.000054 0.000612 0.000922 
0.000671 0.000046 0.000583 0.000872 
0.000713 0.000058 0.000610 0.000958 
0.000705 0.000040 0.000580 0.000947 
0.000736 0.000053 0.000608 0.000961 
0.000716 0.000056 0.000591 0.000971 
0.000719 0.000056 0.000611 0.001024 
0.000671 0.000039 0.000578 0.000840 
0.000680 0.000034 0.000600 0.000903 
0.000710 0.000042 0.000603 0.000992 
0.000697 0.000054 0.000604 0.001025 
0.000695 0.000042 0.000575 0.000875 
0.000689 0.000044 0.000594 0.000890 
0.000680 0.000023 0.000614 0.000839 
0.000706 0.000051 0.000608 0.001027 
0.000666 0.000053 0.000577 0.000912 
0.000667 0.000044 0.000543 0.001074 
0.000698 0.000035 0.000542 0.000949 
0.000682 0.000055 0.000549 0.001029 
0.000697 0.000046 0.000564 0.001027 
0.000678 0.000047 0.000547 0.000999 
0.000653 0.000059 0.000536 0.001002 
0.000672 0.000054 0.000547 0.001005 
0.000675 0.000036 0.000554 0.000973 
0.000673 0.000040 0.000551 0.000854 
0.000682 0.000035 0.000562 0.000782 
0.000673 0.000027 0.000572 0.000736 
0.000678 0.000042 0.000525 0.000888 
0.000632 0.000050 0.000545 0.001022 
0.000672 0.000049 0.000566 0.000790 
0.000762 0.000162 0.000560 0.001481 
0.000744 0.000126 0.000581 0.001366 
0.000734 0.000122 0.000577 0.001315 
0.000746 0.000113 0.000618 0.001381 
0.000729 0.000092 0.000601 0.001346 
0.000693 0.000080 0.000568 0.001322 
0.000739 0.000138 0.000565 0.001500 
0.000714 0.000133 0.000576 0.001418 
0.000739 0.000113 0.000572 0.001332 
0.000704 0.000087 0.000577 0.001268 
0.000734 0.000123 0.000574 0.001333 
0.000730 0.000148 0.000603 0.001506 
0.000729 0.000122 0.000568 0.001323 
