0.000645 0.000036 0.000528 0.000745 
0.000637 0.000042 0.000506 0.000735 
0.000626 0.000034 0.000521 0.000773 
0.000629 0.000036 0.000529 0.000728 
0.000641 0.000040 0.000488 0.000754 
0.000640 0.000037 0.000522 0.000729 
0.000643 0.000035 0.000523 0.000754 
0.000656 0.000037 0.000532 0.000757 
0.000638 0.000034 0.000518 0.000750 
0.000634 0.000039 0.000497 0.000752 
0.000628 0.000035 0.000513 0.000752 
0.000631 0.000039 0.000499 0.000775 
0.000641 0.000034 0.000539 0.000760 
0.000592 0.000036 0.000492 0.000774 
0.000601 0.000038 0.000493 0.000778 
0.000607 0.000039 0.000499 0.000791 
0.000617 0.000038 0.000509 0.000762 
0.000616 0.000031 0.000527 0.000810 
0.000601 0.000037 0.000494 0.000741 
0.000613 0.000038 0.000497 0.000787 
0.000605 0.000038 0.000486 0.000759 
0.000601 0.000035 0.000502 0.000770 
0.000608 0.000038 0.000497 0.000800 
0.000600 0.000037 0.000488 0.000779 
0.000603 0.000037 0.000509 0.000789 
0.000600 0.000034 0.000499 0.000788 
0.000665 0.000036 0.000548 0.000749 
0.000639 0.000044 0.000466 0.000759 
0.000662 0.000035 0.000531 0.000743 
0.000631 0.000040 0.000509 0.000727 
0.000642 0.000028 0.000551 0.000737 
0.000625 0.000037 0.000496 0.000734 
0.000655 0.000041 0.000517 0.000747 
0.000651 0.000035 0.000526 0.000751 
0.000647 0.000045 0.000477 0.000746 
0.000631 0.000034 0.000488 0.000745 
0.000662 0.000040 0.000509 0.000756 
0.000655 0.000043 0.000520 0.000746 
0.000667 0.000037 0.000541 0.000747 
0.000661 0.000044 0.000536 0.000759 
0.000642 0.000038 0.000515 0.000741 
0.000650 0.000041 0.000519 0.000755 
0.000649 0.000038 0.000502 0.000732 
0.000656 0.000043 0.000522 0.000757 
0.000665 0.000041 0.000535 0.000762 
0.000652 0.000039 0.000524 0.000752 
0.000659 0.000035 0.000550 0.000754 
0.000644 0.000040 0.000517 0.000741 
0.000659 0.000034 0.000546 0.000744 
0.000641 0.000032 0.000520 0.000780 
0.000640 0.000033 0.000512 0.000743 
0.000643 0.000031 0.000519 0.000826 
0.000647 0.000030 0.000512 0.000849 
0.000656 0.000031 0.000526 0.000771 
0.000662 0.000031 0.000523 0.000777 
0.000643 0.000032 0.000527 0.000869 
0.000644 0.000030 0.000524 0.000739 
0.000649 0.000030 0.000526 0.000737 
0.000656 0.000034 0.000522 0.000751 
0.000642 0.000032 0.000509 0.000759 
0.000622 0.000039 0.000497 0.000716 
0.000606 0.000035 0.000474 0.000686 
0.000617 0.000034 0.000512 0.000719 
0.000630 0.000039 0.000484 0.000726 
0.000594 0.000039 0.000449 0.000696 
0.000612 0.000036 0.000491 0.000702 
0.000610 0.000032 0.000488 0.000693 
0.000598 0.000038 0.000488 0.000695 
0.000606 0.000042 0.000364 0.000706 
0.000599 0.000042 0.000476 0.000709 
0.000644 0.000029 0.000544 0.000727 
0.000642 0.000038 0.000508 0.000723 
0.000640 0.000034 0.000512 0.000818 
0.000636 0.000029 0.000521 0.000754 
0.000618 0.000026 0.000535 0.000698 
0.000654 0.000034 0.000544 0.000817 
0.000649 0.000035 0.000534 0.000755 
0.000640 0.000038 0.000511 0.000754 
0.000630 0.000034 0.000514 0.000700 
0.000659 0.000033 0.000544 0.000736 
0.000635 0.000042 0.000487 0.000735 
0.000652 0.000042 0.000524 0.000742 
0.000647 0.000034 0.000537 0.000737 
0.000639 0.000032 0.000526 0.000775 
0.000653 0.000025 0.000556 0.000721 
0.000637 0.000035 0.000496 0.000749 
0.000664 0.000031 0.000523 0.000785 
0.000633 0.000035 0.000520 0.000777 
0.000660 0.000037 0.000545 0.000770 
0.000673 0.000041 0.000528 0.000777 
0.000644 0.000040 0.000532 0.000851 
0.000648 0.000038 0.000524 0.000799 
0.000647 0.000044 0.000519 0.000796 
0.000637 0.000055 0.000521 0.000782 
0.000650 0.000045 0.000523 0.000829 
0.000666 0.000058 0.000486 0.000855 
0.000660 0.000040 0.000513 0.000794 
0.000639 0.000043 0.000522 0.000804 
0.000627 0.000045 0.000511 0.000832 
0.000610 0.000051 0.000488 0.000791 
0.000625 0.000028 0.000517 0.000715 
0.000632 0.000035 0.000507 0.000779 
0.000647 0.000022 0.000554 0.000709 
0.000622 0.000032 0.000511 0.000739 
0.000614 0.000028 0.000503 0.000730 
0.000612 0.000040 0.000490 0.000761 
0.000594 0.000037 0.000518 0.000734 
0.000620 0.000033 0.000521 0.000751 
0.000620 0.000034 0.000515 0.000695 
0.000608 0.000031 0.000495 0.000772 
0.000638 0.000027 0.000555 0.000744 
0.000621 0.000029 0.000519 0.000735 
0.000639 0.000025 0.000569 0.000769 
0.000625 0.000032 0.000547 0.000747 
0.000656 0.000039 0.000539 0.000781 
0.000613 0.000037 0.000480 0.000737 
0.000595 0.000044 0.000493 0.000709 
0.000614 0.000034 0.000528 0.000729 
0.000643 0.000037 0.000506 0.000741 
0.000591 0.000047 0.000406 0.000756 
0.000623 0.000048 0.000497 0.000748 
0.000597 0.000048 0.000400 0.000719 
0.000645 0.000040 0.000509 0.000749 
0.000599 0.000037 0.000511 0.000721 
0.000598 0.000045 0.000468 0.000739 
0.000606 0.000044 0.000477 0.000728 
0.000633 0.000034 0.000500 0.000723 
0.000668 0.000068 0.000485 0.000882 
0.000666 0.000067 0.000473 0.000849 
0.000634 0.000051 0.000508 0.000824 
0.000658 0.000046 0.000514 0.000875 
0.000644 0.000060 0.000490 0.000894 
0.000638 0.000063 0.000472 0.000840 
0.000647 0.000065 0.000471 0.000864 
0.000684 0.000045 0.000539 0.000854 
0.000640 0.000057 0.000504 0.000817 
0.000657 0.000049 0.000500 0.000869 
0.000656 0.000062 0.000505 0.000882 
0.000671 0.000066 0.000508 0.001005 
0.000644 0.000035 0.000525 0.000825 
0.000596 0.000031 0.000507 0.000699 
0.000609 0.000044 0.000498 0.000797 
0.000634 0.000039 0.000510 0.000829 
0.000610 0.000036 0.000500 0.000759 
0.000636 0.000034 0.000453 0.000766 
0.000641 0.000039 0.000451 0.000774 
0.000634 0.000036 0.000514 0.000778 
0.000612 0.000041 0.000485 0.000798 
0.000628 0.000040 0.000523 0.000869 
0.000636 0.000035 0.000527 0.000791 
0.000648 0.000040 0.000515 0.000837 
0.000638 0.000027 0.000521 0.000736 
0.000681 0.000054 0.000534 0.000818 
0.000672 0.000047 0.000535 0.000874 
0.000675 0.000047 0.000537 0.000817 
0.000685 0.000047 0.000570 0.000949 
0.000673 0.000045 0.000548 0.000853 
0.000670 0.000043 0.000533 0.000843 
0.000679 0.000048 0.000545 0.000830 
0.000676 0.000051 0.000539 0.000815 
0.000668 0.000045 0.000520 0.000804 
0.000676 0.000045 0.000539 0.000828 
0.000673 0.000051 0.000532 0.000849 
0.000671 0.000051 0.000522 0.000830 
0.000658 0.000048 0.000529 0.000798 
0.000645 0.000036 0.000533 0.000767 
0.000656 0.000030 0.000517 0.000730 
0.000638 0.000044 0.000489 0.000745 
0.000658 0.000040 0.000514 0.000750 
0.000637 0.000038 0.000516 0.000727 
0.000629 0.000044 0.000496 0.000730 
0.000619 0.000038 0.000506 0.000728 
0.000634 0.000038 0.000510 0.000737 
0.000638 0.000032 0.000522 0.000719 
0.000660 0.000038 0.000542 0.000744 
0.000632 0.000042 0.000490 0.000717 
0.000653 0.000044 0.000517 0.000758 
0.000630 0.000039 0.000503 0.000735 
0.000629 0.000047 0.000464 0.000737 
0.000680 0.000032 0.000574 0.000790 
0.000651 0.000037 0.000489 0.000738 
0.000655 0.000034 0.000539 0.000742 
0.000670 0.000035 0.000535 0.000739 
0.000662 0.000040 0.000550 0.000744 
0.000638 0.000035 0.000513 0.000758 
0.000673 0.000036 0.000574 0.000762 
0.000656 0.000032 0.000539 0.000747 
0.000663 0.000035 0.000546 0.000787 
0.000647 0.000029 0.000537 0.000713 
0.000676 0.000037 0.000531 0.000771 
0.000658 0.000029 0.000544 0.000746 
0.000646 0.000032 0.000548 0.000785 
