0.000632 0.000045 0.000535 0.000888 
0.000628 0.000046 0.000539 0.000889 
0.000630 0.000040 0.000553 0.000970 
0.000631 0.000047 0.000534 0.000988 
0.000633 0.000056 0.000507 0.000986 
0.000628 0.000046 0.000519 0.000972 
0.000628 0.000043 0.000513 0.001023 
0.000637 0.000042 0.000545 0.000887 
0.000633 0.000054 0.000528 0.000974 
0.000635 0.000051 0.000528 0.000938 
0.000629 0.000043 0.000526 0.001011 
0.000624 0.000040 0.000542 0.000843 
0.000628 0.000044 0.000535 0.000939 
0.000613 0.000073 0.000493 0.001209 
0.000603 0.000080 0.000500 0.001236 
0.000611 0.000073 0.000499 0.001218 
0.000607 0.000063 0.000495 0.001009 
0.000603 0.000063 0.000517 0.001242 
0.000605 0.000078 0.000475 0.001046 
0.000598 0.000068 0.000469 0.001083 
0.000600 0.000060 0.000494 0.000986 
0.000612 0.000080 0.000492 0.001057 
0.000595 0.000067 0.000496 0.001366 
0.000602 0.000071 0.000474 0.001150 
0.000612 0.000081 0.000481 0.001193 
0.000614 0.000063 0.000500 0.001032 
0.000599 0.000065 0.000512 0.001060 
0.000572 0.000070 0.000469 0.000977 
0.000598 0.000070 0.000497 0.001127 
0.000581 0.000063 0.000471 0.001045 
0.000580 0.000071 0.000457 0.001103 
0.000578 0.000068 0.000460 0.000977 
0.000577 0.000073 0.000474 0.001202 
0.000586 0.000064 0.000502 0.001026 
0.000580 0.000077 0.000460 0.001155 
0.000581 0.000073 0.000466 0.001127 
0.000593 0.000064 0.000473 0.001009 
0.000603 0.000039 0.000517 0.000872 
0.000595 0.000044 0.000495 0.000860 
0.000602 0.000043 0.000527 0.000952 
0.000600 0.000036 0.000514 0.000919 
0.000598 0.000041 0.000514 0.000928 
0.000605 0.000033 0.000535 0.000818 
0.000590 0.000047 0.000504 0.000971 
0.000607 0.000033 0.000536 0.000808 
0.000599 0.000043 0.000525 0.000944 
0.000617 0.000037 0.000546 0.000925 
0.000600 0.000038 0.000521 0.000823 
0.000605 0.000035 0.000540 0.000907 
0.000661 0.000102 0.000506 0.001297 
0.000663 0.000100 0.000494 0.001145 
0.000658 0.000109 0.000510 0.001593 
0.000686 0.000104 0.000545 0.001306 
0.000674 0.000119 0.000524 0.001548 
0.000672 0.000122 0.000513 0.001395 
0.000657 0.000114 0.000523 0.001480 
0.000674 0.000129 0.000509 0.001534 
0.000675 0.000149 0.000494 0.001562 
0.000675 0.000120 0.000516 0.001636 
0.000660 0.000110 0.000487 0.001394 
0.000573 0.000038 0.000498 0.000774 
0.000562 0.000032 0.000500 0.000714 
0.000567 0.000037 0.000491 0.000843 
0.000569 0.000036 0.000491 0.000801 
0.000561 0.000038 0.000489 0.000784 
0.000569 0.000039 0.000484 0.000806 
0.000570 0.000041 0.000503 0.000741 
0.000552 0.000034 0.000447 0.000681 
0.000557 0.000035 0.000491 0.000708 
0.000555 0.000037 0.000473 0.000715 
0.000617 0.000058 0.000503 0.001017 
0.000607 0.000067 0.000486 0.001003 
0.000616 0.000065 0.000500 0.001085 
0.000604 0.000053 0.000484 0.001041 
0.000600 0.000052 0.000501 0.001112 
0.000612 0.000066 0.000491 0.001161 
0.000624 0.000061 0.000494 0.001137 
0.000618 0.000065 0.000511 0.001256 
0.000620 0.000064 0.000508 0.001042 
0.000629 0.000073 0.000508 0.001143 
0.000612 0.000065 0.000479 0.001065 
0.000624 0.000059 0.000521 0.000927 
0.000613 0.000060 0.000516 0.001185 
0.000625 0.000066 0.000507 0.001233 
0.000612 0.000059 0.000500 0.001007 
0.000613 0.000057 0.000502 0.001015 
0.000649 0.000100 0.000514 0.001314 
0.000627 0.000058 0.000518 0.000922 
0.000639 0.000070 0.000500 0.000998 
0.000630 0.000060 0.000487 0.000947 
0.000642 0.000076 0.000490 0.001029 
0.000641 0.000075 0.000501 0.001070 
0.000628 0.000057 0.000505 0.000902 
0.000641 0.000058 0.000525 0.001005 
0.000648 0.000075 0.000479 0.000962 
0.000647 0.000068 0.000494 0.000911 
0.000625 0.000069 0.000488 0.000975 
0.000638 0.000077 0.000494 0.001046 
0.000637 0.000060 0.000503 0.001023 
0.000625 0.000055 0.000520 0.001003 
0.000615 0.000065 0.000501 0.001117 
0.000614 0.000062 0.000516 0.000952 
0.000632 0.000069 0.000527 0.001002 
0.000617 0.000070 0.000524 0.001168 
0.000640 0.000070 0.000523 0.001161 
0.000624 0.000063 0.000520 0.001031 
0.000632 0.000067 0.000512 0.001143 
0.000617 0.000058 0.000525 0.000940 
0.000615 0.000069 0.000508 0.000979 
0.000605 0.000060 0.000517 0.000980 
0.000622 0.000078 0.000517 0.001315 
0.000623 0.000068 0.000531 0.001063 
0.000624 0.000059 0.000528 0.000942 
0.000613 0.000070 0.000511 0.000978 
0.000641 0.000072 0.000548 0.001007 
0.000635 0.000064 0.000531 0.001008 
0.000642 0.000070 0.000549 0.001037 
0.000648 0.000075 0.000555 0.001093 
0.000639 0.000059 0.000548 0.000943 
0.000648 0.000068 0.000554 0.001023 
0.000646 0.000074 0.000546 0.001060 
0.000642 0.000079 0.000543 0.001124 
0.000624 0.000064 0.000543 0.001031 
0.000633 0.000063 0.000547 0.000963 
0.000651 0.000079 0.000569 0.001149 
0.000640 0.000070 0.000552 0.000984 
0.000641 0.000063 0.000546 0.001005 
0.000732 0.000080 0.000587 0.001065 
0.000727 0.000110 0.000574 0.001344 
0.000742 0.000090 0.000586 0.001178 
0.000715 0.000081 0.000591 0.001291 
0.000728 0.000077 0.000604 0.001227 
0.000728 0.000078 0.000592 0.001080 
0.000721 0.000109 0.000565 0.001371 
0.000737 0.000098 0.000587 0.001342 
0.000765 0.000119 0.000596 0.001274 
0.000744 0.000083 0.000616 0.001146 
0.000735 0.000101 0.000585 0.001308 
0.000724 0.000086 0.000582 0.001170 
0.000671 0.000127 0.000506 0.001573 
0.000659 0.000125 0.000487 0.001436 
0.000681 0.000129 0.000504 0.001317 
0.000675 0.000131 0.000483 0.001585 
0.000689 0.000120 0.000512 0.001441 
0.000675 0.000145 0.000469 0.001317 
0.000672 0.000129 0.000475 0.001190 
0.000687 0.000114 0.000520 0.001293 
0.000659 0.000126 0.000504 0.001475 
0.000678 0.000131 0.000512 0.001316 
0.000677 0.000125 0.000497 0.001509 
0.000666 0.000120 0.000492 0.001321 
0.000679 0.000119 0.000520 0.001321 
0.000593 0.000035 0.000490 0.000783 
0.000611 0.000040 0.000480 0.000819 
0.000600 0.000032 0.000509 0.000868 
0.000607 0.000033 0.000530 0.000828 
0.000599 0.000039 0.000495 0.000915 
0.000606 0.000030 0.000527 0.000792 
0.000600 0.000036 0.000498 0.000829 
0.000597 0.000031 0.000526 0.000802 
0.000599 0.000030 0.000518 0.000746 
0.000598 0.000032 0.000504 0.000733 
0.000607 0.000029 0.000530 0.000757 
0.000610 0.000036 0.000528 0.000865 
0.000595 0.000037 0.000512 0.000742 
0.000626 0.000080 0.000516 0.001027 
0.000613 0.000093 0.000508 0.001268 
0.000606 0.000087 0.000492 0.001294 
0.000625 0.000082 0.000495 0.001093 
0.000619 0.000089 0.000506 0.001156 
0.000617 0.000080 0.000515 0.001068 
0.000619 0.000077 0.000500 0.000988 
0.000621 0.000082 0.000510 0.001024 
0.000616 0.000089 0.000496 0.001149 
0.000626 0.000084 0.000521 0.001091 
0.000617 0.000086 0.000503 0.001393 
0.000616 0.000090 0.000502 0.001258 
0.000625 0.000077 0.000521 0.001185 
0.000618 0.000097 0.000500 0.001221 
0.000643 0.000065 0.000533 0.001014 
0.000637 0.000057 0.000534 0.001041 
0.000653 0.000062 0.000565 0.000995 
0.000644 0.000051 0.000558 0.000958 
0.000657 0.000061 0.000570 0.000928 
0.000638 0.000067 0.000521 0.000962 
0.000656 0.000073 0.000557 0.001038 
0.000626 0.000059 0.000514 0.000997 
0.000639 0.000067 0.000519 0.000973 
0.000646 0.000067 0.000541 0.001018 
0.000652 0.000069 0.000547 0.000962 
0.000636 0.000055 0.000526 0.000944 
0.000642 0.000067 0.000520 0.001053 
