0.000663 0.000102 0.000521 0.001076 
0.000652 0.000107 0.000506 0.001101 
0.000643 0.000123 0.000460 0.001153 
0.000637 0.000113 0.000496 0.001096 
0.000651 0.000106 0.000506 0.001150 
0.000648 0.000092 0.000489 0.001041 
0.000641 0.000108 0.000500 0.001122 
0.000660 0.000125 0.000522 0.001195 
0.000640 0.000108 0.000511 0.001178 
0.000635 0.000115 0.000471 0.001202 
0.000638 0.000103 0.000498 0.001102 
0.000629 0.000094 0.000493 0.001040 
0.000653 0.000110 0.000513 0.001119 
0.000612 0.000104 0.000474 0.001043 
0.000640 0.000104 0.000469 0.001077 
0.000630 0.000106 0.000497 0.001055 
0.000656 0.000119 0.000481 0.001036 
0.000645 0.000131 0.000484 0.001265 
0.000625 0.000096 0.000493 0.001016 
0.000621 0.000090 0.000491 0.000948 
0.000609 0.000118 0.000462 0.001076 
0.000606 0.000116 0.000471 0.001011 
0.000613 0.000121 0.000467 0.001124 
0.000617 0.000096 0.000483 0.001062 
0.000620 0.000113 0.000465 0.001097 
0.000632 0.000099 0.000481 0.001024 
0.000707 0.000149 0.000531 0.001321 
0.000628 0.000123 0.000484 0.001178 
0.000688 0.000125 0.000506 0.001271 
0.000664 0.000113 0.000489 0.001122 
0.000669 0.000115 0.000509 0.001257 
0.000668 0.000120 0.000505 0.001198 
0.000683 0.000138 0.000513 0.001269 
0.000710 0.000137 0.000512 0.001321 
0.000672 0.000110 0.000511 0.001187 
0.000664 0.000132 0.000490 0.001242 
0.000712 0.000121 0.000492 0.001212 
0.000673 0.000140 0.000506 0.001467 
0.000675 0.000136 0.000518 0.001430 
0.000674 0.000161 0.000517 0.001515 
0.000677 0.000138 0.000529 0.001470 
0.000672 0.000138 0.000522 0.001431 
0.000680 0.000162 0.000509 0.001585 
0.000665 0.000141 0.000535 0.001362 
0.000678 0.000174 0.000515 0.001565 
0.000673 0.000142 0.000529 0.001386 
0.000684 0.000179 0.000519 0.001657 
0.000675 0.000168 0.000513 0.001439 
0.000686 0.000196 0.000507 0.001643 
0.000664 0.000105 0.000493 0.001038 
0.000680 0.000089 0.000524 0.001078 
0.000672 0.000097 0.000514 0.001038 
0.000684 0.000106 0.000512 0.001119 
0.000692 0.000094 0.000543 0.001014 
0.000675 0.000087 0.000515 0.001002 
0.000698 0.000099 0.000498 0.001029 
0.000679 0.000096 0.000523 0.001057 
0.000648 0.000093 0.000524 0.000928 
0.000658 0.000087 0.000546 0.001012 
0.000666 0.000099 0.000524 0.001083 
0.000629 0.000137 0.000495 0.001195 
0.000619 0.000087 0.000483 0.001077 
0.000637 0.000131 0.000473 0.001202 
0.000621 0.000107 0.000492 0.001110 
0.000612 0.000094 0.000459 0.001037 
0.000626 0.000107 0.000467 0.001102 
0.000623 0.000115 0.000477 0.001099 
0.000587 0.000098 0.000476 0.000972 
0.000600 0.000111 0.000464 0.001344 
0.000628 0.000131 0.000471 0.001199 
0.000669 0.000123 0.000499 0.001068 
0.000671 0.000103 0.000526 0.001048 
0.000664 0.000093 0.000518 0.001010 
0.000671 0.000116 0.000506 0.001038 
0.000644 0.000116 0.000477 0.001010 
0.000690 0.000101 0.000520 0.001031 
0.000689 0.000098 0.000516 0.000967 
0.000670 0.000085 0.000523 0.000939 
0.000662 0.000119 0.000463 0.001083 
0.000669 0.000113 0.000513 0.001110 
0.000638 0.000096 0.000500 0.000911 
0.000692 0.000106 0.000515 0.001076 
0.000679 0.000090 0.000535 0.001042 
0.000658 0.000089 0.000527 0.000964 
0.000673 0.000122 0.000502 0.001146 
0.000647 0.000105 0.000491 0.001024 
0.000680 0.000135 0.000521 0.001299 
0.000651 0.000115 0.000503 0.001078 
0.000681 0.000113 0.000543 0.001220 
0.000657 0.000113 0.000514 0.001169 
0.000660 0.000118 0.000518 0.001135 
0.000669 0.000092 0.000529 0.001098 
0.000677 0.000139 0.000529 0.001280 
0.000697 0.000091 0.000527 0.001055 
0.000655 0.000118 0.000521 0.001194 
0.000688 0.000147 0.000503 0.001184 
0.000645 0.000108 0.000514 0.001131 
0.000682 0.000126 0.000510 0.001140 
0.000663 0.000100 0.000503 0.001031 
0.000663 0.000098 0.000522 0.001073 
0.000649 0.000124 0.000519 0.001271 
0.000639 0.000127 0.000535 0.001261 
0.000650 0.000137 0.000466 0.001277 
0.000640 0.000094 0.000501 0.001187 
0.000678 0.000151 0.000508 0.001424 
0.000653 0.000131 0.000500 0.001299 
0.000655 0.000155 0.000496 0.001282 
0.000655 0.000108 0.000515 0.001166 
0.000650 0.000119 0.000502 0.001240 
0.000632 0.000098 0.000516 0.001155 
0.000657 0.000117 0.000529 0.001286 
0.000648 0.000123 0.000519 0.001245 
0.000685 0.000171 0.000523 0.001368 
0.000682 0.000122 0.000541 0.001253 
0.000648 0.000087 0.000534 0.000910 
0.000606 0.000090 0.000472 0.000868 
0.000605 0.000100 0.000455 0.000922 
0.000619 0.000108 0.000463 0.000959 
0.000632 0.000086 0.000490 0.000920 
0.000627 0.000104 0.000450 0.000968 
0.000635 0.000086 0.000478 0.000868 
0.000622 0.000093 0.000486 0.000911 
0.000619 0.000091 0.000492 0.000960 
0.000655 0.000106 0.000493 0.000975 
0.000627 0.000089 0.000504 0.000945 
0.000617 0.000083 0.000485 0.000942 
0.000640 0.000091 0.000492 0.000963 
0.000687 0.000083 0.000531 0.000884 
0.000694 0.000109 0.000546 0.001109 
0.000684 0.000092 0.000487 0.000897 
0.000677 0.000126 0.000531 0.001185 
0.000686 0.000092 0.000546 0.000916 
0.000670 0.000094 0.000516 0.000975 
0.000653 0.000094 0.000506 0.000882 
0.000709 0.000115 0.000552 0.001050 
0.000662 0.000096 0.000501 0.000939 
0.000687 0.000082 0.000552 0.000949 
0.000683 0.000101 0.000530 0.000941 
0.000704 0.000096 0.000564 0.001013 
0.000688 0.000119 0.000514 0.001068 
0.000643 0.000105 0.000513 0.001061 
0.000677 0.000117 0.000496 0.001090 
0.000710 0.000131 0.000465 0.001081 
0.000705 0.000115 0.000536 0.001091 
0.000690 0.000122 0.000533 0.001071 
0.000695 0.000117 0.000507 0.001148 
0.000712 0.000112 0.000535 0.001088 
0.000705 0.000141 0.000523 0.001284 
0.000724 0.000127 0.000509 0.001082 
0.000686 0.000104 0.000519 0.001026 
0.000725 0.000125 0.000542 0.001029 
0.000691 0.000149 0.000530 0.001380 
0.000666 0.000080 0.000541 0.000936 
0.000685 0.000076 0.000571 0.000913 
0.000695 0.000094 0.000522 0.000926 
0.000701 0.000101 0.000523 0.000987 
0.000678 0.000092 0.000515 0.000942 
0.000684 0.000092 0.000531 0.000927 
0.000670 0.000079 0.000526 0.000869 
0.000678 0.000087 0.000543 0.000895 
0.000676 0.000089 0.000533 0.000903 
0.000667 0.000092 0.000522 0.000931 
0.000669 0.000088 0.000530 0.000913 
0.000666 0.000089 0.000531 0.000930 
0.000654 0.000080 0.000530 0.000909 
0.000648 0.000047 0.000549 0.000775 
0.000637 0.000056 0.000526 0.000801 
0.000631 0.000067 0.000521 0.000861 
0.000644 0.000064 0.000523 0.000857 
0.000637 0.000069 0.000513 0.000838 
0.000621 0.000064 0.000506 0.000888 
0.000619 0.000067 0.000519 0.000803 
0.000632 0.000075 0.000483 0.000798 
0.000626 0.000068 0.000530 0.000857 
0.000635 0.000065 0.000521 0.000875 
0.000634 0.000086 0.000513 0.000982 
0.000632 0.000058 0.000521 0.000799 
0.000623 0.000074 0.000480 0.000848 
0.000641 0.000077 0.000518 0.000827 
0.000680 0.000105 0.000536 0.001070 
0.000658 0.000102 0.000516 0.001039 
0.000668 0.000100 0.000501 0.000990 
0.000677 0.000104 0.000495 0.001009 
0.000698 0.000137 0.000530 0.001209 
0.000674 0.000107 0.000534 0.001004 
0.000672 0.000110 0.000525 0.001012 
0.000691 0.000108 0.000540 0.001091 
0.000675 0.000099 0.000535 0.001027 
0.000648 0.000100 0.000508 0.001038 
0.000677 0.000090 0.000523 0.000938 
0.000670 0.000096 0.000516 0.001071 
0.000658 0.000097 0.000511 0.001017 
