0.000672 0.000042 0.000587 0.000773 
0.000675 0.000039 0.000582 0.000764 
0.000659 0.000037 0.000576 0.000765 
0.000666 0.000043 0.000585 0.000777 
0.000670 0.000047 0.000582 0.000815 
0.000660 0.000041 0.000576 0.000784 
0.000672 0.000047 0.000590 0.000804 
0.000679 0.000045 0.000607 0.000796 
0.000670 0.000042 0.000588 0.000796 
0.000667 0.000043 0.000589 0.000775 
0.000664 0.000040 0.000581 0.000764 
0.000654 0.000042 0.000568 0.000769 
0.000664 0.000043 0.000587 0.000774 
0.000597 0.000035 0.000539 0.000760 
0.000593 0.000036 0.000516 0.000750 
0.000600 0.000035 0.000531 0.000775 
0.000593 0.000033 0.000534 0.000707 
0.000592 0.000030 0.000515 0.000679 
0.000584 0.000034 0.000517 0.000746 
0.000597 0.000049 0.000520 0.000889 
0.000579 0.000042 0.000513 0.000792 
0.000596 0.000034 0.000542 0.000773 
0.000590 0.000031 0.000536 0.000742 
0.000598 0.000038 0.000523 0.000751 
0.000603 0.000031 0.000540 0.000725 
0.000596 0.000026 0.000537 0.000698 
0.000670 0.000052 0.000562 0.000775 
0.000637 0.000052 0.000550 0.000753 
0.000660 0.000047 0.000570 0.000784 
0.000648 0.000050 0.000558 0.000797 
0.000645 0.000049 0.000538 0.000816 
0.000651 0.000042 0.000557 0.000767 
0.000643 0.000049 0.000552 0.000808 
0.000642 0.000047 0.000561 0.000784 
0.000640 0.000050 0.000546 0.000831 
0.000648 0.000049 0.000539 0.000770 
0.000654 0.000047 0.000557 0.000774 
0.000644 0.000034 0.000586 0.000750 
0.000650 0.000035 0.000577 0.000740 
0.000645 0.000033 0.000584 0.000751 
0.000652 0.000033 0.000590 0.000752 
0.000645 0.000027 0.000576 0.000721 
0.000643 0.000030 0.000582 0.000705 
0.000638 0.000031 0.000565 0.000718 
0.000663 0.000030 0.000604 0.000744 
0.000636 0.000026 0.000576 0.000714 
0.000661 0.000026 0.000588 0.000733 
0.000642 0.000024 0.000567 0.000738 
0.000650 0.000033 0.000574 0.000732 
0.000637 0.000038 0.000583 0.000752 
0.000647 0.000042 0.000572 0.000817 
0.000633 0.000035 0.000571 0.000766 
0.000648 0.000041 0.000574 0.000789 
0.000666 0.000043 0.000603 0.000826 
0.000651 0.000042 0.000594 0.000751 
0.000647 0.000040 0.000578 0.000778 
0.000653 0.000042 0.000593 0.000800 
0.000641 0.000047 0.000578 0.000789 
0.000645 0.000027 0.000595 0.000745 
0.000640 0.000041 0.000580 0.000769 
0.000581 0.000020 0.000528 0.000674 
0.000576 0.000028 0.000519 0.000652 
0.000580 0.000024 0.000527 0.000678 
0.000574 0.000021 0.000517 0.000710 
0.000566 0.000023 0.000511 0.000653 
0.000574 0.000021 0.000522 0.000669 
0.000581 0.000026 0.000527 0.000691 
0.000563 0.000024 0.000505 0.000664 
0.000574 0.000024 0.000529 0.000652 
0.000559 0.000022 0.000507 0.000685 
0.000651 0.000046 0.000548 0.000786 
0.000672 0.000058 0.000539 0.000852 
0.000658 0.000050 0.000535 0.000831 
0.000660 0.000052 0.000552 0.000812 
0.000634 0.000043 0.000559 0.000735 
0.000657 0.000056 0.000565 0.000928 
0.000667 0.000044 0.000570 0.000793 
0.000674 0.000041 0.000560 0.000807 
0.000650 0.000047 0.000555 0.000803 
0.000676 0.000061 0.000570 0.000919 
0.000662 0.000053 0.000559 0.000826 
0.000677 0.000047 0.000569 0.000823 
0.000648 0.000046 0.000558 0.000810 
0.000652 0.000044 0.000553 0.000752 
0.000672 0.000046 0.000560 0.000837 
0.000658 0.000056 0.000564 0.000862 
0.000645 0.000034 0.000565 0.000746 
0.000644 0.000032 0.000583 0.000788 
0.000654 0.000029 0.000571 0.000755 
0.000638 0.000034 0.000548 0.000776 
0.000645 0.000036 0.000565 0.000763 
0.000648 0.000035 0.000569 0.000773 
0.000641 0.000030 0.000569 0.000773 
0.000642 0.000027 0.000577 0.000770 
0.000655 0.000032 0.000577 0.000762 
0.000659 0.000030 0.000589 0.000766 
0.000636 0.000031 0.000570 0.000796 
0.000650 0.000031 0.000571 0.000755 
0.000636 0.000028 0.000570 0.000744 
0.000643 0.000039 0.000561 0.000785 
0.000623 0.000033 0.000555 0.000733 
0.000631 0.000033 0.000565 0.000769 
0.000624 0.000035 0.000553 0.000756 
0.000621 0.000044 0.000515 0.000752 
0.000635 0.000033 0.000568 0.000752 
0.000623 0.000028 0.000561 0.000765 
0.000634 0.000031 0.000558 0.000738 
0.000623 0.000033 0.000547 0.000774 
0.000608 0.000027 0.000542 0.000707 
0.000611 0.000032 0.000543 0.000721 
0.000623 0.000032 0.000552 0.000746 
0.000625 0.000030 0.000560 0.000768 
0.000627 0.000033 0.000549 0.000730 
0.000610 0.000033 0.000532 0.000773 
0.000669 0.000050 0.000571 0.000798 
0.000640 0.000043 0.000522 0.000786 
0.000654 0.000046 0.000550 0.000816 
0.000646 0.000040 0.000509 0.000773 
0.000653 0.000043 0.000569 0.000807 
0.000651 0.000038 0.000538 0.000796 
0.000659 0.000043 0.000586 0.000786 
0.000659 0.000047 0.000574 0.000803 
0.000640 0.000043 0.000571 0.000769 
0.000654 0.000051 0.000560 0.000808 
0.000654 0.000042 0.000563 0.000809 
0.000652 0.000047 0.000554 0.000811 
0.000640 0.000048 0.000528 0.000772 
0.000739 0.000055 0.000637 0.000932 
0.000725 0.000063 0.000632 0.001007 
0.000718 0.000054 0.000629 0.000890 
0.000744 0.000059 0.000619 0.000993 
0.000742 0.000053 0.000649 0.000958 
0.000735 0.000060 0.000625 0.000932 
0.000722 0.000054 0.000624 0.000929 
0.000761 0.000069 0.000628 0.000963 
0.000725 0.000059 0.000619 0.001022 
0.000742 0.000045 0.000627 0.000911 
0.000727 0.000064 0.000629 0.001051 
0.000744 0.000049 0.000631 0.000901 
0.000650 0.000056 0.000561 0.000833 
0.000643 0.000055 0.000556 0.000814 
0.000648 0.000058 0.000553 0.000826 
0.000654 0.000056 0.000567 0.000829 
0.000641 0.000052 0.000560 0.000817 
0.000648 0.000062 0.000552 0.000860 
0.000649 0.000062 0.000548 0.000861 
0.000653 0.000066 0.000568 0.000898 
0.000646 0.000058 0.000564 0.000851 
0.000648 0.000054 0.000567 0.000813 
0.000644 0.000058 0.000550 0.000837 
0.000656 0.000056 0.000552 0.000829 
0.000663 0.000070 0.000518 0.000911 
0.000659 0.000029 0.000593 0.000753 
0.000672 0.000028 0.000606 0.000735 
0.000662 0.000027 0.000585 0.000739 
0.000673 0.000035 0.000594 0.000763 
0.000659 0.000026 0.000596 0.000730 
0.000658 0.000026 0.000590 0.000725 
0.000659 0.000023 0.000611 0.000748 
0.000661 0.000026 0.000602 0.000732 
0.000646 0.000027 0.000601 0.000717 
0.000654 0.000023 0.000591 0.000750 
0.000647 0.000021 0.000594 0.000708 
0.000663 0.000023 0.000594 0.000765 
0.000641 0.000026 0.000578 0.000715 
0.000634 0.000035 0.000578 0.000753 
0.000648 0.000043 0.000578 0.000785 
0.000628 0.000043 0.000551 0.000745 
0.000662 0.000052 0.000577 0.000805 
0.000636 0.000041 0.000552 0.000777 
0.000638 0.000042 0.000567 0.000758 
0.000635 0.000041 0.000559 0.000769 
0.000650 0.000046 0.000562 0.000818 
0.000639 0.000042 0.000571 0.000769 
0.000650 0.000041 0.000582 0.000787 
0.000638 0.000041 0.000548 0.000791 
0.000639 0.000049 0.000558 0.000792 
0.000640 0.000044 0.000569 0.000800 
0.000639 0.000047 0.000556 0.000783 
0.000716 0.000073 0.000572 0.000954 
0.000698 0.000068 0.000577 0.000865 
0.000700 0.000065 0.000584 0.000889 
0.000701 0.000063 0.000596 0.000946 
0.000707 0.000064 0.000599 0.000938 
0.000701 0.000068 0.000572 0.000899 
0.000708 0.000076 0.000581 0.000954 
0.000687 0.000073 0.000534 0.000956 
0.000696 0.000080 0.000572 0.000961 
0.000689 0.000070 0.000571 0.000941 
0.000688 0.000058 0.000588 0.000910 
0.000692 0.000063 0.000579 0.000893 
0.000692 0.000065 0.000549 0.000896 
