0.000712 0.000123 0.000493 0.001147 
0.000711 0.000124 0.000478 0.001193 
0.000718 0.000132 0.000485 0.001197 
0.000706 0.000115 0.000497 0.001127 
0.000704 0.000114 0.000497 0.001137 
0.000715 0.000118 0.000495 0.001203 
0.000706 0.000113 0.000505 0.001108 
0.000712 0.000122 0.000488 0.001171 
0.000701 0.000130 0.000467 0.001184 
0.000718 0.000118 0.000502 0.001139 
0.000706 0.000113 0.000504 0.001085 
0.000706 0.000111 0.000509 0.001090 
0.000707 0.000120 0.000480 0.001118 
0.000689 0.000138 0.000464 0.001231 
0.000692 0.000139 0.000473 0.001221 
0.000709 0.000160 0.000436 0.001354 
0.000763 0.000189 0.000459 0.001588 
0.000658 0.000109 0.000424 0.001089 
0.000677 0.000130 0.000454 0.001186 
0.000682 0.000132 0.000437 0.001226 
0.000677 0.000138 0.000457 0.001158 
0.000672 0.000138 0.000450 0.001200 
0.000736 0.000175 0.000448 0.001495 
0.000676 0.000140 0.000423 0.001238 
0.000664 0.000125 0.000408 0.001188 
0.000720 0.000164 0.000446 0.001377 
0.000782 0.000182 0.000436 0.001405 
0.000715 0.000149 0.000411 0.001331 
0.000740 0.000169 0.000411 0.001421 
0.000739 0.000158 0.000480 0.001482 
0.000750 0.000159 0.000458 0.001345 
0.000734 0.000143 0.000473 0.001230 
0.000745 0.000163 0.000426 0.001333 
0.000775 0.000172 0.000453 0.001351 
0.000779 0.000159 0.000476 0.001392 
0.000717 0.000135 0.000444 0.001167 
0.000788 0.000172 0.000426 0.001376 
0.000743 0.000152 0.000489 0.001297 
0.000726 0.000161 0.000435 0.001342 
0.000699 0.000133 0.000486 0.001211 
0.000724 0.000162 0.000468 0.001312 
0.000760 0.000160 0.000487 0.001315 
0.000664 0.000117 0.000461 0.001044 
0.000732 0.000153 0.000477 0.001226 
0.000693 0.000130 0.000461 0.001164 
0.000730 0.000152 0.000475 0.001270 
0.000701 0.000124 0.000489 0.001147 
0.000719 0.000142 0.000468 0.001259 
0.000721 0.000143 0.000474 0.001246 
0.000889 0.000213 0.000529 0.001833 
0.000832 0.000197 0.000503 0.001665 
0.000867 0.000215 0.000503 0.001659 
0.000925 0.000229 0.000542 0.001748 
0.000861 0.000231 0.000483 0.001730 
0.000838 0.000212 0.000464 0.001542 
0.000813 0.000194 0.000504 0.001587 
0.000834 0.000194 0.000482 0.001638 
0.000889 0.000212 0.000519 0.001627 
0.000876 0.000207 0.000506 0.001639 
0.000867 0.000218 0.000490 0.001741 
0.000707 0.000136 0.000467 0.001236 
0.000765 0.000170 0.000478 0.001378 
0.000717 0.000134 0.000448 0.001250 
0.000724 0.000149 0.000484 0.001336 
0.000709 0.000146 0.000438 0.001277 
0.000715 0.000148 0.000459 0.001358 
0.000733 0.000159 0.000436 0.001350 
0.000761 0.000164 0.000487 0.001339 
0.000727 0.000162 0.000428 0.001368 
0.000763 0.000167 0.000496 0.001380 
0.000820 0.000158 0.000499 0.001339 
0.000801 0.000159 0.000486 0.001400 
0.000755 0.000126 0.000520 0.001126 
0.000748 0.000129 0.000436 0.001149 
0.000714 0.000113 0.000479 0.001068 
0.000755 0.000127 0.000504 0.001246 
0.000785 0.000128 0.000514 0.001190 
0.000823 0.000153 0.000533 0.001309 
0.000776 0.000141 0.000483 0.001250 
0.000765 0.000126 0.000509 0.001162 
0.000823 0.000156 0.000507 0.001381 
0.000831 0.000150 0.000518 0.001301 
0.000759 0.000123 0.000505 0.001158 
0.000749 0.000134 0.000460 0.001235 
0.000754 0.000126 0.000444 0.001158 
0.000717 0.000115 0.000473 0.001138 
0.000672 0.000150 0.000431 0.001352 
0.000687 0.000144 0.000449 0.001323 
0.000727 0.000157 0.000485 0.001390 
0.000723 0.000150 0.000474 0.001300 
0.000733 0.000152 0.000474 0.001372 
0.000715 0.000157 0.000459 0.001401 
0.000709 0.000150 0.000469 0.001327 
0.000736 0.000163 0.000475 0.001386 
0.000713 0.000149 0.000464 0.001374 
0.000771 0.000181 0.000497 0.001559 
0.000716 0.000147 0.000491 0.001353 
0.000743 0.000162 0.000448 0.001484 
0.000734 0.000147 0.000481 0.001247 
0.000713 0.000147 0.000447 0.001248 
0.000802 0.000203 0.000464 0.001555 
0.000733 0.000177 0.000436 0.001460 
0.000737 0.000166 0.000440 0.001323 
0.000731 0.000171 0.000443 0.001355 
0.000777 0.000188 0.000484 0.001508 
0.000832 0.000218 0.000493 0.001677 
0.000732 0.000176 0.000482 0.001428 
0.000735 0.000182 0.000462 0.001450 
0.000768 0.000196 0.000473 0.001588 
0.000737 0.000195 0.000448 0.001491 
0.000709 0.000158 0.000442 0.001294 
0.000699 0.000155 0.000454 0.001274 
0.000747 0.000186 0.000430 0.001440 
0.000796 0.000190 0.000476 0.001494 
0.000662 0.000109 0.000407 0.001156 
0.000713 0.000161 0.000475 0.001381 
0.000770 0.000180 0.000491 0.001508 
0.000749 0.000184 0.000426 0.001507 
0.000719 0.000156 0.000460 0.001377 
0.000731 0.000176 0.000428 0.001542 
0.000766 0.000159 0.000518 0.001370 
0.000765 0.000185 0.000458 0.001503 
0.000706 0.000130 0.000430 0.001115 
0.000751 0.000175 0.000469 0.001434 
0.000713 0.000147 0.000509 0.001376 
0.000738 0.000155 0.000480 0.001427 
0.000718 0.000160 0.000395 0.001442 
0.000791 0.000187 0.000513 0.001494 
0.000772 0.000170 0.000492 0.001332 
0.000763 0.000171 0.000466 0.001508 
0.000729 0.000161 0.000401 0.001444 
0.000774 0.000162 0.000502 0.001433 
0.000819 0.000221 0.000488 0.001713 
0.000858 0.000196 0.000512 0.001857 
0.000762 0.000173 0.000457 0.001513 
0.000846 0.000237 0.000478 0.001799 
0.000793 0.000171 0.000488 0.001316 
0.000768 0.000173 0.000457 0.001399 
0.000745 0.000139 0.000481 0.001462 
0.000831 0.000189 0.000483 0.001438 
0.000795 0.000202 0.000450 0.001563 
0.000836 0.000210 0.000456 0.001544 
0.000847 0.000207 0.000466 0.001572 
0.000772 0.000173 0.000478 0.001449 
0.000728 0.000149 0.000421 0.001259 
0.000801 0.000191 0.000458 0.001484 
0.000829 0.000204 0.000474 0.001474 
0.000721 0.000149 0.000445 0.001250 
0.000803 0.000202 0.000434 0.001561 
0.000787 0.000184 0.000478 0.001515 
0.000836 0.000195 0.000495 0.001478 
0.000745 0.000161 0.000435 0.001289 
0.000741 0.000130 0.000497 0.001222 
0.000771 0.000151 0.000497 0.001294 
0.000785 0.000172 0.000510 0.001522 
0.000747 0.000121 0.000507 0.001177 
0.000745 0.000130 0.000509 0.001230 
0.000756 0.000156 0.000464 0.001395 
0.000762 0.000153 0.000508 0.001408 
0.000773 0.000163 0.000505 0.001481 
0.000750 0.000154 0.000505 0.001432 
0.000757 0.000155 0.000497 0.001427 
0.000764 0.000151 0.000474 0.001410 
0.000772 0.000167 0.000465 0.001471 
0.000760 0.000152 0.000509 0.001298 
0.000715 0.000132 0.000433 0.001210 
0.000709 0.000147 0.000423 0.001260 
0.000689 0.000117 0.000459 0.001113 
0.000694 0.000120 0.000441 0.001149 
0.000737 0.000151 0.000430 0.001293 
0.000731 0.000139 0.000462 0.001256 
0.000728 0.000148 0.000425 0.001314 
0.000682 0.000123 0.000428 0.001117 
0.000700 0.000130 0.000420 0.001217 
0.000686 0.000114 0.000457 0.001163 
0.000748 0.000169 0.000472 0.001385 
0.000745 0.000143 0.000453 0.001249 
0.000720 0.000133 0.000458 0.001210 
0.000743 0.000155 0.000465 0.001350 
0.000890 0.000217 0.000542 0.001635 
0.000906 0.000251 0.000479 0.001836 
0.001065 0.000267 0.000582 0.001985 
0.000896 0.000223 0.000541 0.001761 
0.000895 0.000237 0.000530 0.001734 
0.001067 0.000296 0.000523 0.002054 
0.001093 0.000289 0.000554 0.002012 
0.000963 0.000265 0.000526 0.001847 
0.001070 0.000305 0.000530 0.002122 
0.000960 0.000238 0.000542 0.001828 
0.001026 0.000274 0.000530 0.001880 
0.000863 0.000229 0.000459 0.001763 
0.001021 0.000289 0.000518 0.002051 
