0.001221 0.000110 0.000988 0.001583 
0.001204 0.000122 0.000949 0.001560 
0.001169 0.000156 0.000901 0.001560 
0.001219 0.000145 0.000914 0.001565 
0.001198 0.000140 0.000938 0.001641 
0.001188 0.000157 0.000899 0.001584 
0.001199 0.000151 0.000912 0.001590 
0.001234 0.000141 0.000994 0.001614 
0.001199 0.000151 0.000933 0.001618 
0.001230 0.000135 0.000963 0.001623 
0.001173 0.000142 0.000868 0.001537 
0.001201 0.000156 0.000918 0.001661 
0.001195 0.000158 0.000899 0.001623 
0.001303 0.000253 0.000927 0.001807 
0.001395 0.000248 0.001021 0.002155 
0.001340 0.000228 0.000953 0.001821 
0.001286 0.000249 0.000944 0.002047 
0.001436 0.000236 0.001038 0.002017 
0.001385 0.000234 0.001002 0.002084 
0.001454 0.000211 0.001073 0.001973 
0.001426 0.000225 0.001056 0.002179 
0.001349 0.000258 0.000914 0.001857 
0.001360 0.000265 0.000955 0.002060 
0.001338 0.000226 0.000925 0.001832 
0.001436 0.000247 0.001010 0.001920 
0.001309 0.000228 0.000945 0.001864 
0.001354 0.000166 0.001055 0.001852 
0.001281 0.000134 0.000964 0.001864 
0.001341 0.000168 0.000633 0.001817 
0.001282 0.000155 0.000609 0.001826 
0.001340 0.000171 0.000640 0.001877 
0.001322 0.000150 0.000623 0.001802 
0.001314 0.000148 0.000616 0.001831 
0.001384 0.000130 0.001133 0.001855 
0.001359 0.000164 0.000628 0.001855 
0.001279 0.000148 0.000975 0.001758 
0.001330 0.000139 0.000675 0.001850 
0.001466 0.000270 0.001144 0.002089 
0.001510 0.000282 0.001074 0.002125 
0.001539 0.000248 0.001190 0.002086 
0.001496 0.000276 0.001072 0.002070 
0.001513 0.000280 0.001128 0.002230 
0.001555 0.000239 0.001133 0.002082 
0.001453 0.000276 0.001088 0.002012 
0.001467 0.000247 0.001112 0.001994 
0.001421 0.000230 0.001094 0.001948 
0.001444 0.000295 0.001067 0.002098 
0.001468 0.000243 0.001138 0.001945 
0.001442 0.000303 0.001061 0.002149 
0.001472 0.000369 0.000942 0.002334 
0.001441 0.000380 0.000872 0.002136 
0.001429 0.000350 0.000895 0.002131 
0.001469 0.000352 0.000886 0.002217 
0.001440 0.000333 0.000919 0.002028 
0.001464 0.000359 0.000915 0.002365 
0.001487 0.000383 0.000880 0.002217 
0.001458 0.000345 0.000885 0.002095 
0.001492 0.000358 0.000933 0.002279 
0.001453 0.000376 0.000895 0.002245 
0.001469 0.000354 0.000920 0.002098 
0.001167 0.000097 0.000961 0.001569 
0.001091 0.000103 0.000857 0.001420 
0.001146 0.000104 0.000712 0.001476 
0.001144 0.000094 0.000910 0.001523 
0.001057 0.000146 0.000821 0.001449 
0.001140 0.000091 0.000944 0.001527 
0.001121 0.000136 0.000828 0.001673 
0.001116 0.000104 0.000885 0.001472 
0.001082 0.000150 0.000827 0.001672 
0.001108 0.000109 0.000908 0.001474 
0.001216 0.000164 0.000878 0.001757 
0.001126 0.000158 0.000775 0.001680 
0.001216 0.000141 0.000902 0.001717 
0.001231 0.000165 0.000879 0.001784 
0.001248 0.000189 0.000856 0.001676 
0.001198 0.000145 0.000838 0.001783 
0.001217 0.000172 0.000892 0.001808 
0.001185 0.000168 0.000836 0.001747 
0.001210 0.000169 0.000815 0.001835 
0.001245 0.000186 0.000900 0.001726 
0.001210 0.000165 0.000842 0.001629 
0.001259 0.000186 0.000875 0.001784 
0.001204 0.000171 0.000866 0.001728 
0.001146 0.000174 0.000840 0.001710 
0.001170 0.000157 0.000812 0.001670 
0.001200 0.000145 0.000885 0.001714 
0.001281 0.000101 0.000995 0.001512 
0.001143 0.000086 0.000897 0.001363 
0.001299 0.000093 0.001091 0.001557 
0.001212 0.000086 0.001006 0.001448 
0.001273 0.000087 0.001081 0.001510 
0.001222 0.000105 0.001002 0.001621 
0.001350 0.000086 0.001136 0.001599 
0.001299 0.000096 0.001079 0.001584 
0.001209 0.000085 0.000953 0.001479 
0.001312 0.000110 0.001102 0.001704 
0.001249 0.000097 0.001033 0.001538 
0.001292 0.000086 0.001085 0.001550 
0.001221 0.000114 0.000982 0.001628 
0.001209 0.000095 0.000963 0.001423 
0.001671 0.000381 0.001170 0.002561 
0.001708 0.000387 0.001165 0.002618 
0.001605 0.000413 0.001085 0.002484 
0.001754 0.000405 0.001192 0.002603 
0.001667 0.000394 0.001131 0.002712 
0.001683 0.000402 0.001126 0.002634 
0.001666 0.000368 0.001138 0.002701 
0.001638 0.000374 0.001140 0.002645 
0.001638 0.000410 0.001086 0.002567 
0.001726 0.000359 0.001211 0.002712 
0.001700 0.000399 0.001141 0.002524 
0.001688 0.000395 0.001145 0.002492 
0.001774 0.000385 0.001186 0.002603 
0.001654 0.000400 0.001148 0.002516 
0.001217 0.000204 0.000925 0.001988 
0.001320 0.000140 0.001070 0.001964 
0.001410 0.000173 0.001087 0.001884 
0.001400 0.000196 0.001081 0.002150 
0.001377 0.000121 0.001158 0.001994 
0.001306 0.000217 0.000986 0.002031 
0.001430 0.000206 0.001117 0.002162 
0.001356 0.000211 0.000967 0.001967 
0.001434 0.000086 0.001282 0.001849 
0.001446 0.000183 0.001161 0.001910 
0.001397 0.000191 0.001125 0.001881 
0.001358 0.000189 0.001026 0.001803 
0.001440 0.000178 0.001169 0.002048 
0.001313 0.000174 0.001032 0.001792 
0.001271 0.000123 0.000949 0.001610 
0.001285 0.000097 0.001053 0.001540 
0.001282 0.000220 0.000987 0.001856 
0.001310 0.000149 0.000998 0.001764 
0.001255 0.000109 0.000997 0.001639 
0.001248 0.000165 0.000930 0.001625 
0.001350 0.000112 0.001130 0.001743 
0.001291 0.000183 0.000935 0.001695 
0.001305 0.000152 0.000988 0.001685 
0.001312 0.000178 0.000985 0.001757 
0.001261 0.000130 0.001027 0.001591 
0.001568 0.000403 0.001057 0.002789 
0.001449 0.000402 0.000937 0.002625 
0.001549 0.000436 0.000976 0.002712 
0.001508 0.000379 0.000994 0.002686 
0.001556 0.000429 0.000995 0.002702 
0.001516 0.000412 0.000964 0.002627 
0.001553 0.000419 0.000974 0.002661 
0.001574 0.000434 0.000958 0.002724 
0.001556 0.000438 0.000894 0.002671 
0.001534 0.000408 0.001035 0.002735 
0.001441 0.000407 0.000944 0.002746 
0.001559 0.000448 0.000925 0.002563 
0.001599 0.000389 0.001028 0.002632 
0.001146 0.000107 0.000911 0.001454 
0.001214 0.000103 0.000961 0.001501 
0.001279 0.000110 0.000997 0.001685 
0.001352 0.000131 0.001030 0.001767 
0.001224 0.000113 0.000916 0.001488 
0.001152 0.000116 0.000880 0.001631 
0.001224 0.000089 0.000991 0.001563 
0.001113 0.000111 0.000882 0.001419 
0.001228 0.000133 0.000869 0.001691 
0.001122 0.000101 0.000864 0.001481 
0.001200 0.000125 0.000939 0.001590 
0.001193 0.000127 0.000949 0.001546 
0.001268 0.000148 0.000978 0.001660 
0.001201 0.000141 0.000939 0.001720 
0.001165 0.000140 0.000900 0.001730 
0.001207 0.000141 0.000906 0.001730 
0.001140 0.000100 0.000953 0.001598 
0.001147 0.000123 0.000866 0.001613 
0.001162 0.000104 0.000917 0.001538 
0.001161 0.000090 0.000953 0.001440 
0.001168 0.000112 0.000948 0.001587 
0.001201 0.000114 0.000931 0.001726 
0.001212 0.000174 0.000913 0.001738 
0.001150 0.000138 0.000909 0.001765 
0.001188 0.000099 0.000927 0.001537 
0.001101 0.000128 0.000796 0.001593 
0.001167 0.000092 0.000878 0.001598 
0.001502 0.000237 0.001167 0.002124 
0.001507 0.000212 0.001168 0.002155 
0.001441 0.000194 0.001106 0.002037 
0.001493 0.000223 0.001162 0.002198 
0.001503 0.000236 0.001171 0.002131 
0.001489 0.000237 0.001132 0.002028 
0.001515 0.000241 0.001198 0.002379 
0.001509 0.000223 0.001195 0.002087 
0.001539 0.000226 0.001147 0.002168 
0.001457 0.000236 0.001084 0.002116 
0.001444 0.000211 0.001107 0.002168 
0.001558 0.000240 0.001146 0.002215 
0.001533 0.000258 0.001080 0.002173 
