0.000521 0.000092 0.000431 0.000908 
0.000504 0.000090 0.000404 0.000901 
0.000487 0.000080 0.000415 0.000991 
0.000481 0.000087 0.000389 0.000888 
0.000512 0.000078 0.000416 0.000869 
0.000515 0.000108 0.000396 0.001023 
0.000522 0.000085 0.000437 0.000896 
0.000515 0.000083 0.000431 0.000831 
0.000512 0.000084 0.000431 0.000840 
0.000466 0.000086 0.000367 0.000910 
0.000496 0.000084 0.000399 0.000934 
0.000505 0.000099 0.000344 0.000907 
0.000518 0.000093 0.000420 0.000923 
0.000518 0.000149 0.000396 0.001197 
0.000498 0.000135 0.000363 0.001087 
0.000521 0.000127 0.000409 0.001180 
0.000505 0.000088 0.000424 0.001063 
0.000471 0.000081 0.000393 0.000929 
0.000500 0.000130 0.000392 0.001083 
0.000484 0.000087 0.000409 0.000968 
0.000509 0.000138 0.000378 0.001171 
0.000499 0.000102 0.000410 0.000985 
0.000478 0.000076 0.000401 0.001017 
0.000520 0.000115 0.000413 0.001083 
0.000524 0.000134 0.000400 0.001052 
0.000491 0.000113 0.000384 0.001019 
0.000500 0.000054 0.000420 0.000743 
0.000500 0.000060 0.000418 0.000787 
0.000501 0.000055 0.000427 0.000783 
0.000502 0.000039 0.000443 0.000684 
0.000516 0.000055 0.000441 0.000787 
0.000482 0.000078 0.000391 0.001059 
0.000499 0.000063 0.000424 0.000826 
0.000517 0.000070 0.000447 0.000995 
0.000506 0.000081 0.000402 0.000921 
0.000494 0.000062 0.000428 0.000803 
0.000498 0.000055 0.000428 0.000723 
0.000517 0.000084 0.000418 0.001038 
0.000554 0.000087 0.000457 0.001077 
0.000541 0.000094 0.000436 0.000981 
0.000549 0.000079 0.000443 0.001007 
0.000552 0.000092 0.000454 0.001003 
0.000522 0.000083 0.000430 0.000986 
0.000545 0.000082 0.000457 0.001026 
0.000538 0.000081 0.000449 0.000963 
0.000542 0.000087 0.000447 0.001113 
0.000522 0.000080 0.000424 0.000936 
0.000542 0.000096 0.000437 0.000972 
0.000530 0.000086 0.000420 0.000944 
0.000528 0.000099 0.000429 0.000937 
0.000543 0.000096 0.000451 0.001118 
0.000526 0.000091 0.000434 0.001051 
0.000520 0.000060 0.000437 0.000755 
0.000562 0.000069 0.000468 0.000902 
0.000559 0.000106 0.000480 0.001292 
0.000527 0.000091 0.000442 0.001016 
0.000536 0.000072 0.000448 0.000798 
0.000521 0.000050 0.000435 0.000805 
0.000553 0.000082 0.000463 0.000945 
0.000533 0.000063 0.000466 0.000941 
0.000571 0.000144 0.000452 0.001173 
0.000567 0.000139 0.000450 0.001137 
0.000585 0.000150 0.000459 0.001159 
0.000594 0.000155 0.000461 0.001128 
0.000553 0.000127 0.000391 0.001049 
0.000567 0.000156 0.000443 0.001255 
0.000602 0.000153 0.000440 0.001161 
0.000572 0.000194 0.000400 0.001309 
0.000569 0.000167 0.000432 0.001278 
0.000569 0.000168 0.000412 0.001304 
0.000533 0.000060 0.000449 0.000829 
0.000533 0.000062 0.000465 0.000752 
0.000552 0.000082 0.000450 0.000854 
0.000528 0.000066 0.000441 0.000851 
0.000501 0.000074 0.000417 0.000827 
0.000551 0.000071 0.000460 0.000790 
0.000558 0.000071 0.000455 0.000837 
0.000526 0.000064 0.000445 0.000773 
0.000540 0.000089 0.000440 0.000860 
0.000539 0.000074 0.000448 0.000806 
0.000555 0.000092 0.000443 0.000900 
0.000564 0.000096 0.000449 0.000880 
0.000542 0.000056 0.000455 0.000747 
0.000542 0.000075 0.000443 0.000875 
0.000531 0.000072 0.000435 0.000942 
0.000561 0.000049 0.000474 0.000792 
0.000485 0.000056 0.000422 0.000673 
0.000521 0.000088 0.000405 0.000840 
0.000597 0.000115 0.000429 0.000997 
0.000509 0.000094 0.000382 0.000897 
0.000566 0.000102 0.000380 0.000919 
0.000619 0.000130 0.000441 0.001087 
0.000569 0.000115 0.000413 0.000929 
0.000539 0.000114 0.000387 0.000938 
0.000530 0.000107 0.000391 0.000923 
0.000502 0.000106 0.000387 0.000910 
0.000527 0.000087 0.000371 0.000868 
0.000540 0.000097 0.000430 0.000930 
0.000528 0.000133 0.000359 0.001007 
0.000455 0.000077 0.000325 0.000857 
0.000568 0.000111 0.000413 0.001069 
0.000541 0.000103 0.000425 0.000972 
0.000584 0.000104 0.000475 0.001068 
0.000658 0.000155 0.000479 0.001202 
0.000633 0.000167 0.000412 0.001275 
0.000566 0.000163 0.000379 0.001352 
0.000535 0.000126 0.000398 0.001085 
0.000590 0.000159 0.000424 0.001169 
0.000558 0.000133 0.000404 0.001064 
0.000577 0.000132 0.000437 0.001061 
0.000552 0.000098 0.000422 0.000989 
0.000513 0.000077 0.000409 0.000848 
0.000535 0.000074 0.000446 0.000821 
0.000517 0.000072 0.000434 0.000834 
0.000512 0.000089 0.000417 0.000924 
0.000467 0.000059 0.000395 0.000791 
0.000459 0.000088 0.000349 0.000830 
0.000502 0.000133 0.000333 0.001157 
0.000571 0.000149 0.000421 0.001044 
0.000455 0.000078 0.000345 0.000952 
0.000510 0.000104 0.000382 0.000973 
0.000523 0.000099 0.000383 0.000802 
0.000455 0.000062 0.000388 0.000722 
0.000454 0.000095 0.000345 0.000905 
0.000463 0.000074 0.000389 0.000791 
0.000551 0.000178 0.000387 0.001184 
0.000466 0.000065 0.000376 0.000936 
0.000491 0.000094 0.000408 0.000945 
0.000486 0.000089 0.000409 0.000959 
0.000468 0.000099 0.000370 0.000899 
0.000445 0.000046 0.000392 0.000674 
0.000464 0.000093 0.000361 0.000867 
0.000465 0.000123 0.000333 0.000902 
0.000494 0.000173 0.000326 0.001184 
0.000480 0.000106 0.000393 0.001082 
0.000526 0.000170 0.000378 0.001203 
0.000501 0.000129 0.000392 0.001159 
0.000463 0.000089 0.000369 0.000829 
0.000513 0.000095 0.000410 0.000922 
0.000565 0.000096 0.000454 0.001000 
0.000536 0.000084 0.000432 0.000911 
0.000539 0.000117 0.000400 0.000946 
0.000564 0.000119 0.000436 0.001036 
0.000563 0.000136 0.000431 0.001062 
0.000549 0.000124 0.000399 0.001008 
0.000544 0.000116 0.000408 0.001070 
0.000533 0.000107 0.000419 0.001005 
0.000554 0.000145 0.000402 0.001147 
0.000532 0.000107 0.000423 0.000931 
0.000511 0.000081 0.000426 0.001020 
0.000545 0.000092 0.000459 0.000985 
0.000553 0.000117 0.000428 0.001041 
0.000530 0.000079 0.000434 0.000861 
0.000503 0.000069 0.000422 0.000837 
0.000510 0.000072 0.000409 0.000771 
0.000498 0.000059 0.000414 0.000816 
0.000495 0.000064 0.000416 0.000823 
0.000537 0.000091 0.000433 0.000923 
0.000504 0.000069 0.000432 0.000830 
0.000497 0.000063 0.000428 0.000753 
0.000472 0.000068 0.000393 0.000748 
0.000481 0.000055 0.000413 0.000761 
0.000489 0.000063 0.000407 0.000796 
0.000497 0.000051 0.000426 0.000724 
0.000471 0.000074 0.000375 0.000762 
0.000510 0.000091 0.000430 0.000870 
0.000543 0.000108 0.000427 0.000921 
0.000465 0.000044 0.000419 0.000642 
0.000499 0.000067 0.000418 0.000831 
0.000508 0.000071 0.000424 0.000726 
0.000472 0.000064 0.000390 0.000749 
0.000471 0.000057 0.000412 0.000762 
0.000493 0.000054 0.000406 0.000686 
0.000572 0.000123 0.000413 0.000860 
0.000520 0.000076 0.000434 0.000770 
0.000504 0.000082 0.000425 0.000986 
0.000513 0.000085 0.000415 0.000845 
0.000491 0.000077 0.000385 0.000949 
0.000518 0.000097 0.000408 0.000843 
0.000561 0.000101 0.000445 0.001005 
0.000548 0.000104 0.000429 0.000977 
0.000559 0.000108 0.000415 0.000994 
0.000576 0.000118 0.000446 0.001042 
0.000579 0.000109 0.000453 0.001030 
0.000573 0.000128 0.000412 0.001058 
0.000573 0.000124 0.000426 0.000983 
0.000538 0.000096 0.000427 0.000956 
0.000557 0.000149 0.000431 0.001371 
0.000558 0.000124 0.000417 0.000993 
0.000555 0.000118 0.000408 0.001073 
0.000549 0.000109 0.000421 0.001024 
0.000551 0.000117 0.000422 0.001017 
