0.001159 0.000158 0.000814 0.001983 
0.001119 0.000154 0.000778 0.002012 
0.001116 0.000144 0.000770 0.001727 
0.001175 0.000171 0.000803 0.002024 
0.001146 0.000162 0.000806 0.001897 
0.001155 0.000167 0.000781 0.001873 
0.001129 0.000154 0.000763 0.001812 
0.001150 0.000155 0.000791 0.001832 
0.001126 0.000154 0.000775 0.001816 
0.001136 0.000152 0.000768 0.001748 
0.001116 0.000152 0.000782 0.001899 
0.001098 0.000134 0.000789 0.001657 
0.001161 0.000162 0.000777 0.001919 
0.001203 0.000236 0.000732 0.002253 
0.001155 0.000228 0.000794 0.002258 
0.001160 0.000214 0.000736 0.002034 
0.001177 0.000228 0.000790 0.002125 
0.001152 0.000195 0.000810 0.002020 
0.001179 0.000249 0.000764 0.002333 
0.001237 0.000293 0.000769 0.002566 
0.001203 0.000234 0.000779 0.002218 
0.001167 0.000229 0.000768 0.002190 
0.001141 0.000207 0.000755 0.002078 
0.001188 0.000233 0.000764 0.002373 
0.001170 0.000222 0.000739 0.002234 
0.001180 0.000232 0.000805 0.002251 
0.001091 0.000171 0.000736 0.001741 
0.001074 0.000199 0.000668 0.001929 
0.001162 0.000234 0.000739 0.002107 
0.001149 0.000221 0.000745 0.002142 
0.001143 0.000216 0.000714 0.002027 
0.001111 0.000201 0.000711 0.001809 
0.001116 0.000207 0.000707 0.001929 
0.001082 0.000180 0.000716 0.001674 
0.001129 0.000220 0.000683 0.002016 
0.001132 0.000221 0.000662 0.002082 
0.001098 0.000181 0.000716 0.001762 
0.001051 0.000133 0.000741 0.001708 
0.001049 0.000143 0.000689 0.001810 
0.001041 0.000125 0.000752 0.001654 
0.001040 0.000123 0.000768 0.001815 
0.001054 0.000139 0.000782 0.001739 
0.001028 0.000115 0.000757 0.001498 
0.001027 0.000135 0.000708 0.001673 
0.001046 0.000122 0.000738 0.001587 
0.001032 0.000122 0.000732 0.001611 
0.001039 0.000110 0.000788 0.001520 
0.001046 0.000128 0.000784 0.001630 
0.001031 0.000114 0.000781 0.001578 
0.001267 0.000357 0.000710 0.002653 
0.001272 0.000361 0.000719 0.002749 
0.001312 0.000390 0.000803 0.002839 
0.001301 0.000369 0.000763 0.002508 
0.001308 0.000387 0.000760 0.002768 
0.001289 0.000362 0.000758 0.002757 
0.001275 0.000368 0.000757 0.002719 
0.001295 0.000378 0.000785 0.002942 
0.001302 0.000410 0.000736 0.002746 
0.001303 0.000367 0.000778 0.002705 
0.001308 0.000380 0.000765 0.002681 
0.001051 0.000162 0.000753 0.001894 
0.001051 0.000158 0.000708 0.001717 
0.001053 0.000174 0.000745 0.001843 
0.001054 0.000159 0.000777 0.001807 
0.001060 0.000182 0.000713 0.001908 
0.001062 0.000176 0.000741 0.002058 
0.001058 0.000176 0.000721 0.001849 
0.001039 0.000180 0.000705 0.001937 
0.001048 0.000165 0.000700 0.001798 
0.001038 0.000170 0.000753 0.001818 
0.001161 0.000240 0.000752 0.002356 
0.001178 0.000264 0.000691 0.002585 
0.001185 0.000252 0.000733 0.002582 
0.001172 0.000247 0.000724 0.002422 
0.001165 0.000249 0.000759 0.002314 
0.001203 0.000252 0.000695 0.002446 
0.001209 0.000252 0.000783 0.002417 
0.001185 0.000248 0.000764 0.002404 
0.001181 0.000244 0.000734 0.002617 
0.001223 0.000273 0.000763 0.002411 
0.001180 0.000238 0.000713 0.002205 
0.001189 0.000249 0.000771 0.002296 
0.001160 0.000235 0.000725 0.002245 
0.001165 0.000226 0.000762 0.002225 
0.001167 0.000242 0.000754 0.002292 
0.001168 0.000241 0.000774 0.002317 
0.001232 0.000275 0.000704 0.002697 
0.001198 0.000238 0.000785 0.002372 
0.001262 0.000299 0.000787 0.002693 
0.001227 0.000277 0.000767 0.002593 
0.001254 0.000273 0.000770 0.002568 
0.001269 0.000277 0.000789 0.002584 
0.001204 0.000245 0.000735 0.002385 
0.001251 0.000261 0.000783 0.002591 
0.001246 0.000270 0.000764 0.002544 
0.001242 0.000266 0.000750 0.002553 
0.001211 0.000279 0.000767 0.002584 
0.001242 0.000264 0.000781 0.002573 
0.001262 0.000257 0.000798 0.002568 
0.001221 0.000264 0.000799 0.002720 
0.001183 0.000273 0.000762 0.002291 
0.001200 0.000295 0.000768 0.002402 
0.001219 0.000304 0.000717 0.002363 
0.001168 0.000260 0.000744 0.002166 
0.001168 0.000238 0.000754 0.002049 
0.001194 0.000276 0.000759 0.002322 
0.001168 0.000251 0.000733 0.002160 
0.001201 0.000280 0.000780 0.002426 
0.001189 0.000282 0.000766 0.002347 
0.001178 0.000275 0.000762 0.002347 
0.001191 0.000286 0.000758 0.002311 
0.001183 0.000273 0.000760 0.002315 
0.001196 0.000285 0.000748 0.002471 
0.001179 0.000285 0.000766 0.002355 
0.001148 0.000171 0.000830 0.001828 
0.001142 0.000170 0.000814 0.001884 
0.001164 0.000192 0.000789 0.001965 
0.001183 0.000188 0.000804 0.001914 
0.001153 0.000170 0.000790 0.001877 
0.001165 0.000182 0.000754 0.001885 
0.001182 0.000190 0.000793 0.002005 
0.001168 0.000194 0.000800 0.002006 
0.001122 0.000168 0.000814 0.001839 
0.001136 0.000156 0.000841 0.001844 
0.001169 0.000190 0.000826 0.001928 
0.001172 0.000180 0.000814 0.001932 
0.001159 0.000174 0.000822 0.001941 
0.001255 0.000276 0.000794 0.002375 
0.001321 0.000313 0.000827 0.002821 
0.001317 0.000282 0.000828 0.002566 
0.001228 0.000232 0.000831 0.002179 
0.001235 0.000256 0.000793 0.002312 
0.001323 0.000315 0.000855 0.002739 
0.001307 0.000308 0.000817 0.002594 
0.001250 0.000298 0.000821 0.002442 
0.001348 0.000288 0.000860 0.002576 
0.001303 0.000294 0.000828 0.002604 
0.001302 0.000286 0.000822 0.002605 
0.001270 0.000268 0.000842 0.002365 
0.001318 0.000435 0.000719 0.002953 
0.001242 0.000373 0.000667 0.002762 
0.001272 0.000393 0.000707 0.002940 
0.001279 0.000388 0.000703 0.002996 
0.001264 0.000370 0.000710 0.002834 
0.001313 0.000426 0.000656 0.003260 
0.001295 0.000406 0.000677 0.002935 
0.001268 0.000376 0.000724 0.002944 
0.001257 0.000378 0.000724 0.002838 
0.001274 0.000371 0.000709 0.002885 
0.001267 0.000375 0.000660 0.002876 
0.001247 0.000381 0.000697 0.002875 
0.001230 0.000333 0.000727 0.002710 
0.001081 0.000157 0.000724 0.001658 
0.001145 0.000164 0.000746 0.001969 
0.001108 0.000167 0.000770 0.001853 
0.001108 0.000155 0.000792 0.001709 
0.001136 0.000168 0.000792 0.001844 
0.001078 0.000144 0.000781 0.001631 
0.001106 0.000171 0.000791 0.001930 
0.001079 0.000159 0.000760 0.001878 
0.001118 0.000157 0.000810 0.001796 
0.001064 0.000147 0.000768 0.001581 
0.001089 0.000154 0.000797 0.001602 
0.001135 0.000166 0.000818 0.001944 
0.001107 0.000164 0.000780 0.001791 
0.001242 0.000247 0.000798 0.002304 
0.001186 0.000232 0.000795 0.002194 
0.001201 0.000234 0.000778 0.002290 
0.001240 0.000254 0.000800 0.002296 
0.001229 0.000253 0.000794 0.002282 
0.001229 0.000251 0.000797 0.002387 
0.001232 0.000248 0.000801 0.002517 
0.001266 0.000271 0.000815 0.002447 
0.001185 0.000243 0.000758 0.002199 
0.001228 0.000240 0.000805 0.002231 
0.001192 0.000225 0.000819 0.002345 
0.001256 0.000282 0.000789 0.002573 
0.001247 0.000238 0.000835 0.002439 
0.001202 0.000261 0.000786 0.002337 
0.001219 0.000257 0.000805 0.002270 
0.001194 0.000233 0.000778 0.002199 
0.001223 0.000243 0.000818 0.002286 
0.001209 0.000254 0.000807 0.002422 
0.001219 0.000235 0.000784 0.002492 
0.001230 0.000281 0.000779 0.002647 
0.001253 0.000266 0.000796 0.002481 
0.001191 0.000254 0.000761 0.002177 
0.001233 0.000268 0.000790 0.002445 
0.001224 0.000260 0.000796 0.002368 
0.001236 0.000268 0.000771 0.002431 
0.001204 0.000244 0.000819 0.002364 
0.001210 0.000236 0.000786 0.002237 
