0.000951 0.000112 0.000602 0.001197 
0.000939 0.000101 0.000665 0.001186 
0.000931 0.000096 0.000642 0.001169 
0.000953 0.000109 0.000642 0.001219 
0.000926 0.000138 0.000610 0.001307 
0.000942 0.000118 0.000597 0.001233 
0.000945 0.000105 0.000681 0.001194 
0.000948 0.000103 0.000648 0.001160 
0.000924 0.000111 0.000620 0.001156 
0.000948 0.000108 0.000656 0.001232 
0.000940 0.000086 0.000684 0.001169 
0.000932 0.000092 0.000671 0.001286 
0.000962 0.000121 0.000655 0.001257 
0.000963 0.000125 0.000646 0.001271 
0.000948 0.000115 0.000663 0.001228 
0.000961 0.000115 0.000621 0.001225 
0.000965 0.000125 0.000644 0.001258 
0.000987 0.000117 0.000682 0.001267 
0.000939 0.000109 0.000680 0.001229 
0.000950 0.000119 0.000614 0.001314 
0.000963 0.000121 0.000626 0.001250 
0.000956 0.000116 0.000675 0.001234 
0.000954 0.000109 0.000656 0.001239 
0.000953 0.000121 0.000643 0.001217 
0.000959 0.000110 0.000692 0.001235 
0.000960 0.000109 0.000670 0.001224 
0.000913 0.000107 0.000595 0.001113 
0.000925 0.000118 0.000635 0.001142 
0.000893 0.000130 0.000577 0.001192 
0.000935 0.000119 0.000602 0.001191 
0.000948 0.000127 0.000632 0.001225 
0.000942 0.000123 0.000615 0.001210 
0.000926 0.000128 0.000632 0.001203 
0.000914 0.000113 0.000598 0.001173 
0.000942 0.000119 0.000609 0.001238 
0.000910 0.000128 0.000573 0.001210 
0.000900 0.000138 0.000595 0.001230 
0.000979 0.000115 0.000643 0.001231 
0.000991 0.000131 0.000676 0.001258 
0.000975 0.000109 0.000693 0.001224 
0.000993 0.000119 0.000716 0.001258 
0.000986 0.000128 0.000721 0.001329 
0.000965 0.000109 0.000685 0.001239 
0.000973 0.000121 0.000687 0.001260 
0.000991 0.000126 0.000687 0.001260 
0.000987 0.000112 0.000672 0.001271 
0.000982 0.000115 0.000698 0.001246 
0.000975 0.000110 0.000737 0.001289 
0.000999 0.000110 0.000763 0.001249 
0.000974 0.000120 0.000723 0.001299 
0.000961 0.000122 0.000675 0.001298 
0.000974 0.000116 0.000671 0.001281 
0.000975 0.000120 0.000706 0.001313 
0.000994 0.000130 0.000647 0.001289 
0.001002 0.000125 0.000717 0.001347 
0.000983 0.000116 0.000713 0.001305 
0.000962 0.000113 0.000711 0.001284 
0.000979 0.000113 0.000702 0.001296 
0.000968 0.000110 0.000725 0.001253 
0.000988 0.000115 0.000695 0.001277 
0.000902 0.000103 0.000601 0.001109 
0.000894 0.000093 0.000612 0.001155 
0.000898 0.000105 0.000655 0.001165 
0.000894 0.000105 0.000665 0.001134 
0.000877 0.000101 0.000585 0.001142 
0.000895 0.000104 0.000641 0.001123 
0.000875 0.000097 0.000591 0.001130 
0.000879 0.000104 0.000640 0.001107 
0.000882 0.000124 0.000600 0.001165 
0.000876 0.000090 0.000611 0.001111 
0.000969 0.000109 0.000650 0.001286 
0.000981 0.000120 0.000619 0.001327 
0.000979 0.000107 0.000646 0.001228 
0.000978 0.000126 0.000647 0.001318 
0.000971 0.000118 0.000656 0.001227 
0.000988 0.000128 0.000669 0.001337 
0.000979 0.000125 0.000670 0.001281 
0.000975 0.000109 0.000667 0.001248 
0.000972 0.000114 0.000687 0.001337 
0.000990 0.000126 0.000673 0.001269 
0.000958 0.000116 0.000635 0.001297 
0.000983 0.000106 0.000676 0.001275 
0.000982 0.000102 0.000676 0.001285 
0.000961 0.000117 0.000655 0.001199 
0.000972 0.000132 0.000615 0.001266 
0.000981 0.000109 0.000651 0.001288 
0.000958 0.000120 0.000659 0.001187 
0.000972 0.000100 0.000688 0.001250 
0.000958 0.000105 0.000694 0.001247 
0.000942 0.000109 0.000661 0.001305 
0.000971 0.000107 0.000682 0.001313 
0.000979 0.000124 0.000634 0.001289 
0.000962 0.000114 0.000646 0.001274 
0.000959 0.000116 0.000641 0.001307 
0.000942 0.000120 0.000613 0.001192 
0.000921 0.000120 0.000642 0.001206 
0.000929 0.000105 0.000654 0.001226 
0.000971 0.000122 0.000679 0.001254 
0.000962 0.000116 0.000675 0.001334 
0.000965 0.000105 0.000662 0.001278 
0.000958 0.000129 0.000703 0.001290 
0.000973 0.000134 0.000719 0.001328 
0.000961 0.000135 0.000660 0.001346 
0.000953 0.000113 0.000607 0.001329 
0.000946 0.000119 0.000682 0.001226 
0.000940 0.000117 0.000707 0.001246 
0.000952 0.000114 0.000693 0.001210 
0.000944 0.000119 0.000669 0.001319 
0.000935 0.000123 0.000656 0.001258 
0.000951 0.000123 0.000705 0.001296 
0.000957 0.000122 0.000683 0.001242 
0.000967 0.000129 0.000657 0.001270 
0.000977 0.000136 0.000710 0.001384 
0.000945 0.000113 0.000713 0.001265 
0.000980 0.000130 0.000687 0.001338 
0.000968 0.000134 0.000639 0.001308 
0.000953 0.000123 0.000621 0.001256 
0.000954 0.000127 0.000649 0.001264 
0.000952 0.000122 0.000613 0.001247 
0.000947 0.000129 0.000644 0.001264 
0.000942 0.000122 0.000612 0.001261 
0.000949 0.000126 0.000628 0.001271 
0.000936 0.000111 0.000628 0.001216 
0.000954 0.000122 0.000650 0.001283 
0.000962 0.000126 0.000619 0.001306 
0.000957 0.000122 0.000685 0.001290 
0.000948 0.000123 0.000625 0.001254 
0.000907 0.000128 0.000606 0.001288 
0.000924 0.000138 0.000610 0.001367 
0.000908 0.000132 0.000624 0.001293 
0.000941 0.000136 0.000577 0.001297 
0.000918 0.000131 0.000630 0.001332 
0.000902 0.000136 0.000624 0.001347 
0.000884 0.000133 0.000603 0.001238 
0.000903 0.000142 0.000601 0.001326 
0.000896 0.000125 0.000631 0.001240 
0.000927 0.000122 0.000593 0.001245 
0.000914 0.000133 0.000605 0.001291 
0.000932 0.000125 0.000628 0.001235 
0.000958 0.000122 0.000679 0.001250 
0.000951 0.000119 0.000713 0.001276 
0.000950 0.000122 0.000656 0.001253 
0.000953 0.000125 0.000701 0.001302 
0.000945 0.000118 0.000665 0.001262 
0.000976 0.000140 0.000685 0.001357 
0.000948 0.000117 0.000675 0.001288 
0.000955 0.000122 0.000683 0.001364 
0.000965 0.000134 0.000643 0.001290 
0.000964 0.000134 0.000649 0.001293 
0.000964 0.000132 0.000674 0.001367 
0.000953 0.000112 0.000718 0.001257 
0.000985 0.000127 0.000644 0.001290 
0.000992 0.000140 0.000679 0.001321 
0.001022 0.000137 0.000671 0.001323 
0.000988 0.000143 0.000688 0.001315 
0.001036 0.000136 0.000741 0.001343 
0.000995 0.000148 0.000662 0.001345 
0.000996 0.000139 0.000708 0.001297 
0.000991 0.000137 0.000683 0.001315 
0.000999 0.000137 0.000646 0.001298 
0.000969 0.000141 0.000658 0.001324 
0.000974 0.000152 0.000645 0.001365 
0.000979 0.000135 0.000624 0.001326 
0.001012 0.000145 0.000702 0.001350 
0.000971 0.000125 0.000637 0.001276 
0.001021 0.000122 0.000683 0.001272 
0.001019 0.000146 0.000672 0.001328 
0.001012 0.000125 0.000741 0.001285 
0.001036 0.000137 0.000672 0.001310 
0.001019 0.000141 0.000666 0.001306 
0.001036 0.000132 0.000642 0.001329 
0.001008 0.000120 0.000681 0.001296 
0.001007 0.000142 0.000640 0.001307 
0.000996 0.000124 0.000684 0.001244 
0.001026 0.000148 0.000659 0.001344 
0.000984 0.000132 0.000620 0.001301 
0.001012 0.000118 0.000680 0.001260 
0.001027 0.000144 0.000699 0.001342 
0.000987 0.000126 0.000700 0.001283 
0.000965 0.000114 0.000721 0.001274 
0.000945 0.000127 0.000661 0.001275 
0.000926 0.000112 0.000685 0.001276 
0.000941 0.000106 0.000714 0.001290 
0.000951 0.000108 0.000703 0.001258 
0.000917 0.000107 0.000679 0.001244 
0.000945 0.000107 0.000723 0.001274 
0.000935 0.000119 0.000682 0.001250 
0.000948 0.000128 0.000673 0.001287 
0.000936 0.000107 0.000711 0.001216 
0.000941 0.000128 0.000641 0.001247 
0.000962 0.000128 0.000678 0.001309 
0.000952 0.000116 0.000708 0.001253 
