0.000978 0.000083 0.000715 0.001239 
0.000938 0.000078 0.000730 0.001139 
0.000920 0.000078 0.000710 0.001140 
0.000968 0.000083 0.000656 0.001220 
0.000959 0.000092 0.000659 0.001230 
0.000974 0.000088 0.000682 0.001243 
0.000946 0.000082 0.000722 0.001191 
0.000969 0.000083 0.000726 0.001210 
0.000929 0.000090 0.000680 0.001166 
0.000971 0.000081 0.000724 0.001206 
0.000932 0.000078 0.000700 0.001128 
0.000964 0.000078 0.000702 0.001249 
0.000975 0.000095 0.000702 0.001208 
0.000961 0.000093 0.000662 0.001221 
0.000940 0.000087 0.000684 0.001204 
0.000940 0.000082 0.000666 0.001165 
0.000947 0.000085 0.000667 0.001170 
0.000986 0.000091 0.000717 0.001215 
0.000933 0.000085 0.000710 0.001150 
0.000954 0.000089 0.000678 0.001174 
0.000950 0.000090 0.000661 0.001178 
0.000937 0.000084 0.000685 0.001173 
0.000936 0.000084 0.000684 0.001159 
0.000937 0.000083 0.000666 0.001119 
0.000950 0.000085 0.000692 0.001206 
0.000948 0.000084 0.000711 0.001146 
0.000992 0.000101 0.000663 0.001351 
0.000951 0.000091 0.000645 0.001255 
0.000973 0.000103 0.000684 0.001358 
0.000979 0.000106 0.000683 0.001263 
0.001007 0.000114 0.000666 0.001288 
0.000974 0.000110 0.000689 0.001308 
0.000977 0.000102 0.000651 0.001296 
0.000956 0.000091 0.000705 0.001229 
0.000994 0.000105 0.000698 0.001311 
0.000966 0.000099 0.000674 0.001238 
0.001005 0.000116 0.000660 0.001399 
0.000992 0.000081 0.000746 0.001314 
0.001003 0.000085 0.000764 0.001361 
0.000985 0.000080 0.000770 0.001298 
0.000995 0.000082 0.000775 0.001238 
0.001001 0.000078 0.000790 0.001288 
0.000974 0.000082 0.000758 0.001277 
0.000991 0.000079 0.000784 0.001327 
0.000997 0.000087 0.000790 0.001304 
0.000995 0.000079 0.000755 0.001316 
0.000975 0.000083 0.000735 0.001183 
0.000982 0.000066 0.000812 0.001259 
0.000998 0.000080 0.000783 0.001188 
0.000931 0.000079 0.000682 0.001205 
0.000904 0.000068 0.000741 0.001253 
0.000934 0.000074 0.000745 0.001447 
0.000928 0.000079 0.000753 0.001363 
0.000940 0.000080 0.000763 0.001338 
0.000958 0.000079 0.000654 0.001230 
0.000927 0.000078 0.000721 0.001146 
0.000924 0.000073 0.000705 0.001233 
0.000932 0.000066 0.000737 0.001148 
0.000933 0.000074 0.000760 0.001396 
0.000947 0.000083 0.000749 0.001523 
0.000947 0.000084 0.000653 0.001283 
0.000921 0.000073 0.000708 0.001157 
0.000921 0.000089 0.000671 0.001292 
0.000950 0.000091 0.000693 0.001408 
0.000897 0.000069 0.000658 0.001165 
0.000917 0.000084 0.000617 0.001307 
0.000923 0.000082 0.000683 0.001275 
0.000914 0.000080 0.000683 0.001230 
0.000933 0.000095 0.000644 0.001308 
0.000891 0.000078 0.000653 0.001204 
0.000986 0.000096 0.000761 0.001237 
0.001007 0.000101 0.000775 0.001292 
0.000989 0.000094 0.000741 0.001253 
0.000992 0.000108 0.000738 0.001334 
0.001003 0.000119 0.000665 0.001373 
0.001039 0.000113 0.000724 0.001352 
0.001019 0.000109 0.000747 0.001332 
0.000996 0.000096 0.000746 0.001265 
0.000992 0.000099 0.000759 0.001294 
0.001016 0.000105 0.000739 0.001288 
0.000985 0.000088 0.000783 0.001248 
0.001010 0.000097 0.000779 0.001274 
0.001023 0.000104 0.000777 0.001352 
0.000986 0.000101 0.000708 0.001248 
0.001018 0.000121 0.000685 0.001353 
0.000999 0.000098 0.000787 0.001237 
0.000979 0.000099 0.000683 0.001305 
0.000959 0.000077 0.000726 0.001206 
0.000957 0.000078 0.000730 0.001200 
0.000958 0.000083 0.000693 0.001204 
0.000964 0.000082 0.000694 0.001227 
0.000989 0.000089 0.000697 0.001243 
0.000974 0.000085 0.000731 0.001254 
0.000965 0.000089 0.000722 0.001287 
0.000966 0.000092 0.000697 0.001238 
0.000935 0.000097 0.000645 0.001190 
0.000949 0.000081 0.000675 0.001203 
0.000984 0.000094 0.000704 0.001238 
0.000977 0.000089 0.000700 0.001228 
0.000966 0.000084 0.000757 0.001262 
0.000982 0.000083 0.000739 0.001232 
0.000982 0.000091 0.000746 0.001215 
0.000971 0.000086 0.000759 0.001173 
0.000969 0.000086 0.000746 0.001275 
0.000959 0.000085 0.000741 0.001295 
0.000942 0.000082 0.000738 0.001185 
0.000974 0.000094 0.000728 0.001290 
0.000949 0.000079 0.000725 0.001251 
0.000949 0.000086 0.000733 0.001181 
0.000956 0.000078 0.000711 0.001182 
0.000979 0.000089 0.000705 0.001229 
0.000959 0.000083 0.000724 0.001189 
0.001006 0.000105 0.000712 0.001307 
0.000940 0.000075 0.000745 0.001181 
0.000938 0.000093 0.000682 0.001207 
0.000910 0.000079 0.000700 0.001211 
0.000841 0.000101 0.000578 0.001123 
0.000862 0.000108 0.000535 0.001124 
0.000878 0.000096 0.000541 0.001207 
0.000844 0.000120 0.000567 0.001131 
0.000855 0.000086 0.000675 0.001234 
0.000856 0.000076 0.000646 0.001165 
0.000920 0.000068 0.000676 0.001175 
0.000793 0.000077 0.000602 0.001077 
0.000862 0.000086 0.000686 0.001134 
0.000844 0.000114 0.000576 0.001145 
0.000854 0.000083 0.000659 0.001240 
0.000920 0.000081 0.000636 0.001303 
0.000904 0.000095 0.000564 0.001340 
0.000914 0.000094 0.000588 0.001287 
0.000940 0.000128 0.000422 0.001310 
0.000924 0.000075 0.000631 0.001223 
0.000900 0.000086 0.000618 0.001237 
0.000908 0.000089 0.000620 0.001300 
0.000922 0.000090 0.000613 0.001278 
0.000909 0.000091 0.000640 0.001355 
0.000925 0.000085 0.000566 0.001334 
0.000934 0.000094 0.000657 0.001337 
0.000934 0.000091 0.000665 0.001234 
0.000931 0.000101 0.000690 0.001561 
0.000928 0.000109 0.000651 0.001797 
0.000928 0.000102 0.000663 0.001683 
0.000937 0.000122 0.000677 0.001854 
0.000925 0.000105 0.000636 0.001636 
0.000962 0.000114 0.000703 0.001741 
0.000942 0.000111 0.000650 0.001781 
0.000944 0.000121 0.000598 0.001844 
0.000955 0.000116 0.000652 0.001722 
0.000931 0.000104 0.000693 0.001777 
0.000945 0.000095 0.000709 0.001598 
0.000934 0.000100 0.000637 0.001669 
0.000975 0.000117 0.000739 0.001786 
0.000974 0.000078 0.000732 0.001197 
0.000979 0.000085 0.000721 0.001239 
0.000946 0.000070 0.000739 0.001164 
0.001008 0.000093 0.000767 0.001260 
0.000979 0.000076 0.000737 0.001179 
0.000951 0.000067 0.000756 0.001164 
0.000971 0.000070 0.000767 0.001180 
0.000948 0.000080 0.000727 0.001200 
0.000964 0.000083 0.000742 0.001231 
0.000959 0.000092 0.000686 0.001269 
0.000942 0.000079 0.000758 0.001200 
0.000957 0.000086 0.000727 0.001233 
0.000937 0.000073 0.000695 0.001175 
0.001004 0.000094 0.000765 0.001362 
0.001018 0.000108 0.000745 0.001395 
0.001005 0.000105 0.000750 0.001450 
0.001029 0.000104 0.000745 0.001367 
0.001010 0.000115 0.000714 0.001423 
0.001015 0.000117 0.000780 0.001483 
0.000986 0.000099 0.000734 0.001298 
0.001000 0.000100 0.000708 0.001310 
0.000981 0.000096 0.000755 0.001300 
0.001031 0.000115 0.000757 0.001432 
0.000976 0.000093 0.000767 0.001281 
0.001002 0.000098 0.000790 0.001311 
0.001010 0.000106 0.000762 0.001406 
0.000985 0.000088 0.000766 0.001285 
0.000983 0.000094 0.000779 0.001319 
0.000947 0.000088 0.000723 0.001276 
0.000944 0.000076 0.000758 0.001196 
0.000963 0.000084 0.000764 0.001241 
0.000968 0.000081 0.000743 0.001242 
0.000926 0.000072 0.000770 0.001154 
0.000976 0.000087 0.000780 0.001249 
0.000947 0.000085 0.000727 0.001196 
0.000952 0.000091 0.000737 0.001295 
0.000958 0.000086 0.000735 0.001211 
0.000960 0.000091 0.000742 0.001212 
0.000976 0.000099 0.000739 0.001285 
0.000957 0.000089 0.000779 0.001267 
