0.001816 0.000207 0.001273 0.002341 
0.001758 0.000243 0.001182 0.002262 
0.001702 0.000254 0.001152 0.002256 
0.001775 0.000229 0.001225 0.002211 
0.001734 0.000250 0.001107 0.002261 
0.001760 0.000246 0.001134 0.002259 
0.001705 0.000270 0.001122 0.002347 
0.001778 0.000263 0.001164 0.002342 
0.001743 0.000255 0.001154 0.002362 
0.001768 0.000251 0.001164 0.002330 
0.001706 0.000268 0.001146 0.002348 
0.001719 0.000250 0.001147 0.002354 
0.001753 0.000264 0.001155 0.002302 
0.001962 0.000422 0.001060 0.002828 
0.001985 0.000388 0.001195 0.002665 
0.001973 0.000398 0.001182 0.002851 
0.001912 0.000401 0.001100 0.002635 
0.002025 0.000423 0.001136 0.002834 
0.001988 0.000417 0.001119 0.002731 
0.002037 0.000374 0.001232 0.002826 
0.002054 0.000396 0.001219 0.002780 
0.001957 0.000432 0.001040 0.002633 
0.001965 0.000418 0.001149 0.002766 
0.001992 0.000417 0.001166 0.002887 
0.002019 0.000459 0.001110 0.002849 
0.001961 0.000411 0.001138 0.002857 
0.001906 0.000268 0.001219 0.002510 
0.001866 0.000243 0.001230 0.002356 
0.001887 0.000271 0.001235 0.002565 
0.001899 0.000273 0.001271 0.002456 
0.001957 0.000286 0.001249 0.002596 
0.001955 0.000262 0.001290 0.002566 
0.001875 0.000256 0.001251 0.002473 
0.001958 0.000238 0.001374 0.002504 
0.001917 0.000225 0.001281 0.002437 
0.001847 0.000291 0.001218 0.002630 
0.001957 0.000276 0.001316 0.002590 
0.002085 0.000361 0.001329 0.002695 
0.002145 0.000429 0.001295 0.002899 
0.002094 0.000373 0.001278 0.002746 
0.002067 0.000380 0.001195 0.002803 
0.002069 0.000349 0.001304 0.002753 
0.002091 0.000429 0.001172 0.002735 
0.002073 0.000368 0.001190 0.002765 
0.002071 0.000397 0.001206 0.002732 
0.002055 0.000364 0.001232 0.002742 
0.002028 0.000410 0.001239 0.002719 
0.002116 0.000355 0.001222 0.002775 
0.002033 0.000417 0.001209 0.002876 
0.002050 0.000455 0.001079 0.002700 
0.001940 0.000442 0.001012 0.002560 
0.002022 0.000468 0.001085 0.002749 
0.002018 0.000482 0.001054 0.002691 
0.002027 0.000454 0.001042 0.002714 
0.002098 0.000519 0.001089 0.003032 
0.002019 0.000498 0.001063 0.002703 
0.001984 0.000437 0.001062 0.002635 
0.002034 0.000453 0.001072 0.002715 
0.002027 0.000486 0.001071 0.002777 
0.002042 0.000464 0.001083 0.002789 
0.001747 0.000229 0.001189 0.002371 
0.001715 0.000231 0.001134 0.002328 
0.001689 0.000220 0.001160 0.002355 
0.001737 0.000234 0.001193 0.002425 
0.001616 0.000264 0.001083 0.002293 
0.001731 0.000231 0.001176 0.002314 
0.001722 0.000285 0.001201 0.002596 
0.001743 0.000242 0.001169 0.002465 
0.001757 0.000318 0.001123 0.002763 
0.001663 0.000242 0.001155 0.002372 
0.001755 0.000275 0.001204 0.002438 
0.001697 0.000255 0.001181 0.002244 
0.001759 0.000264 0.001248 0.002461 
0.001787 0.000276 0.001304 0.002561 
0.001742 0.000292 0.001189 0.002518 
0.001771 0.000246 0.001241 0.002370 
0.001735 0.000273 0.001227 0.002443 
0.001715 0.000243 0.001203 0.002317 
0.001740 0.000284 0.001197 0.002412 
0.001756 0.000265 0.001235 0.002426 
0.001684 0.000258 0.001195 0.002301 
0.001803 0.000288 0.001220 0.002527 
0.001737 0.000282 0.001148 0.002425 
0.001637 0.000272 0.001124 0.002330 
0.001692 0.000273 0.001160 0.002315 
0.001759 0.000266 0.001214 0.002494 
0.001812 0.000214 0.001269 0.002383 
0.001731 0.000228 0.001183 0.002339 
0.001888 0.000208 0.001330 0.002397 
0.001769 0.000198 0.001270 0.002270 
0.001864 0.000187 0.001348 0.002342 
0.001832 0.000212 0.001239 0.002305 
0.001920 0.000205 0.001351 0.002426 
0.001892 0.000202 0.001276 0.002308 
0.001753 0.000213 0.001208 0.002236 
0.001885 0.000208 0.001355 0.002266 
0.001810 0.000217 0.001265 0.002341 
0.001869 0.000191 0.001282 0.002220 
0.001839 0.000199 0.001322 0.002277 
0.001749 0.000222 0.001177 0.002240 
0.002214 0.000463 0.001286 0.003007 
0.002232 0.000449 0.001274 0.002893 
0.002176 0.000489 0.001254 0.003012 
0.002267 0.000480 0.001325 0.002953 
0.002203 0.000461 0.001202 0.002939 
0.002235 0.000437 0.001294 0.002914 
0.002194 0.000486 0.001250 0.002961 
0.002225 0.000478 0.001283 0.002980 
0.002181 0.000499 0.001249 0.002932 
0.002316 0.000463 0.001298 0.003045 
0.002212 0.000480 0.001267 0.002924 
0.002253 0.000480 0.001267 0.002957 
0.002308 0.000495 0.001222 0.003039 
0.002205 0.000459 0.001273 0.002906 
0.002034 0.000248 0.001519 0.002772 
0.002037 0.000172 0.001631 0.002599 
0.002053 0.000186 0.001676 0.002485 
0.002018 0.000273 0.001490 0.002948 
0.002044 0.000163 0.001690 0.002538 
0.001948 0.000287 0.001325 0.002857 
0.002065 0.000205 0.001627 0.002614 
0.001983 0.000246 0.001453 0.002579 
0.002124 0.000193 0.001672 0.002712 
0.002115 0.000237 0.001607 0.002677 
0.001987 0.000231 0.001517 0.002507 
0.001994 0.000202 0.001561 0.002469 
0.002059 0.000277 0.001462 0.002732 
0.001944 0.000260 0.001326 0.002571 
0.001931 0.000224 0.001398 0.002573 
0.001888 0.000224 0.001331 0.002614 
0.001948 0.000368 0.001304 0.003028 
0.001952 0.000263 0.001332 0.002600 
0.001891 0.000197 0.001446 0.002403 
0.001776 0.000242 0.001322 0.002406 
0.001910 0.000195 0.001443 0.002443 
0.001949 0.000279 0.001327 0.002710 
0.001895 0.000284 0.001307 0.002619 
0.001901 0.000255 0.001224 0.002485 
0.001870 0.000221 0.001291 0.002350 
0.002201 0.000489 0.001291 0.002986 
0.002088 0.000529 0.001113 0.002874 
0.002172 0.000513 0.001163 0.002886 
0.002161 0.000480 0.001297 0.002882 
0.002143 0.000575 0.001050 0.002956 
0.002154 0.000526 0.001115 0.002833 
0.002185 0.000556 0.001079 0.002958 
0.002211 0.000541 0.001145 0.002859 
0.002214 0.000533 0.001160 0.002934 
0.002171 0.000487 0.001193 0.002875 
0.002139 0.000491 0.001127 0.002913 
0.002149 0.000571 0.001059 0.002893 
0.002205 0.000536 0.001101 0.002888 
0.001753 0.000286 0.001114 0.002652 
0.001868 0.000271 0.001188 0.002695 
0.001890 0.000256 0.001267 0.002688 
0.001896 0.000261 0.001286 0.002604 
0.001837 0.000259 0.001212 0.002639 
0.001768 0.000304 0.001166 0.002965 
0.001808 0.000281 0.001178 0.002828 
0.001732 0.000287 0.001099 0.002591 
0.001796 0.000300 0.001143 0.002811 
0.001769 0.000276 0.001160 0.002644 
0.001822 0.000225 0.001248 0.002435 
0.001864 0.000262 0.001208 0.002568 
0.001849 0.000324 0.001130 0.002702 
0.001796 0.000392 0.001176 0.003067 
0.001801 0.000337 0.001151 0.002829 
0.001781 0.000329 0.001184 0.002775 
0.001743 0.000296 0.001187 0.002716 
0.001804 0.000296 0.001289 0.003016 
0.001784 0.000237 0.001325 0.002670 
0.001705 0.000281 0.001185 0.002624 
0.001734 0.000300 0.001116 0.002493 
0.001754 0.000325 0.001127 0.002705 
0.001822 0.000335 0.001215 0.002745 
0.001720 0.000265 0.001173 0.002576 
0.001773 0.000310 0.001178 0.002752 
0.001731 0.000292 0.001155 0.002769 
0.001743 0.000258 0.001166 0.002518 
0.002082 0.000291 0.001445 0.002619 
0.002104 0.000315 0.001423 0.002856 
0.001999 0.000250 0.001476 0.002562 
0.002070 0.000260 0.001458 0.002621 
0.002100 0.000265 0.001526 0.002656 
0.002046 0.000280 0.001456 0.002546 
0.002057 0.000283 0.001538 0.002669 
0.002082 0.000274 0.001483 0.002669 
0.002078 0.000265 0.001497 0.002665 
0.002090 0.000300 0.001429 0.002690 
0.002020 0.000267 0.001409 0.002664 
0.002159 0.000314 0.001400 0.002806 
0.002129 0.000331 0.001425 0.002739 
