0.000842 0.000056 0.000654 0.000978 
0.000780 0.000048 0.000665 0.000882 
0.000798 0.000046 0.000712 0.000918 
0.000859 0.000053 0.000704 0.001016 
0.000812 0.000058 0.000678 0.000971 
0.000855 0.000059 0.000625 0.001007 
0.000814 0.000053 0.000685 0.000922 
0.000850 0.000056 0.000713 0.000996 
0.000771 0.000050 0.000656 0.000916 
0.000853 0.000055 0.000740 0.001030 
0.000820 0.000051 0.000712 0.000941 
0.000827 0.000047 0.000715 0.000960 
0.000858 0.000060 0.000711 0.001020 
0.000792 0.000066 0.000666 0.000961 
0.000781 0.000056 0.000679 0.000914 
0.000795 0.000055 0.000622 0.000935 
0.000789 0.000063 0.000650 0.000981 
0.000821 0.000062 0.000696 0.000995 
0.000806 0.000068 0.000675 0.000991 
0.000768 0.000060 0.000644 0.000903 
0.000769 0.000072 0.000631 0.000958 
0.000797 0.000066 0.000657 0.000975 
0.000793 0.000058 0.000639 0.000951 
0.000783 0.000064 0.000634 0.000948 
0.000784 0.000055 0.000622 0.000935 
0.000822 0.000057 0.000670 0.000975 
0.000886 0.000145 0.000651 0.001377 
0.000840 0.000121 0.000660 0.001323 
0.000934 0.000189 0.000606 0.001647 
0.000886 0.000103 0.000666 0.001193 
0.000897 0.000110 0.000707 0.001275 
0.000926 0.000123 0.000668 0.001378 
0.000866 0.000085 0.000688 0.001157 
0.000868 0.000087 0.000688 0.001183 
0.000855 0.000108 0.000662 0.001253 
0.000884 0.000126 0.000596 0.001338 
0.000922 0.000189 0.000637 0.001596 
0.000830 0.000080 0.000657 0.001010 
0.000856 0.000091 0.000640 0.001072 
0.000809 0.000066 0.000647 0.000972 
0.000886 0.000084 0.000702 0.001098 
0.000882 0.000073 0.000678 0.001029 
0.000809 0.000070 0.000660 0.000998 
0.000838 0.000081 0.000642 0.001045 
0.000844 0.000076 0.000623 0.001007 
0.000866 0.000086 0.000640 0.001053 
0.000821 0.000061 0.000648 0.000993 
0.000836 0.000067 0.000656 0.000979 
0.000862 0.000057 0.000710 0.000975 
0.001028 0.000175 0.000766 0.001656 
0.001027 0.000215 0.000778 0.001678 
0.001028 0.000247 0.000755 0.001707 
0.001031 0.000234 0.000795 0.001849 
0.001045 0.000239 0.000739 0.001747 
0.001077 0.000205 0.000809 0.001769 
0.001010 0.000167 0.000853 0.001569 
0.001050 0.000212 0.000794 0.001767 
0.001016 0.000212 0.000803 0.001723 
0.001055 0.000220 0.000810 0.001752 
0.001115 0.000275 0.000788 0.001821 
0.000787 0.000055 0.000629 0.000927 
0.000766 0.000054 0.000637 0.000881 
0.000795 0.000047 0.000683 0.000884 
0.000781 0.000046 0.000667 0.000900 
0.000767 0.000048 0.000616 0.000882 
0.000763 0.000046 0.000673 0.000870 
0.000809 0.000052 0.000638 0.000918 
0.000794 0.000047 0.000679 0.000899 
0.000784 0.000058 0.000601 0.000917 
0.000784 0.000047 0.000632 0.000891 
0.000881 0.000074 0.000682 0.001110 
0.000910 0.000130 0.000725 0.001440 
0.000870 0.000078 0.000726 0.001140 
0.000872 0.000096 0.000646 0.001199 
0.000829 0.000055 0.000673 0.000964 
0.000891 0.000099 0.000655 0.001279 
0.000887 0.000121 0.000662 0.001305 
0.000878 0.000087 0.000685 0.001158 
0.000918 0.000083 0.000735 0.001215 
0.000874 0.000087 0.000680 0.001160 
0.000911 0.000119 0.000711 0.001415 
0.000937 0.000107 0.000723 0.001338 
0.000911 0.000108 0.000678 0.001282 
0.000846 0.000089 0.000645 0.001193 
0.000872 0.000091 0.000673 0.001202 
0.000876 0.000131 0.000640 0.001344 
0.000809 0.000068 0.000655 0.000981 
0.000809 0.000047 0.000691 0.000942 
0.000840 0.000057 0.000720 0.000999 
0.000815 0.000052 0.000678 0.000950 
0.000871 0.000058 0.000717 0.001005 
0.000841 0.000062 0.000665 0.000966 
0.000850 0.000057 0.000708 0.001006 
0.000859 0.000064 0.000698 0.001027 
0.000828 0.000060 0.000652 0.001007 
0.000810 0.000063 0.000662 0.000962 
0.000816 0.000051 0.000667 0.000961 
0.000854 0.000055 0.000714 0.000958 
0.000847 0.000057 0.000684 0.001003 
0.000821 0.000065 0.000669 0.000993 
0.000834 0.000081 0.000717 0.001180 
0.000871 0.000087 0.000720 0.001177 
0.000838 0.000053 0.000736 0.001070 
0.000804 0.000063 0.000699 0.001031 
0.000803 0.000062 0.000679 0.001052 
0.000809 0.000065 0.000691 0.001062 
0.000862 0.000069 0.000732 0.001155 
0.000833 0.000085 0.000668 0.001119 
0.000807 0.000060 0.000705 0.001048 
0.000823 0.000086 0.000657 0.001134 
0.000818 0.000060 0.000684 0.000992 
0.000819 0.000059 0.000712 0.001030 
0.000894 0.000078 0.000748 0.001195 
0.000837 0.000052 0.000747 0.001015 
0.000761 0.000066 0.000617 0.000979 
0.000775 0.000054 0.000676 0.000910 
0.000816 0.000046 0.000678 0.000990 
0.000793 0.000057 0.000663 0.000970 
0.000766 0.000054 0.000642 0.000950 
0.000834 0.000059 0.000654 0.001022 
0.000816 0.000057 0.000698 0.001047 
0.000804 0.000066 0.000674 0.001015 
0.000780 0.000057 0.000665 0.000952 
0.000770 0.000047 0.000669 0.000943 
0.000813 0.000049 0.000703 0.000952 
0.000816 0.000062 0.000697 0.001038 
0.000761 0.000061 0.000602 0.000970 
0.000833 0.000063 0.000677 0.001052 
0.000838 0.000085 0.000658 0.001186 
0.000833 0.000072 0.000696 0.001138 
0.000844 0.000099 0.000702 0.001286 
0.000838 0.000061 0.000716 0.001055 
0.000831 0.000085 0.000684 0.001138 
0.000838 0.000083 0.000701 0.001228 
0.000811 0.000068 0.000664 0.001051 
0.000854 0.000106 0.000690 0.001268 
0.000840 0.000085 0.000665 0.001127 
0.000833 0.000070 0.000707 0.001108 
0.000811 0.000066 0.000677 0.001081 
0.001068 0.000252 0.000662 0.001888 
0.001045 0.000267 0.000664 0.001908 
0.001106 0.000295 0.000736 0.001968 
0.001116 0.000308 0.000745 0.001976 
0.001065 0.000251 0.000698 0.001776 
0.001124 0.000289 0.000668 0.001877 
0.001157 0.000294 0.000764 0.002037 
0.001118 0.000315 0.000719 0.001952 
0.001138 0.000292 0.000724 0.002081 
0.001133 0.000329 0.000721 0.002045 
0.001022 0.000244 0.000682 0.001753 
0.001112 0.000286 0.000721 0.002058 
0.001085 0.000251 0.000698 0.001872 
0.000888 0.000056 0.000746 0.001051 
0.000877 0.000062 0.000688 0.001013 
0.000864 0.000049 0.000767 0.000997 
0.000913 0.000054 0.000786 0.001045 
0.000834 0.000066 0.000668 0.000978 
0.000855 0.000042 0.000753 0.001018 
0.000841 0.000064 0.000665 0.001002 
0.000870 0.000053 0.000685 0.001004 
0.000836 0.000063 0.000700 0.001012 
0.000865 0.000059 0.000706 0.001015 
0.000865 0.000053 0.000695 0.001000 
0.000887 0.000061 0.000701 0.001047 
0.000829 0.000054 0.000690 0.000960 
0.000937 0.000087 0.000750 0.001256 
0.000942 0.000128 0.000657 0.001280 
0.000999 0.000126 0.000691 0.001432 
0.001014 0.000111 0.000786 0.001365 
0.000949 0.000112 0.000733 0.001419 
0.000927 0.000111 0.000666 0.001275 
0.000942 0.000085 0.000752 0.001211 
0.000968 0.000093 0.000741 0.001334 
0.000942 0.000100 0.000729 0.001264 
0.000941 0.000097 0.000749 0.001284 
0.000919 0.000104 0.000694 0.001175 
0.000940 0.000148 0.000639 0.001430 
0.000978 0.000123 0.000734 0.001383 
0.000971 0.000117 0.000737 0.001371 
0.000877 0.000053 0.000768 0.001173 
0.000847 0.000080 0.000692 0.001179 
0.000866 0.000087 0.000693 0.001168 
0.000868 0.000074 0.000720 0.001158 
0.000858 0.000072 0.000704 0.001127 
0.000820 0.000070 0.000691 0.001100 
0.000951 0.000103 0.000776 0.001450 
0.000819 0.000068 0.000677 0.001083 
0.000888 0.000071 0.000726 0.001172 
0.000865 0.000077 0.000733 0.001146 
0.000878 0.000084 0.000711 0.001175 
0.000855 0.000078 0.000719 0.001102 
0.000873 0.000074 0.000714 0.001121 
