0.000982 0.000103 0.000719 0.001405 
0.000950 0.000096 0.000694 0.001363 
0.000943 0.000091 0.000686 0.001326 
0.000958 0.000113 0.000668 0.001438 
0.000969 0.000105 0.000717 0.001301 
0.000963 0.000107 0.000676 0.001352 
0.000968 0.000106 0.000702 0.001323 
0.000963 0.000093 0.000696 0.001329 
0.000937 0.000083 0.000714 0.001278 
0.000957 0.000106 0.000652 0.001438 
0.000949 0.000098 0.000709 0.001379 
0.000950 0.000100 0.000686 0.001359 
0.000967 0.000111 0.000647 0.001326 
0.000971 0.000093 0.000686 0.001283 
0.000988 0.000102 0.000692 0.001300 
0.000988 0.000089 0.000705 0.001330 
0.001006 0.000097 0.000743 0.001501 
0.001006 0.000093 0.000704 0.001370 
0.000981 0.000095 0.000703 0.001375 
0.000986 0.000080 0.000743 0.001286 
0.000970 0.000092 0.000661 0.001345 
0.000995 0.000101 0.000696 0.001470 
0.000972 0.000086 0.000699 0.001385 
0.000975 0.000090 0.000661 0.001323 
0.000978 0.000089 0.000691 0.001284 
0.000971 0.000093 0.000697 0.001358 
0.000995 0.000088 0.000724 0.001414 
0.000961 0.000089 0.000674 0.001385 
0.000994 0.000095 0.000692 0.001407 
0.001036 0.000112 0.000701 0.001615 
0.001038 0.000112 0.000700 0.001566 
0.001033 0.000115 0.000640 0.001618 
0.001008 0.000100 0.000681 0.001455 
0.000991 0.000091 0.000712 0.001425 
0.001027 0.000111 0.000725 0.001469 
0.000986 0.000093 0.000693 0.001421 
0.000992 0.000100 0.000690 0.001519 
0.000949 0.000076 0.000764 0.001338 
0.000969 0.000077 0.000773 0.001370 
0.000971 0.000085 0.000767 0.001455 
0.000956 0.000085 0.000755 0.001416 
0.000947 0.000079 0.000739 0.001430 
0.000970 0.000093 0.000735 0.001557 
0.000945 0.000072 0.000735 0.001428 
0.000963 0.000084 0.000751 0.001476 
0.000952 0.000081 0.000728 0.001455 
0.000975 0.000085 0.000740 0.001492 
0.000960 0.000085 0.000723 0.001445 
0.000974 0.000082 0.000771 0.001497 
0.001007 0.000162 0.000704 0.001945 
0.001035 0.000161 0.000715 0.001965 
0.000998 0.000150 0.000719 0.001869 
0.000990 0.000146 0.000731 0.001929 
0.001019 0.000149 0.000731 0.001952 
0.001012 0.000140 0.000754 0.001863 
0.001018 0.000165 0.000640 0.001968 
0.001027 0.000165 0.000702 0.002022 
0.000992 0.000132 0.000709 0.001793 
0.001018 0.000136 0.000783 0.001830 
0.000997 0.000145 0.000724 0.001931 
0.001015 0.000152 0.000674 0.001999 
0.001036 0.000164 0.000651 0.002024 
0.001006 0.000151 0.000735 0.001836 
0.001011 0.000141 0.000714 0.001828 
0.001012 0.000155 0.000668 0.002006 
0.001003 0.000158 0.000707 0.001911 
0.000997 0.000152 0.000726 0.001972 
0.000976 0.000165 0.000693 0.001905 
0.001032 0.000159 0.000715 0.002014 
0.001006 0.000168 0.000704 0.002024 
0.000990 0.000097 0.000660 0.001527 
0.000962 0.000087 0.000702 0.001408 
0.000963 0.000100 0.000701 0.001543 
0.000962 0.000098 0.000709 0.001483 
0.000955 0.000098 0.000679 0.001438 
0.001001 0.000106 0.000707 0.001613 
0.000959 0.000093 0.000703 0.001503 
0.000966 0.000088 0.000694 0.001511 
0.000951 0.000099 0.000687 0.001477 
0.000955 0.000083 0.000714 0.001401 
0.000927 0.000093 0.000670 0.001426 
0.000972 0.000094 0.000711 0.001491 
0.000970 0.000094 0.000721 0.001572 
0.000973 0.000097 0.000716 0.001490 
0.000970 0.000086 0.000723 0.001382 
0.000940 0.000094 0.000714 0.001487 
0.001018 0.000119 0.000699 0.001715 
0.000989 0.000125 0.000706 0.001714 
0.001031 0.000115 0.000740 0.001729 
0.001006 0.000120 0.000708 0.001656 
0.001018 0.000114 0.000732 0.001674 
0.001024 0.000121 0.000713 0.001807 
0.001020 0.000135 0.000718 0.001764 
0.001020 0.000137 0.000684 0.001757 
0.001000 0.000122 0.000731 0.001791 
0.000994 0.000137 0.000702 0.001806 
0.001003 0.000124 0.000724 0.001761 
0.001021 0.000133 0.000713 0.001789 
0.001003 0.000135 0.000681 0.001831 
0.000984 0.000131 0.000698 0.001912 
0.001107 0.000281 0.000733 0.002594 
0.001105 0.000265 0.000773 0.002556 
0.001137 0.000276 0.000729 0.002622 
0.001086 0.000258 0.000764 0.002684 
0.001124 0.000282 0.000739 0.002736 
0.001109 0.000280 0.000736 0.002575 
0.001120 0.000281 0.000692 0.002641 
0.001106 0.000285 0.000710 0.002612 
0.001123 0.000286 0.000732 0.002563 
0.001101 0.000291 0.000738 0.002641 
0.001098 0.000267 0.000760 0.002493 
0.001078 0.000253 0.000752 0.002506 
0.001135 0.000274 0.000786 0.002520 
0.001126 0.000271 0.000774 0.002695 
0.000958 0.000114 0.000743 0.001641 
0.000908 0.000123 0.000644 0.001638 
0.000926 0.000151 0.000567 0.001792 
0.000904 0.000127 0.000650 0.001657 
0.000928 0.000115 0.000656 0.001599 
0.000922 0.000126 0.000658 0.001582 
0.000906 0.000108 0.000671 0.001655 
0.000912 0.000144 0.000658 0.001748 
0.000925 0.000128 0.000676 0.001729 
0.000925 0.000151 0.000607 0.001848 
0.000920 0.000125 0.000639 0.001673 
0.000920 0.000104 0.000663 0.001613 
0.000921 0.000119 0.000668 0.001695 
0.001029 0.000114 0.000716 0.001575 
0.001022 0.000112 0.000698 0.001519 
0.001025 0.000131 0.000719 0.001618 
0.001026 0.000114 0.000704 0.001491 
0.001020 0.000125 0.000686 0.001658 
0.001015 0.000122 0.000674 0.001558 
0.000972 0.000132 0.000652 0.001524 
0.001044 0.000105 0.000767 0.001518 
0.001007 0.000126 0.000662 0.001573 
0.001033 0.000109 0.000761 0.001554 
0.001029 0.000128 0.000703 0.001557 
0.001041 0.000110 0.000761 0.001601 
0.001067 0.000161 0.000736 0.001914 
0.001036 0.000172 0.000699 0.001959 
0.001025 0.000170 0.000635 0.001951 
0.001052 0.000171 0.000679 0.002066 
0.001065 0.000160 0.000694 0.001922 
0.001055 0.000147 0.000708 0.001895 
0.001037 0.000138 0.000680 0.001855 
0.001074 0.000164 0.000690 0.002077 
0.001053 0.000161 0.000703 0.002039 
0.001062 0.000166 0.000691 0.001978 
0.001056 0.000155 0.000670 0.001862 
0.001067 0.000163 0.000709 0.001991 
0.001027 0.000138 0.000734 0.001775 
0.001089 0.000147 0.000757 0.001732 
0.001087 0.000140 0.000754 0.001852 
0.001095 0.000164 0.000682 0.001852 
0.001070 0.000160 0.000705 0.001828 
0.001089 0.000161 0.000743 0.001865 
0.001065 0.000144 0.000726 0.001811 
0.001065 0.000138 0.000736 0.001686 
0.001075 0.000135 0.000726 0.001688 
0.001049 0.000133 0.000736 0.001688 
0.001055 0.000153 0.000709 0.001754 
0.001037 0.000133 0.000757 0.001696 
0.001066 0.000154 0.000744 0.001904 
0.001059 0.000140 0.000716 0.001851 
0.001020 0.000103 0.000756 0.001581 
0.001001 0.000105 0.000769 0.001516 
0.001004 0.000122 0.000628 0.001553 
0.001008 0.000103 0.000726 0.001520 
0.001018 0.000114 0.000720 0.001547 
0.000997 0.000116 0.000706 0.001570 
0.000971 0.000102 0.000687 0.001427 
0.001018 0.000106 0.000754 0.001421 
0.000996 0.000104 0.000709 0.001550 
0.001024 0.000115 0.000775 0.001642 
0.000996 0.000112 0.000706 0.001462 
0.001004 0.000109 0.000757 0.001589 
0.001010 0.000114 0.000715 0.001449 
0.000971 0.000107 0.000707 0.001427 
0.001015 0.000116 0.000759 0.001682 
0.000982 0.000125 0.000728 0.001581 
0.001009 0.000115 0.000707 0.001559 
0.001045 0.000119 0.000770 0.001622 
0.001050 0.000137 0.000772 0.001748 
0.001005 0.000114 0.000737 0.001556 
0.001029 0.000126 0.000782 0.001696 
0.001046 0.000129 0.000776 0.001758 
0.000989 0.000118 0.000728 0.001568 
0.001017 0.000108 0.000734 0.001594 
0.001021 0.000123 0.000794 0.001561 
0.001010 0.000126 0.000755 0.001676 
0.001001 0.000125 0.000729 0.001603 
