0.000842 0.000121 0.000614 0.001294 
0.000808 0.000111 0.000572 0.001202 
0.000820 0.000107 0.000582 0.001188 
0.000840 0.000123 0.000621 0.001304 
0.000848 0.000122 0.000609 0.001272 
0.000840 0.000120 0.000605 0.001325 
0.000825 0.000118 0.000584 0.001261 
0.000852 0.000111 0.000611 0.001226 
0.000803 0.000117 0.000549 0.001198 
0.000843 0.000114 0.000589 0.001246 
0.000812 0.000118 0.000594 0.001233 
0.000807 0.000105 0.000577 0.001164 
0.000835 0.000125 0.000583 0.001272 
0.000797 0.000116 0.000528 0.001234 
0.000788 0.000106 0.000550 0.001195 
0.000768 0.000105 0.000507 0.001133 
0.000776 0.000107 0.000499 0.001151 
0.000797 0.000113 0.000539 0.001204 
0.000766 0.000109 0.000500 0.001246 
0.000793 0.000121 0.000521 0.001300 
0.000784 0.000116 0.000519 0.001235 
0.000773 0.000108 0.000500 0.001148 
0.000768 0.000112 0.000497 0.001185 
0.000781 0.000123 0.000486 0.001286 
0.000785 0.000114 0.000508 0.001203 
0.000773 0.000103 0.000515 0.001118 
0.000804 0.000095 0.000570 0.001058 
0.000786 0.000095 0.000522 0.001043 
0.000818 0.000099 0.000542 0.001124 
0.000805 0.000106 0.000535 0.001123 
0.000815 0.000101 0.000556 0.001153 
0.000810 0.000103 0.000525 0.001141 
0.000794 0.000095 0.000524 0.001148 
0.000774 0.000093 0.000551 0.001038 
0.000821 0.000097 0.000543 0.001188 
0.000797 0.000102 0.000527 0.001254 
0.000836 0.000090 0.000573 0.001115 
0.000800 0.000098 0.000563 0.001078 
0.000798 0.000106 0.000519 0.001087 
0.000789 0.000104 0.000550 0.001112 
0.000786 0.000108 0.000508 0.001128 
0.000797 0.000104 0.000534 0.001134 
0.000781 0.000110 0.000491 0.001103 
0.000795 0.000100 0.000532 0.001106 
0.000801 0.000100 0.000564 0.001064 
0.000790 0.000103 0.000537 0.001094 
0.000802 0.000098 0.000592 0.001094 
0.000782 0.000104 0.000517 0.001109 
0.000803 0.000095 0.000612 0.001137 
0.000846 0.000099 0.000555 0.001150 
0.000816 0.000101 0.000524 0.001172 
0.000840 0.000108 0.000535 0.001200 
0.000826 0.000089 0.000586 0.001125 
0.000843 0.000107 0.000586 0.001182 
0.000847 0.000099 0.000545 0.001181 
0.000825 0.000101 0.000585 0.001199 
0.000837 0.000101 0.000568 0.001148 
0.000830 0.000097 0.000551 0.001150 
0.000835 0.000105 0.000525 0.001183 
0.000851 0.000109 0.000550 0.001226 
0.000778 0.000105 0.000518 0.001081 
0.000771 0.000108 0.000472 0.001105 
0.000770 0.000106 0.000528 0.001103 
0.000768 0.000107 0.000512 0.001074 
0.000752 0.000103 0.000473 0.001079 
0.000767 0.000102 0.000498 0.001075 
0.000768 0.000106 0.000502 0.001070 
0.000757 0.000099 0.000499 0.001061 
0.000790 0.000105 0.000502 0.001125 
0.000754 0.000102 0.000473 0.001059 
0.000793 0.000084 0.000606 0.001076 
0.000774 0.000090 0.000572 0.001088 
0.000788 0.000085 0.000616 0.001090 
0.000780 0.000092 0.000587 0.001128 
0.000793 0.000083 0.000625 0.001138 
0.000810 0.000092 0.000605 0.001175 
0.000815 0.000088 0.000632 0.001119 
0.000806 0.000085 0.000616 0.001089 
0.000792 0.000082 0.000606 0.001077 
0.000799 0.000088 0.000604 0.001157 
0.000795 0.000086 0.000589 0.001088 
0.000804 0.000085 0.000626 0.001106 
0.000797 0.000087 0.000574 0.001085 
0.000782 0.000088 0.000584 0.001090 
0.000788 0.000079 0.000610 0.001071 
0.000771 0.000093 0.000566 0.001091 
0.000825 0.000105 0.000562 0.001157 
0.000796 0.000104 0.000518 0.001092 
0.000819 0.000110 0.000547 0.001120 
0.000813 0.000106 0.000539 0.001090 
0.000814 0.000105 0.000542 0.001117 
0.000842 0.000104 0.000596 0.001207 
0.000801 0.000098 0.000538 0.001080 
0.000822 0.000102 0.000555 0.001156 
0.000832 0.000097 0.000569 0.001125 
0.000819 0.000096 0.000560 0.001108 
0.000807 0.000104 0.000527 0.001109 
0.000839 0.000105 0.000544 0.001218 
0.000838 0.000104 0.000572 0.001182 
0.000810 0.000102 0.000562 0.001151 
0.000830 0.000084 0.000522 0.001099 
0.000821 0.000090 0.000539 0.001153 
0.000854 0.000085 0.000587 0.001156 
0.000810 0.000086 0.000533 0.001145 
0.000814 0.000090 0.000546 0.001101 
0.000817 0.000085 0.000511 0.001148 
0.000809 0.000086 0.000541 0.001109 
0.000812 0.000088 0.000527 0.001146 
0.000832 0.000083 0.000558 0.001119 
0.000812 0.000090 0.000518 0.001153 
0.000805 0.000081 0.000539 0.001121 
0.000797 0.000084 0.000513 0.001085 
0.000820 0.000079 0.000571 0.001102 
0.000796 0.000086 0.000533 0.001146 
0.000821 0.000109 0.000527 0.001195 
0.000826 0.000113 0.000552 0.001201 
0.000831 0.000118 0.000549 0.001257 
0.000813 0.000118 0.000530 0.001215 
0.000828 0.000108 0.000539 0.001156 
0.000825 0.000114 0.000562 0.001277 
0.000827 0.000113 0.000542 0.001171 
0.000825 0.000109 0.000558 0.001292 
0.000787 0.000096 0.000563 0.001172 
0.000814 0.000106 0.000563 0.001164 
0.000830 0.000124 0.000505 0.001229 
0.000819 0.000117 0.000501 0.001178 
0.000820 0.000116 0.000503 0.001173 
0.000817 0.000116 0.000541 0.001123 
0.000804 0.000123 0.000516 0.001127 
0.000821 0.000122 0.000547 0.001166 
0.000813 0.000110 0.000550 0.001103 
0.000824 0.000115 0.000562 0.001120 
0.000813 0.000118 0.000544 0.001146 
0.000830 0.000117 0.000559 0.001172 
0.000831 0.000112 0.000561 0.001114 
0.000813 0.000122 0.000539 0.001137 
0.000819 0.000123 0.000537 0.001135 
0.000813 0.000118 0.000539 0.001147 
0.000798 0.000117 0.000531 0.001133 
0.000841 0.000091 0.000571 0.001117 
0.000804 0.000087 0.000543 0.001062 
0.000814 0.000090 0.000547 0.001056 
0.000809 0.000086 0.000565 0.001050 
0.000804 0.000092 0.000507 0.001055 
0.000838 0.000099 0.000549 0.001157 
0.000821 0.000090 0.000548 0.001077 
0.000828 0.000089 0.000550 0.001107 
0.000831 0.000095 0.000554 0.001077 
0.000826 0.000093 0.000525 0.001108 
0.000824 0.000087 0.000537 0.001105 
0.000803 0.000081 0.000546 0.001050 
0.000812 0.000088 0.000544 0.001068 
0.000833 0.000117 0.000562 0.001243 
0.000836 0.000127 0.000567 0.001221 
0.000844 0.000115 0.000578 0.001254 
0.000845 0.000104 0.000598 0.001172 
0.000850 0.000120 0.000592 0.001251 
0.000829 0.000103 0.000594 0.001236 
0.000827 0.000111 0.000597 0.001347 
0.000823 0.000104 0.000591 0.001115 
0.000825 0.000112 0.000559 0.001145 
0.000818 0.000098 0.000602 0.001139 
0.000823 0.000102 0.000586 0.001147 
0.000831 0.000120 0.000557 0.001184 
0.000821 0.000114 0.000584 0.001198 
0.000791 0.000103 0.000566 0.001133 
0.000789 0.000095 0.000575 0.001079 
0.000798 0.000097 0.000566 0.001127 
0.000816 0.000103 0.000567 0.001177 
0.000806 0.000102 0.000551 0.001142 
0.000812 0.000107 0.000579 0.001156 
0.000788 0.000101 0.000565 0.001173 
0.000808 0.000101 0.000580 0.001147 
0.000782 0.000097 0.000564 0.001074 
0.000819 0.000103 0.000581 0.001148 
0.000788 0.000099 0.000551 0.001067 
0.000788 0.000103 0.000554 0.001144 
0.000822 0.000105 0.000606 0.001198 
0.000794 0.000096 0.000571 0.001082 
0.000856 0.000076 0.000696 0.001125 
0.000792 0.000090 0.000574 0.001109 
0.000823 0.000077 0.000638 0.001089 
0.000837 0.000088 0.000657 0.001169 
0.000804 0.000089 0.000643 0.001139 
0.000794 0.000097 0.000621 0.001171 
0.000891 0.000088 0.000709 0.001153 
0.000791 0.000079 0.000606 0.001069 
0.000847 0.000086 0.000655 0.001186 
0.000811 0.000084 0.000635 0.001150 
0.000853 0.000079 0.000651 0.001131 
0.000789 0.000101 0.000601 0.001185 
0.000799 0.000086 0.000632 0.001123 
