0.001071 0.000199 0.000000 0.001578 
0.001099 0.000252 0.000000 0.001769 
0.001108 0.000246 0.000000 0.001787 
0.001087 0.000222 0.000000 0.001730 
0.001045 0.000201 0.000000 0.001632 
0.001044 0.000202 0.000000 0.001549 
0.001101 0.000236 0.000000 0.001873 
0.001101 0.000247 0.000000 0.001822 
0.001117 0.000253 0.000000 0.001941 
0.001047 0.000244 0.000000 0.001743 
0.001051 0.000219 0.000000 0.001695 
0.001051 0.000241 0.000000 0.001728 
0.001093 0.000196 0.000000 0.001633 
0.000946 0.000200 0.000000 0.001582 
0.000915 0.000174 0.000000 0.001369 
0.001014 0.000222 0.000000 0.001643 
0.001043 0.000242 0.000000 0.001749 
0.000967 0.000211 0.000000 0.001580 
0.000957 0.000157 0.000000 0.001437 
0.000939 0.000171 0.000000 0.001386 
0.000946 0.000165 0.000000 0.001378 
0.000980 0.000176 0.000000 0.001521 
0.000986 0.000227 0.000000 0.001637 
0.001000 0.000183 0.000000 0.001501 
0.001030 0.000216 0.000000 0.001570 
0.000962 0.000165 0.000000 0.001453 
0.001084 0.000264 0.000000 0.001716 
0.001146 0.000216 0.000000 0.001773 
0.001102 0.000217 0.000000 0.001640 
0.001132 0.000231 0.000000 0.001716 
0.001115 0.000209 0.000000 0.001523 
0.001114 0.000224 0.000000 0.001655 
0.001116 0.000223 0.000000 0.001622 
0.001052 0.000210 0.000000 0.001617 
0.001062 0.000203 0.000000 0.001495 
0.001087 0.000212 0.000000 0.001581 
0.001081 0.000241 0.000000 0.001759 
0.001044 0.000204 0.000000 0.001641 
0.001034 0.000201 0.000000 0.001477 
0.001058 0.000177 0.000000 0.001515 
0.001070 0.000197 0.000000 0.001575 
0.001046 0.000153 0.000000 0.001430 
0.001002 0.000169 0.000000 0.001443 
0.001040 0.000212 0.000000 0.001613 
0.001075 0.000183 0.000000 0.001584 
0.001054 0.000191 0.000000 0.001512 
0.001081 0.000197 0.000000 0.001636 
0.001043 0.000182 0.000000 0.001570 
0.001079 0.000214 0.000000 0.001610 
0.001028 0.000234 0.000000 0.001721 
0.001050 0.000210 0.000000 0.001740 
0.001016 0.000226 0.000000 0.001672 
0.001100 0.000244 0.000000 0.001843 
0.001100 0.000214 0.000000 0.001758 
0.001093 0.000203 0.000000 0.001672 
0.001062 0.000236 0.000000 0.001794 
0.001027 0.000208 0.000000 0.001669 
0.001060 0.000196 0.000000 0.001632 
0.001063 0.000196 0.000000 0.001671 
0.001065 0.000223 0.000000 0.001742 
0.001047 0.000206 0.000000 0.001625 
0.001037 0.000198 0.000000 0.001580 
0.001020 0.000212 0.000000 0.001669 
0.000990 0.000197 0.000000 0.001488 
0.001045 0.000206 0.000000 0.001637 
0.000996 0.000198 0.000000 0.001585 
0.001015 0.000182 0.000000 0.001472 
0.000938 0.000169 0.000000 0.001369 
0.001010 0.000196 0.000000 0.001538 
0.000996 0.000197 0.000000 0.001564 
0.001028 0.000196 0.000000 0.001581 
0.001067 0.000199 0.000000 0.001648 
0.000971 0.000172 0.000000 0.001420 
0.001017 0.000188 0.000000 0.001537 
0.000972 0.000200 0.000000 0.001541 
0.001005 0.000158 0.000000 0.001526 
0.001040 0.000187 0.000000 0.001586 
0.001029 0.000205 0.000000 0.001644 
0.001036 0.000167 0.000000 0.001543 
0.000977 0.000177 0.000000 0.001490 
0.000988 0.000194 0.000000 0.001550 
0.001023 0.000201 0.000000 0.001597 
0.000983 0.000168 0.000000 0.001434 
0.000999 0.000192 0.000000 0.001488 
0.001069 0.000197 0.000000 0.001653 
0.001028 0.000185 0.000000 0.001488 
0.001059 0.000194 0.000000 0.001579 
0.001029 0.000195 0.000000 0.001484 
0.001066 0.000185 0.000000 0.001550 
0.001007 0.000197 0.000000 0.001499 
0.001020 0.000183 0.000000 0.001460 
0.001135 0.000206 0.000000 0.001626 
0.001085 0.000221 0.000000 0.001690 
0.001086 0.000213 0.000000 0.001658 
0.001063 0.000211 0.000000 0.001562 
0.001079 0.000232 0.000000 0.001684 
0.001008 0.000196 0.000000 0.001451 
0.001094 0.000200 0.000000 0.001587 
0.000995 0.000167 0.000000 0.001397 
0.001013 0.000168 0.000000 0.001482 
0.000956 0.000162 0.000000 0.001414 
0.001005 0.000210 0.000000 0.001591 
0.000987 0.000215 0.000000 0.001573 
0.000939 0.000199 0.000000 0.001465 
0.000964 0.000169 0.000000 0.001399 
0.001006 0.000212 0.000000 0.001627 
0.000977 0.000194 0.000000 0.001546 
0.000963 0.000193 0.000000 0.001539 
0.000945 0.000204 0.000000 0.001499 
0.000948 0.000173 0.000000 0.001384 
0.000944 0.000186 0.000000 0.001406 
0.000933 0.000209 0.000000 0.001491 
0.001005 0.000214 0.000000 0.001562 
0.001029 0.000202 0.000000 0.001562 
0.000986 0.000226 0.000000 0.001453 
0.001163 0.000275 0.000000 0.002044 
0.000985 0.000214 0.000000 0.001526 
0.001002 0.000250 0.000000 0.001505 
0.001013 0.000256 0.000000 0.001526 
0.001013 0.000224 0.000000 0.001553 
0.001010 0.000231 0.000000 0.001574 
0.001004 0.000192 0.000000 0.001483 
0.001023 0.000261 0.000000 0.001611 
0.001072 0.000218 0.000000 0.001702 
0.000992 0.000223 0.000000 0.001545 
0.001073 0.000230 0.000000 0.001737 
0.001006 0.000213 0.000000 0.001435 
0.000991 0.000224 0.000000 0.001660 
0.001019 0.000251 0.000000 0.001700 
0.000894 0.000196 0.000000 0.001408 
0.000950 0.000233 0.000000 0.001609 
0.000966 0.000236 0.000000 0.001641 
0.000914 0.000220 0.000000 0.001596 
0.000886 0.000210 0.000000 0.001464 
0.000986 0.000252 0.000000 0.001587 
0.000963 0.000206 0.000000 0.001439 
0.000922 0.000194 0.000000 0.001456 
0.000899 0.000181 0.000000 0.001415 
0.000990 0.000208 0.000000 0.001541 
0.000983 0.000178 0.000000 0.001522 
0.000992 0.000207 0.000000 0.001613 
0.001003 0.000199 0.000000 0.001502 
0.000994 0.000208 0.000000 0.001620 
0.001037 0.000187 0.000000 0.001585 
0.001041 0.000198 0.000000 0.001427 
0.000969 0.000208 0.000000 0.001472 
0.000987 0.000192 0.000000 0.001476 
0.001030 0.000203 0.000000 0.001508 
0.000996 0.000220 0.000000 0.001557 
0.000994 0.000189 0.000000 0.001544 
0.001045 0.000185 0.000000 0.001534 
0.001052 0.000196 0.000000 0.001422 
0.001129 0.000229 0.000000 0.001667 
0.001120 0.000219 0.000000 0.001703 
0.001077 0.000234 0.000000 0.001798 
0.001131 0.000256 0.000000 0.001841 
0.001095 0.000252 0.000000 0.001779 
0.001081 0.000221 0.000000 0.001682 
0.001132 0.000254 0.000000 0.001846 
0.001110 0.000247 0.000000 0.001866 
0.001068 0.000216 0.000000 0.001690 
0.001151 0.000229 0.000000 0.001829 
0.001075 0.000234 0.000000 0.001774 
0.001217 0.000252 0.000000 0.001901 
0.001064 0.000234 0.000000 0.001685 
0.001031 0.000256 0.000000 0.001695 
0.001040 0.000227 0.000000 0.001662 
0.001054 0.000208 0.000000 0.001683 
0.001065 0.000225 0.000000 0.001716 
0.001055 0.000216 0.000000 0.001674 
0.001027 0.000228 0.000000 0.001667 
0.001002 0.000212 0.000000 0.001566 
0.001056 0.000217 0.000000 0.001698 
0.000989 0.000212 0.000000 0.001501 
0.001018 0.000208 0.000000 0.001629 
0.001140 0.000281 0.000000 0.002006 
0.001015 0.000184 0.000000 0.001551 
0.001089 0.000258 0.000000 0.001805 
0.001023 0.000205 0.000000 0.001604 
0.001067 0.000209 0.000000 0.001684 
0.001094 0.000248 0.000000 0.001749 
0.001038 0.000264 0.000000 0.001730 
0.001071 0.000273 0.000000 0.001749 
0.001119 0.000257 0.000000 0.001765 
0.001065 0.000234 0.000000 0.001715 
0.001069 0.000247 0.000000 0.001748 
0.001096 0.000278 0.000000 0.001838 
0.001131 0.000277 0.000000 0.001811 
0.001036 0.000227 0.000000 0.001560 
0.001066 0.000273 0.000000 0.001750 
0.001119 0.000275 0.000000 0.001811 
0.001147 0.000284 0.000000 0.001915 
