0.000823 0.000043 0.000720 0.000942 
0.000816 0.000040 0.000697 0.000927 
0.000817 0.000044 0.000708 0.000943 
0.000826 0.000044 0.000675 0.000959 
0.000829 0.000050 0.000718 0.000965 
0.000859 0.000055 0.000680 0.001015 
0.000830 0.000045 0.000727 0.000938 
0.000825 0.000050 0.000680 0.000970 
0.000777 0.000046 0.000671 0.000896 
0.000814 0.000050 0.000718 0.000956 
0.000783 0.000043 0.000649 0.000899 
0.000796 0.000049 0.000715 0.000921 
0.000812 0.000052 0.000696 0.000939 
0.000846 0.000054 0.000707 0.001002 
0.000828 0.000052 0.000693 0.000975 
0.000831 0.000057 0.000715 0.000984 
0.000827 0.000055 0.000724 0.000953 
0.000861 0.000064 0.000672 0.001007 
0.000814 0.000055 0.000668 0.000959 
0.000851 0.000054 0.000752 0.001013 
0.000831 0.000054 0.000729 0.000989 
0.000808 0.000061 0.000647 0.000970 
0.000828 0.000059 0.000640 0.000979 
0.000828 0.000061 0.000723 0.001008 
0.000823 0.000058 0.000665 0.000985 
0.000819 0.000059 0.000712 0.000979 
0.000834 0.000072 0.000599 0.001011 
0.000774 0.000055 0.000632 0.000918 
0.000812 0.000072 0.000653 0.000985 
0.000836 0.000094 0.000626 0.001117 
0.000818 0.000086 0.000633 0.001042 
0.000829 0.000072 0.000650 0.001002 
0.000828 0.000081 0.000694 0.001047 
0.000801 0.000082 0.000630 0.001025 
0.000844 0.000081 0.000647 0.001091 
0.000818 0.000075 0.000669 0.001024 
0.000846 0.000071 0.000683 0.001028 
0.000843 0.000054 0.000718 0.000962 
0.000826 0.000052 0.000706 0.000944 
0.000877 0.000060 0.000706 0.001002 
0.000825 0.000056 0.000703 0.001006 
0.000824 0.000059 0.000670 0.000956 
0.000876 0.000082 0.000711 0.001057 
0.000824 0.000062 0.000677 0.000973 
0.000871 0.000066 0.000668 0.000998 
0.000829 0.000051 0.000681 0.000932 
0.000874 0.000061 0.000727 0.001038 
0.000817 0.000070 0.000670 0.001007 
0.000858 0.000063 0.000730 0.001022 
0.000896 0.000060 0.000779 0.001068 
0.000919 0.000082 0.000787 0.001222 
0.000905 0.000082 0.000766 0.001130 
0.000861 0.000078 0.000723 0.001076 
0.000900 0.000097 0.000768 0.001235 
0.000887 0.000062 0.000775 0.001097 
0.000914 0.000076 0.000748 0.001179 
0.000891 0.000079 0.000725 0.001066 
0.000887 0.000086 0.000720 0.001192 
0.000897 0.000065 0.000741 0.001075 
0.000874 0.000076 0.000734 0.001146 
0.000834 0.000057 0.000659 0.000996 
0.000846 0.000059 0.000616 0.000986 
0.000815 0.000048 0.000680 0.000937 
0.000819 0.000052 0.000688 0.000961 
0.000825 0.000054 0.000678 0.000980 
0.000821 0.000050 0.000715 0.000965 
0.000827 0.000069 0.000659 0.001016 
0.000821 0.000052 0.000703 0.000970 
0.000860 0.000052 0.000669 0.000982 
0.000835 0.000057 0.000596 0.000962 
0.000905 0.000058 0.000692 0.001034 
0.000850 0.000063 0.000684 0.001011 
0.000911 0.000065 0.000759 0.001072 
0.000855 0.000056 0.000698 0.001004 
0.000853 0.000055 0.000700 0.000988 
0.000899 0.000060 0.000720 0.001049 
0.000890 0.000060 0.000694 0.001024 
0.000885 0.000056 0.000715 0.001017 
0.000847 0.000053 0.000692 0.000978 
0.000889 0.000065 0.000691 0.001070 
0.000865 0.000062 0.000706 0.001036 
0.000894 0.000058 0.000750 0.001046 
0.000843 0.000063 0.000647 0.000976 
0.000874 0.000074 0.000695 0.001094 
0.000854 0.000059 0.000708 0.000995 
0.000811 0.000069 0.000644 0.000959 
0.000909 0.000065 0.000684 0.001079 
0.000875 0.000054 0.000730 0.001012 
0.000884 0.000056 0.000768 0.001048 
0.000908 0.000066 0.000799 0.001096 
0.000883 0.000066 0.000652 0.001079 
0.000894 0.000058 0.000769 0.001040 
0.000909 0.000061 0.000739 0.001080 
0.000893 0.000051 0.000737 0.001045 
0.000877 0.000042 0.000756 0.000983 
0.000938 0.000051 0.000797 0.001076 
0.000907 0.000063 0.000748 0.001055 
0.000911 0.000061 0.000724 0.001122 
0.000901 0.000049 0.000791 0.001033 
0.000877 0.000050 0.000710 0.001028 
0.000864 0.000058 0.000758 0.001058 
0.000871 0.000058 0.000763 0.001101 
0.000883 0.000059 0.000758 0.001098 
0.000844 0.000066 0.000711 0.001085 
0.000874 0.000052 0.000758 0.001097 
0.000840 0.000057 0.000726 0.001031 
0.000887 0.000056 0.000774 0.001022 
0.000889 0.000063 0.000737 0.001147 
0.000888 0.000054 0.000747 0.001079 
0.000849 0.000066 0.000736 0.001030 
0.000839 0.000068 0.000702 0.001041 
0.000861 0.000075 0.000745 0.001082 
0.000890 0.000082 0.000727 0.001140 
0.000890 0.000068 0.000791 0.001126 
0.000801 0.000056 0.000697 0.000974 
0.000813 0.000052 0.000701 0.000974 
0.000807 0.000063 0.000685 0.000954 
0.000830 0.000066 0.000696 0.001051 
0.000862 0.000058 0.000733 0.001035 
0.000802 0.000054 0.000695 0.000962 
0.000820 0.000059 0.000701 0.000964 
0.000860 0.000071 0.000696 0.001090 
0.000823 0.000058 0.000709 0.000973 
0.000859 0.000057 0.000744 0.001031 
0.000796 0.000060 0.000703 0.000986 
0.000803 0.000051 0.000686 0.000950 
0.000831 0.000049 0.000732 0.001003 
0.000850 0.000050 0.000713 0.001010 
0.000844 0.000066 0.000708 0.001111 
0.000847 0.000083 0.000670 0.001110 
0.000844 0.000066 0.000702 0.001057 
0.000857 0.000063 0.000723 0.001053 
0.000828 0.000059 0.000691 0.001041 
0.000866 0.000055 0.000714 0.001064 
0.000853 0.000053 0.000687 0.000980 
0.000841 0.000073 0.000641 0.001024 
0.000813 0.000073 0.000666 0.001038 
0.000804 0.000050 0.000702 0.000946 
0.000846 0.000058 0.000713 0.001042 
0.000969 0.000144 0.000745 0.001474 
0.001066 0.000204 0.000850 0.001790 
0.001041 0.000203 0.000793 0.001736 
0.001003 0.000145 0.000777 0.001547 
0.001011 0.000175 0.000786 0.001588 
0.000973 0.000090 0.000769 0.001363 
0.000980 0.000139 0.000807 0.001495 
0.001005 0.000134 0.000835 0.001546 
0.001032 0.000162 0.000784 0.001499 
0.001011 0.000171 0.000806 0.001651 
0.000971 0.000115 0.000803 0.001393 
0.001068 0.000202 0.000763 0.001827 
0.001010 0.000133 0.000840 0.001492 
0.000887 0.000057 0.000723 0.001041 
0.000874 0.000058 0.000690 0.001007 
0.000893 0.000048 0.000742 0.000995 
0.000898 0.000049 0.000782 0.001013 
0.000896 0.000047 0.000798 0.001005 
0.000853 0.000043 0.000740 0.000960 
0.000867 0.000055 0.000739 0.000978 
0.000855 0.000056 0.000703 0.001017 
0.000843 0.000059 0.000691 0.000984 
0.000890 0.000049 0.000720 0.000995 
0.000863 0.000061 0.000722 0.001033 
0.000896 0.000055 0.000716 0.001031 
0.000847 0.000063 0.000709 0.001022 
0.000904 0.000067 0.000685 0.001061 
0.000842 0.000075 0.000688 0.001030 
0.000865 0.000079 0.000668 0.001050 
0.000895 0.000063 0.000713 0.001024 
0.000927 0.000075 0.000760 0.001136 
0.000917 0.000073 0.000724 0.001113 
0.000894 0.000057 0.000779 0.001072 
0.000871 0.000059 0.000672 0.001047 
0.000889 0.000072 0.000716 0.001081 
0.000923 0.000071 0.000789 0.001099 
0.000903 0.000054 0.000773 0.001076 
0.000860 0.000072 0.000677 0.001016 
0.000937 0.000084 0.000697 0.001131 
0.000859 0.000057 0.000749 0.000968 
0.000963 0.000058 0.000749 0.001140 
0.000847 0.000069 0.000706 0.000999 
0.000942 0.000061 0.000812 0.001131 
0.000959 0.000063 0.000813 0.001157 
0.000909 0.000074 0.000764 0.001196 
0.000884 0.000059 0.000752 0.001118 
0.000979 0.000063 0.000839 0.001217 
0.000892 0.000062 0.000742 0.001059 
0.000889 0.000071 0.000740 0.001086 
0.000904 0.000055 0.000783 0.001056 
0.000861 0.000047 0.000736 0.000983 
0.000824 0.000059 0.000713 0.000960 
0.000877 0.000055 0.000765 0.001030 
