0.001274 0.000336 0.000000 0.002367 
0.001303 0.000352 0.000000 0.002458 
0.001274 0.000299 0.000000 0.002263 
0.001325 0.000376 0.000000 0.002457 
0.001286 0.000353 0.000000 0.002463 
0.001311 0.000365 0.000000 0.002491 
0.001267 0.000315 0.000000 0.002286 
0.001261 0.000314 0.000000 0.002272 
0.001268 0.000332 0.000000 0.002303 
0.001205 0.000295 0.000000 0.002256 
0.001275 0.000323 0.000000 0.002332 
0.001225 0.000309 0.000000 0.002331 
0.001324 0.000379 0.000000 0.002640 
0.001234 0.000329 0.000000 0.002558 
0.001234 0.000276 0.000000 0.002158 
0.001249 0.000303 0.000000 0.002510 
0.001269 0.000314 0.000000 0.002325 
0.001193 0.000257 0.000000 0.002253 
0.001209 0.000301 0.000000 0.002435 
0.001225 0.000282 0.000000 0.002200 
0.001197 0.000286 0.000000 0.002365 
0.001239 0.000334 0.000000 0.002463 
0.001261 0.000326 0.000000 0.002411 
0.001278 0.000338 0.000000 0.002373 
0.001232 0.000312 0.000000 0.002300 
0.001285 0.000358 0.000000 0.002833 
0.001443 0.000308 0.000000 0.002370 
0.001485 0.000346 0.000000 0.002553 
0.001447 0.000338 0.000000 0.002700 
0.001504 0.000379 0.000000 0.002701 
0.001498 0.000391 0.000000 0.002772 
0.001511 0.000351 0.000000 0.002630 
0.001511 0.000356 0.000000 0.002713 
0.001480 0.000364 0.000000 0.002501 
0.001500 0.000364 0.000000 0.002575 
0.001460 0.000330 0.000000 0.002589 
0.001446 0.000328 0.000000 0.002545 
0.001269 0.000298 0.000000 0.002302 
0.001314 0.000327 0.000000 0.002405 
0.001298 0.000314 0.000000 0.002397 
0.001310 0.000309 0.000000 0.002212 
0.001309 0.000324 0.000000 0.002475 
0.001229 0.000282 0.000000 0.002439 
0.001254 0.000325 0.000000 0.002403 
0.001275 0.000306 0.000000 0.002247 
0.001276 0.000310 0.000000 0.002334 
0.001298 0.000323 0.000000 0.002333 
0.001249 0.000304 0.000000 0.002263 
0.001232 0.000289 0.000000 0.002230 
0.001249 0.000274 0.000000 0.002075 
0.001240 0.000259 0.000000 0.002119 
0.001239 0.000268 0.000000 0.002059 
0.001261 0.000268 0.000000 0.002037 
0.001273 0.000281 0.000000 0.002059 
0.001255 0.000251 0.000000 0.001984 
0.001247 0.000259 0.000000 0.002061 
0.001270 0.000277 0.000000 0.002038 
0.001263 0.000273 0.000000 0.002123 
0.001204 0.000243 0.000000 0.002134 
0.001233 0.000255 0.000000 0.002011 
0.001351 0.000331 0.000000 0.002435 
0.001337 0.000327 0.000000 0.002377 
0.001394 0.000409 0.000000 0.002681 
0.001388 0.000390 0.000000 0.002654 
0.001371 0.000364 0.000000 0.002637 
0.001407 0.000395 0.000000 0.002479 
0.001393 0.000419 0.000000 0.002783 
0.001351 0.000376 0.000000 0.002515 
0.001366 0.000373 0.000000 0.002675 
0.001330 0.000367 0.000000 0.002481 
0.001261 0.000286 0.000000 0.002255 
0.001361 0.000337 0.000000 0.002441 
0.001236 0.000276 0.000000 0.002219 
0.001308 0.000288 0.000000 0.002196 
0.001278 0.000296 0.000000 0.002232 
0.001293 0.000313 0.000000 0.002475 
0.001285 0.000310 0.000000 0.002387 
0.001275 0.000297 0.000000 0.002458 
0.001316 0.000347 0.000000 0.002587 
0.001317 0.000314 0.000000 0.002435 
0.001284 0.000303 0.000000 0.002377 
0.001294 0.000302 0.000000 0.002398 
0.001216 0.000246 0.000000 0.002089 
0.001259 0.000261 0.000000 0.002303 
0.001342 0.000312 0.000000 0.002414 
0.001346 0.000307 0.000000 0.002409 
0.001432 0.000352 0.000000 0.002451 
0.001390 0.000350 0.000000 0.002517 
0.001419 0.000359 0.000000 0.002560 
0.001426 0.000366 0.000000 0.002684 
0.001446 0.000356 0.000000 0.002495 
0.001431 0.000359 0.000000 0.002570 
0.001451 0.000381 0.000000 0.002528 
0.001412 0.000365 0.000000 0.002650 
0.001382 0.000341 0.000000 0.002437 
0.001444 0.000395 0.000000 0.002560 
0.001443 0.000384 0.000000 0.002668 
0.001467 0.000390 0.000000 0.002566 
0.001361 0.000353 0.000000 0.002728 
0.001404 0.000329 0.000000 0.002567 
0.001290 0.000320 0.000000 0.002411 
0.001334 0.000338 0.000000 0.002377 
0.001232 0.000277 0.000000 0.002061 
0.001308 0.000268 0.000000 0.002211 
0.001217 0.000266 0.000000 0.001994 
0.001332 0.000316 0.000000 0.002249 
0.001316 0.000305 0.000000 0.002310 
0.001280 0.000271 0.000000 0.002328 
0.001253 0.000300 0.000000 0.002393 
0.001326 0.000334 0.000000 0.002414 
0.001284 0.000293 0.000000 0.002287 
0.001327 0.000311 0.000000 0.002372 
0.001315 0.000321 0.000000 0.002275 
0.001332 0.000316 0.000000 0.002532 
0.001255 0.000279 0.000000 0.002004 
0.001349 0.000370 0.000000 0.002768 
0.001266 0.000293 0.000000 0.002214 
0.001230 0.000258 0.000000 0.001950 
0.001318 0.000338 0.000000 0.002444 
0.001223 0.000285 0.000000 0.002125 
0.001249 0.000327 0.000000 0.002233 
0.001196 0.000256 0.000000 0.002032 
0.001229 0.000258 0.000000 0.001902 
0.001307 0.000331 0.000000 0.002456 
0.001312 0.000316 0.000000 0.002241 
0.001290 0.000323 0.000000 0.002582 
0.001240 0.000287 0.000000 0.002079 
0.001298 0.000380 0.000000 0.002584 
0.001370 0.000373 0.000000 0.002470 
0.001329 0.000393 0.000000 0.002609 
0.001347 0.000361 0.000000 0.002413 
0.001290 0.000337 0.000000 0.002306 
0.001271 0.000342 0.000000 0.002337 
0.001244 0.000353 0.000000 0.002445 
0.001293 0.000325 0.000000 0.002292 
0.001264 0.000381 0.000000 0.002522 
0.001300 0.000354 0.000000 0.002589 
0.001328 0.000401 0.000000 0.002461 
0.001288 0.000324 0.000000 0.002377 
0.001219 0.000260 0.000000 0.002137 
0.001178 0.000249 0.000000 0.001965 
0.001202 0.000271 0.000000 0.002136 
0.001176 0.000250 0.000000 0.001962 
0.001152 0.000234 0.000000 0.001936 
0.001245 0.000289 0.000000 0.002248 
0.001221 0.000285 0.000000 0.002079 
0.001227 0.000260 0.000000 0.001990 
0.001271 0.000295 0.000000 0.002217 
0.001220 0.000261 0.000000 0.002087 
0.001177 0.000262 0.000000 0.001930 
0.001223 0.000267 0.000000 0.002113 
0.001214 0.000285 0.000000 0.002095 
0.001215 0.000274 0.000000 0.002175 
0.001230 0.000276 0.000000 0.002137 
0.001218 0.000257 0.000000 0.002183 
0.001229 0.000261 0.000000 0.002093 
0.001252 0.000297 0.000000 0.002143 
0.001204 0.000273 0.000000 0.002215 
0.001262 0.000317 0.000000 0.002375 
0.001237 0.000305 0.000000 0.002304 
0.001200 0.000290 0.000000 0.002233 
0.001233 0.000286 0.000000 0.002255 
0.001197 0.000276 0.000000 0.002174 
0.001283 0.000317 0.000000 0.002388 
0.001206 0.000289 0.000000 0.002324 
0.001182 0.000273 0.000000 0.002335 
0.001175 0.000266 0.000000 0.002015 
0.001186 0.000264 0.000000 0.002177 
0.001181 0.000238 0.000000 0.002132 
0.001239 0.000313 0.000000 0.002264 
0.001200 0.000254 0.000000 0.002233 
0.001199 0.000291 0.000000 0.002156 
0.001197 0.000289 0.000000 0.002422 
0.001137 0.000248 0.000000 0.002087 
0.001177 0.000258 0.000000 0.002013 
0.001207 0.000276 0.000000 0.002223 
0.001143 0.000244 0.000000 0.001990 
0.001206 0.000287 0.000000 0.002240 
0.001160 0.000240 0.000000 0.002099 
0.001296 0.000314 0.000000 0.002355 
0.001340 0.000342 0.000000 0.002363 
0.001279 0.000289 0.000000 0.002183 
0.001335 0.000320 0.000000 0.002268 
0.001311 0.000298 0.000000 0.002250 
0.001342 0.000374 0.000000 0.002635 
0.001269 0.000291 0.000000 0.002131 
0.001276 0.000295 0.000000 0.002192 
0.001352 0.000339 0.000000 0.002350 
0.001256 0.000290 0.000000 0.002281 
0.001306 0.000372 0.000000 0.002463 
0.001346 0.000325 0.000000 0.002576 
0.001333 0.000346 0.000000 0.002599 
