0.000794 0.000066 0.000000 0.001121 
0.000807 0.000055 0.000000 0.001257 
0.000793 0.000061 0.000000 0.001198 
0.000784 0.000069 0.000000 0.001312 
0.000783 0.000065 0.000000 0.001257 
0.000800 0.000072 0.000000 0.001045 
0.000779 0.000055 0.000000 0.001158 
0.000771 0.000056 0.000000 0.001282 
0.000772 0.000062 0.000000 0.001283 
0.000750 0.000052 0.000000 0.001174 
0.000767 0.000053 0.000000 0.001174 
0.000765 0.000059 0.000000 0.001106 
0.000801 0.000059 0.000000 0.001094 
0.000777 0.000062 0.000000 0.001000 
0.000773 0.000046 0.000000 0.001073 
0.000802 0.000062 0.000000 0.001032 
0.000794 0.000063 0.000000 0.001273 
0.000784 0.000056 0.000000 0.001135 
0.000785 0.000078 0.000000 0.001039 
0.000776 0.000051 0.000000 0.001045 
0.000780 0.000056 0.000000 0.001021 
0.000777 0.000072 0.000000 0.001180 
0.000777 0.000058 0.000000 0.001165 
0.000770 0.000051 0.000000 0.001133 
0.000777 0.000057 0.000000 0.001215 
0.000777 0.000058 0.000000 0.001174 
0.000845 0.000081 0.000000 0.001332 
0.000816 0.000061 0.000000 0.001278 
0.000780 0.000072 0.000000 0.001277 
0.000820 0.000060 0.000000 0.001244 
0.000832 0.000062 0.000000 0.001343 
0.000835 0.000072 0.000000 0.001213 
0.000794 0.000076 0.000000 0.001346 
0.000782 0.000062 0.000000 0.001221 
0.000825 0.000056 0.000000 0.001211 
0.000786 0.000055 0.000000 0.001132 
0.000816 0.000079 0.000000 0.001297 
0.000790 0.000069 0.000000 0.001205 
0.000818 0.000054 0.000000 0.001154 
0.000862 0.000087 0.000000 0.001149 
0.000828 0.000080 0.000000 0.001133 
0.000797 0.000059 0.000000 0.001150 
0.000801 0.000082 0.000000 0.001105 
0.000784 0.000083 0.000000 0.001147 
0.000853 0.000095 0.000000 0.001178 
0.000801 0.000074 0.000000 0.001160 
0.000817 0.000067 0.000000 0.001077 
0.000825 0.000087 0.000000 0.001150 
0.000832 0.000090 0.000000 0.001183 
0.000792 0.000092 0.000000 0.001210 
0.000773 0.000071 0.000000 0.001201 
0.000792 0.000087 0.000000 0.001383 
0.000804 0.000093 0.000000 0.001357 
0.000821 0.000072 0.000000 0.001165 
0.000801 0.000074 0.000000 0.001294 
0.000778 0.000086 0.000000 0.001252 
0.000809 0.000071 0.000000 0.001175 
0.000805 0.000083 0.000000 0.001209 
0.000813 0.000073 0.000000 0.001179 
0.000786 0.000075 0.000000 0.001302 
0.000818 0.000099 0.000000 0.001198 
0.000820 0.000104 0.000000 0.001345 
0.000811 0.000095 0.000000 0.001255 
0.000812 0.000107 0.000000 0.001161 
0.000822 0.000123 0.000000 0.001259 
0.000822 0.000107 0.000000 0.001157 
0.000813 0.000118 0.000000 0.001336 
0.000771 0.000097 0.000000 0.001146 
0.000792 0.000095 0.000000 0.001247 
0.000801 0.000109 0.000000 0.001421 
0.000788 0.000072 0.000000 0.001255 
0.000749 0.000055 0.000000 0.001216 
0.000752 0.000038 0.000000 0.001023 
0.000763 0.000061 0.000000 0.001182 
0.000723 0.000065 0.000000 0.001148 
0.000755 0.000052 0.000000 0.001079 
0.000761 0.000053 0.000000 0.001094 
0.000779 0.000064 0.000000 0.001181 
0.000745 0.000053 0.000000 0.001186 
0.000724 0.000051 0.000000 0.001043 
0.000738 0.000057 0.000000 0.001067 
0.000765 0.000048 0.000000 0.001157 
0.000733 0.000057 0.000000 0.000988 
0.000757 0.000079 0.000000 0.001187 
0.000747 0.000048 0.000000 0.001178 
0.000762 0.000050 0.000000 0.001235 
0.000754 0.000050 0.000000 0.000992 
0.000739 0.000054 0.000000 0.001099 
0.000766 0.000054 0.000000 0.000990 
0.000725 0.000051 0.000000 0.001082 
0.000755 0.000055 0.000000 0.001007 
0.000776 0.000069 0.000000 0.001183 
0.000770 0.000052 0.000000 0.001090 
0.000791 0.000062 0.000000 0.001224 
0.000752 0.000057 0.000000 0.001152 
0.000771 0.000069 0.000000 0.001189 
0.000758 0.000057 0.000000 0.000940 
0.000794 0.000082 0.000000 0.001093 
0.000750 0.000072 0.000000 0.001039 
0.000762 0.000060 0.000000 0.000967 
0.000815 0.000087 0.000000 0.001123 
0.000842 0.000082 0.000000 0.001138 
0.000761 0.000060 0.000000 0.001137 
0.000832 0.000072 0.000000 0.001076 
0.000811 0.000102 0.000000 0.001099 
0.000804 0.000075 0.000000 0.001243 
0.000800 0.000074 0.000000 0.001202 
0.000789 0.000067 0.000000 0.001148 
0.000780 0.000079 0.000000 0.001110 
0.000786 0.000061 0.000000 0.001018 
0.000824 0.000078 0.000000 0.001075 
0.000831 0.000078 0.000000 0.001088 
0.000824 0.000073 0.000000 0.001208 
0.000865 0.000079 0.000000 0.001237 
0.000757 0.000081 0.000000 0.001090 
0.000826 0.000199 0.000000 0.001641 
0.000716 0.000051 0.000000 0.001049 
0.000692 0.000061 0.000000 0.001045 
0.000745 0.000086 0.000000 0.001099 
0.000722 0.000089 0.000000 0.001110 
0.000774 0.000117 0.000000 0.001169 
0.000728 0.000077 0.000000 0.001056 
0.000730 0.000068 0.000000 0.001076 
0.000744 0.000100 0.000000 0.001459 
0.000709 0.000057 0.000000 0.001090 
0.000769 0.000179 0.000000 0.001576 
0.000741 0.000106 0.000000 0.001143 
0.000797 0.000093 0.000000 0.001393 
0.000801 0.000076 0.000000 0.001184 
0.000744 0.000069 0.000000 0.001272 
0.000793 0.000070 0.000000 0.001279 
0.000793 0.000108 0.000000 0.001247 
0.000762 0.000092 0.000000 0.001320 
0.000766 0.000093 0.000000 0.001251 
0.000760 0.000084 0.000000 0.001170 
0.000781 0.000106 0.000000 0.001263 
0.000787 0.000079 0.000000 0.001195 
0.000768 0.000071 0.000000 0.001185 
0.000862 0.000103 0.000000 0.001305 
0.000784 0.000076 0.000000 0.001116 
0.000755 0.000064 0.000000 0.001137 
0.000767 0.000061 0.000000 0.001049 
0.000771 0.000090 0.000000 0.001087 
0.000750 0.000063 0.000000 0.001084 
0.000773 0.000084 0.000000 0.001207 
0.000768 0.000083 0.000000 0.000981 
0.000788 0.000091 0.000000 0.001017 
0.000826 0.000099 0.000000 0.001147 
0.000776 0.000084 0.000000 0.001143 
0.000762 0.000076 0.000000 0.001036 
0.000803 0.000088 0.000000 0.001067 
0.000807 0.000101 0.000000 0.001165 
0.000791 0.000073 0.000000 0.001186 
0.000813 0.000055 0.000000 0.001131 
0.000747 0.000047 0.000000 0.001112 
0.000792 0.000066 0.000000 0.001236 
0.000756 0.000060 0.000000 0.001088 
0.000747 0.000044 0.000000 0.001142 
0.000777 0.000058 0.000000 0.001090 
0.000750 0.000050 0.000000 0.001200 
0.000728 0.000045 0.000000 0.001136 
0.000730 0.000050 0.000000 0.001211 
0.000720 0.000054 0.000000 0.001177 
0.000806 0.000072 0.000000 0.001273 
0.000736 0.000066 0.000000 0.001209 
0.000812 0.000084 0.000000 0.001062 
0.000804 0.000079 0.000000 0.001222 
0.000788 0.000071 0.000000 0.001261 
0.000804 0.000079 0.000000 0.001170 
0.000798 0.000079 0.000000 0.001223 
0.000809 0.000070 0.000000 0.001065 
0.000795 0.000080 0.000000 0.001158 
0.000811 0.000096 0.000000 0.001233 
0.000816 0.000089 0.000000 0.001078 
0.000810 0.000067 0.000000 0.001070 
0.000809 0.000086 0.000000 0.001266 
0.000774 0.000068 0.000000 0.001054 
0.000804 0.000084 0.000000 0.001202 
0.000813 0.000082 0.000000 0.001083 
0.000770 0.000082 0.000000 0.001329 
0.000753 0.000082 0.000000 0.001350 
0.000760 0.000077 0.000000 0.001440 
0.000779 0.000068 0.000000 0.001314 
0.000806 0.000090 0.000000 0.001387 
0.000757 0.000057 0.000000 0.001177 
0.000797 0.000122 0.000000 0.001573 
0.000763 0.000084 0.000000 0.001322 
0.000766 0.000080 0.000000 0.001410 
0.000763 0.000098 0.000000 0.001391 
0.000762 0.000095 0.000000 0.001403 
0.000777 0.000070 0.000000 0.001161 
0.000776 0.000094 0.000000 0.001446 
