0.000804 0.000076 0.000000 0.001105 
0.000824 0.000087 0.000000 0.001341 
0.000819 0.000081 0.000000 0.001323 
0.000801 0.000072 0.000000 0.001344 
0.000784 0.000072 0.000000 0.001343 
0.000811 0.000073 0.000000 0.001112 
0.000804 0.000064 0.000000 0.001187 
0.000795 0.000073 0.000000 0.001404 
0.000805 0.000068 0.000000 0.001365 
0.000771 0.000064 0.000000 0.001221 
0.000823 0.000073 0.000000 0.001372 
0.000780 0.000081 0.000000 0.001239 
0.000809 0.000083 0.000000 0.001249 
0.000818 0.000096 0.000000 0.001247 
0.000798 0.000081 0.000000 0.001368 
0.000857 0.000102 0.000000 0.001287 
0.000835 0.000104 0.000000 0.001544 
0.000803 0.000085 0.000000 0.001216 
0.000838 0.000101 0.000000 0.001213 
0.000798 0.000071 0.000000 0.001192 
0.000831 0.000099 0.000000 0.001280 
0.000803 0.000084 0.000000 0.001355 
0.000816 0.000091 0.000000 0.001529 
0.000815 0.000108 0.000000 0.001736 
0.000823 0.000091 0.000000 0.001474 
0.000821 0.000103 0.000000 0.001503 
0.000824 0.000087 0.000000 0.001425 
0.000847 0.000116 0.000000 0.001416 
0.000818 0.000110 0.000000 0.001467 
0.000822 0.000092 0.000000 0.001345 
0.000861 0.000113 0.000000 0.001312 
0.000822 0.000091 0.000000 0.001503 
0.000818 0.000117 0.000000 0.001539 
0.000801 0.000111 0.000000 0.001611 
0.000845 0.000095 0.000000 0.001299 
0.000815 0.000119 0.000000 0.001502 
0.000804 0.000096 0.000000 0.001525 
0.000829 0.000090 0.000000 0.001229 
0.000845 0.000076 0.000000 0.001244 
0.000837 0.000082 0.000000 0.001373 
0.000829 0.000088 0.000000 0.001374 
0.000854 0.000092 0.000000 0.001281 
0.000812 0.000099 0.000000 0.001262 
0.000809 0.000104 0.000000 0.001415 
0.000828 0.000073 0.000000 0.001320 
0.000829 0.000089 0.000000 0.001308 
0.000853 0.000114 0.000000 0.001629 
0.000800 0.000073 0.000000 0.001310 
0.000820 0.000080 0.000000 0.001403 
0.000805 0.000090 0.000000 0.001383 
0.000808 0.000090 0.000000 0.001236 
0.000803 0.000103 0.000000 0.001321 
0.000822 0.000125 0.000000 0.001564 
0.000819 0.000099 0.000000 0.001543 
0.000806 0.000093 0.000000 0.001392 
0.000802 0.000111 0.000000 0.001467 
0.000806 0.000078 0.000000 0.001380 
0.000804 0.000092 0.000000 0.001444 
0.000813 0.000081 0.000000 0.001324 
0.000782 0.000078 0.000000 0.001170 
0.000856 0.000132 0.000000 0.001473 
0.000874 0.000121 0.000000 0.001298 
0.000893 0.000158 0.000000 0.001461 
0.000856 0.000149 0.000000 0.001505 
0.000842 0.000131 0.000000 0.001401 
0.000842 0.000136 0.000000 0.001541 
0.000867 0.000157 0.000000 0.001382 
0.000830 0.000124 0.000000 0.001340 
0.000850 0.000134 0.000000 0.001361 
0.000832 0.000123 0.000000 0.001338 
0.000791 0.000082 0.000000 0.001319 
0.000798 0.000088 0.000000 0.001347 
0.000773 0.000071 0.000000 0.001189 
0.000780 0.000093 0.000000 0.001405 
0.000769 0.000111 0.000000 0.001492 
0.000751 0.000083 0.000000 0.001145 
0.000767 0.000074 0.000000 0.001275 
0.000774 0.000084 0.000000 0.001258 
0.000786 0.000094 0.000000 0.001311 
0.000768 0.000089 0.000000 0.001413 
0.000771 0.000087 0.000000 0.001395 
0.000790 0.000090 0.000000 0.001252 
0.000721 0.000067 0.000000 0.001066 
0.000754 0.000094 0.000000 0.001288 
0.000773 0.000085 0.000000 0.001268 
0.000813 0.000092 0.000000 0.001310 
0.000797 0.000092 0.000000 0.001553 
0.000755 0.000064 0.000000 0.001096 
0.000792 0.000085 0.000000 0.001463 
0.000789 0.000088 0.000000 0.001241 
0.000802 0.000113 0.000000 0.001570 
0.000809 0.000090 0.000000 0.001198 
0.000795 0.000081 0.000000 0.001360 
0.000792 0.000074 0.000000 0.001324 
0.000767 0.000057 0.000000 0.001232 
0.000773 0.000097 0.000000 0.001601 
0.000777 0.000100 0.000000 0.001446 
0.000810 0.000130 0.000000 0.001715 
0.000751 0.000074 0.000000 0.001084 
0.000763 0.000071 0.000000 0.001193 
0.000867 0.000108 0.000000 0.001388 
0.000877 0.000152 0.000000 0.001736 
0.000792 0.000100 0.000000 0.001342 
0.000877 0.000094 0.000000 0.001349 
0.000808 0.000073 0.000000 0.001280 
0.000848 0.000147 0.000000 0.001584 
0.000859 0.000123 0.000000 0.001412 
0.000804 0.000085 0.000000 0.001325 
0.000839 0.000106 0.000000 0.001313 
0.000822 0.000098 0.000000 0.001502 
0.000859 0.000089 0.000000 0.001406 
0.000852 0.000110 0.000000 0.001585 
0.000873 0.000110 0.000000 0.001548 
0.000897 0.000106 0.000000 0.001355 
0.000744 0.000082 0.000000 0.001333 
0.000833 0.000208 0.000000 0.001850 
0.000721 0.000089 0.000000 0.001191 
0.000708 0.000079 0.000000 0.001228 
0.000770 0.000098 0.000000 0.001428 
0.000701 0.000073 0.000000 0.001206 
0.000769 0.000117 0.000000 0.001419 
0.000728 0.000098 0.000000 0.001305 
0.000742 0.000096 0.000000 0.001327 
0.000800 0.000256 0.000000 0.002154 
0.000732 0.000103 0.000000 0.001267 
0.000747 0.000123 0.000000 0.001597 
0.000727 0.000101 0.000000 0.001365 
0.000806 0.000122 0.000000 0.001425 
0.000830 0.000124 0.000000 0.001533 
0.000803 0.000124 0.000000 0.001349 
0.000840 0.000132 0.000000 0.001584 
0.000797 0.000094 0.000000 0.001434 
0.000780 0.000111 0.000000 0.001260 
0.000803 0.000119 0.000000 0.001408 
0.000781 0.000111 0.000000 0.001568 
0.000800 0.000136 0.000000 0.001689 
0.000802 0.000099 0.000000 0.001241 
0.000810 0.000129 0.000000 0.001593 
0.000827 0.000109 0.000000 0.001496 
0.000820 0.000103 0.000000 0.001220 
0.000813 0.000103 0.000000 0.001201 
0.000801 0.000115 0.000000 0.001325 
0.000767 0.000094 0.000000 0.001302 
0.000774 0.000084 0.000000 0.001150 
0.000825 0.000128 0.000000 0.001316 
0.000793 0.000101 0.000000 0.001444 
0.000794 0.000098 0.000000 0.001366 
0.000821 0.000099 0.000000 0.001195 
0.000789 0.000115 0.000000 0.001308 
0.000779 0.000103 0.000000 0.001395 
0.000811 0.000116 0.000000 0.001399 
0.000794 0.000114 0.000000 0.001497 
0.000826 0.000073 0.000000 0.001264 
0.000805 0.000059 0.000000 0.001154 
0.000786 0.000067 0.000000 0.001226 
0.000815 0.000069 0.000000 0.001271 
0.000789 0.000066 0.000000 0.001258 
0.000786 0.000086 0.000000 0.001271 
0.000795 0.000075 0.000000 0.001329 
0.000797 0.000084 0.000000 0.001296 
0.000765 0.000081 0.000000 0.001319 
0.000781 0.000079 0.000000 0.001365 
0.000765 0.000072 0.000000 0.001308 
0.000836 0.000076 0.000000 0.001295 
0.000763 0.000090 0.000000 0.001400 
0.000826 0.000118 0.000000 0.001420 
0.000825 0.000124 0.000000 0.001525 
0.000814 0.000075 0.000000 0.001250 
0.000841 0.000091 0.000000 0.001279 
0.000832 0.000098 0.000000 0.001347 
0.000840 0.000091 0.000000 0.001158 
0.000814 0.000094 0.000000 0.001333 
0.000839 0.000083 0.000000 0.001234 
0.000828 0.000094 0.000000 0.001284 
0.000821 0.000091 0.000000 0.001374 
0.000826 0.000109 0.000000 0.001472 
0.000798 0.000101 0.000000 0.001439 
0.000820 0.000101 0.000000 0.001461 
0.000820 0.000094 0.000000 0.001260 
0.000821 0.000106 0.000000 0.001444 
0.000797 0.000097 0.000000 0.001485 
0.000788 0.000099 0.000000 0.001539 
0.000812 0.000117 0.000000 0.001702 
0.000822 0.000081 0.000000 0.001369 
0.000813 0.000146 0.000000 0.001917 
0.000809 0.000085 0.000000 0.001381 
0.000810 0.000112 0.000000 0.001441 
0.000792 0.000085 0.000000 0.001503 
0.000785 0.000072 0.000000 0.001335 
0.000796 0.000085 0.000000 0.001479 
0.000819 0.000118 0.000000 0.001461 
0.000801 0.000095 0.000000 0.001494 
