0.001016 0.000102 0.000742 0.001481 
0.000970 0.000085 0.000750 0.001310 
0.000965 0.000085 0.000706 0.001269 
0.001000 0.000102 0.000734 0.001424 
0.000988 0.000107 0.000694 0.001422 
0.000995 0.000102 0.000721 0.001497 
0.000981 0.000090 0.000736 0.001284 
0.001001 0.000087 0.000727 0.001330 
0.000967 0.000087 0.000740 0.001330 
0.000982 0.000094 0.000730 0.001309 
0.000966 0.000085 0.000729 0.001327 
0.000954 0.000086 0.000699 0.001286 
0.000999 0.000104 0.000676 0.001381 
0.001025 0.000100 0.000729 0.001487 
0.001013 0.000093 0.000749 0.001383 
0.001002 0.000088 0.000752 0.001320 
0.001017 0.000085 0.000757 0.001327 
0.001028 0.000084 0.000759 0.001333 
0.001004 0.000094 0.000699 0.001407 
0.001040 0.000112 0.000730 0.001522 
0.001034 0.000107 0.000737 0.001578 
0.001023 0.000095 0.000728 0.001413 
0.001005 0.000092 0.000735 0.001445 
0.001022 0.000098 0.000728 0.001407 
0.001004 0.000084 0.000729 0.001272 
0.000996 0.000088 0.000744 0.001370 
0.000980 0.000079 0.000757 0.001358 
0.000966 0.000086 0.000686 0.001331 
0.000999 0.000106 0.000660 0.001463 
0.001035 0.000098 0.000761 0.001494 
0.001038 0.000121 0.000700 0.001736 
0.001036 0.000106 0.000753 0.001567 
0.001001 0.000102 0.000715 0.001458 
0.000983 0.000089 0.000723 0.001463 
0.001025 0.000103 0.000727 0.001696 
0.001012 0.000103 0.000718 0.001571 
0.001001 0.000104 0.000713 0.001479 
0.000981 0.000077 0.000780 0.001286 
0.000985 0.000085 0.000752 0.001327 
0.000985 0.000086 0.000760 0.001297 
0.000987 0.000083 0.000766 0.001317 
0.000993 0.000091 0.000767 0.001427 
0.000980 0.000077 0.000770 0.001259 
0.000975 0.000082 0.000729 0.001417 
0.000988 0.000078 0.000785 0.001238 
0.000980 0.000081 0.000757 0.001254 
0.000976 0.000079 0.000767 0.001215 
0.000978 0.000087 0.000766 0.001323 
0.000984 0.000070 0.000768 0.001180 
0.001042 0.000141 0.000780 0.001852 
0.001047 0.000155 0.000724 0.001870 
0.001066 0.000159 0.000785 0.001930 
0.001040 0.000145 0.000797 0.001765 
0.001061 0.000148 0.000766 0.001901 
0.001059 0.000140 0.000777 0.001880 
0.001054 0.000154 0.000765 0.001951 
0.001042 0.000138 0.000785 0.001853 
0.001050 0.000155 0.000750 0.001867 
0.001056 0.000145 0.000790 0.001847 
0.001060 0.000141 0.000754 0.001852 
0.000944 0.000097 0.000742 0.001403 
0.000943 0.000102 0.000703 0.001460 
0.000944 0.000118 0.000684 0.001557 
0.000953 0.000106 0.000687 0.001388 
0.000929 0.000105 0.000668 0.001482 
0.000947 0.000114 0.000694 0.001549 
0.000936 0.000113 0.000679 0.001504 
0.000919 0.000119 0.000661 0.001541 
0.000935 0.000117 0.000691 0.001544 
0.000920 0.000114 0.000664 0.001495 
0.000971 0.000112 0.000718 0.001788 
0.000986 0.000124 0.000736 0.001706 
0.000966 0.000116 0.000738 0.001742 
0.000994 0.000110 0.000752 0.001659 
0.000970 0.000116 0.000713 0.001815 
0.000990 0.000122 0.000709 0.001736 
0.001003 0.000117 0.000757 0.001666 
0.000980 0.000112 0.000711 0.001661 
0.000967 0.000123 0.000702 0.001778 
0.001000 0.000124 0.000747 0.001731 
0.000980 0.000131 0.000730 0.001835 
0.000993 0.000129 0.000754 0.001746 
0.000978 0.000113 0.000733 0.001748 
0.000974 0.000110 0.000757 0.001695 
0.000987 0.000119 0.000746 0.001759 
0.000965 0.000109 0.000709 0.001570 
0.001044 0.000105 0.000765 0.001619 
0.001025 0.000086 0.000763 0.001439 
0.001039 0.000102 0.000773 0.001491 
0.001032 0.000101 0.000733 0.001560 
0.001038 0.000101 0.000780 0.001505 
0.001063 0.000108 0.000762 0.001557 
0.001039 0.000097 0.000785 0.001453 
0.001039 0.000103 0.000731 0.001482 
0.001022 0.000097 0.000769 0.001453 
0.001014 0.000113 0.000744 0.001522 
0.001023 0.000095 0.000731 0.001580 
0.001066 0.000106 0.000753 0.001637 
0.001040 0.000100 0.000758 0.001504 
0.001014 0.000090 0.000752 0.001452 
0.001056 0.000194 0.000740 0.002184 
0.001055 0.000195 0.000764 0.002230 
0.001093 0.000222 0.000769 0.002247 
0.001045 0.000166 0.000681 0.001984 
0.001062 0.000189 0.000773 0.002047 
0.001061 0.000204 0.000753 0.002163 
0.001043 0.000187 0.000752 0.002082 
0.001043 0.000205 0.000725 0.002233 
0.001048 0.000217 0.000745 0.002198 
0.001082 0.000227 0.000768 0.002361 
0.001045 0.000196 0.000747 0.002165 
0.001065 0.000208 0.000783 0.002306 
0.001080 0.000233 0.000722 0.002358 
0.001045 0.000203 0.000705 0.002222 
0.000968 0.000121 0.000747 0.001437 
0.001024 0.000133 0.000744 0.001543 
0.000981 0.000144 0.000691 0.001614 
0.001030 0.000142 0.000685 0.001604 
0.000990 0.000124 0.000692 0.001464 
0.000993 0.000136 0.000672 0.001548 
0.000957 0.000131 0.000678 0.001427 
0.000971 0.000136 0.000720 0.001482 
0.000968 0.000112 0.000725 0.001394 
0.000953 0.000137 0.000641 0.001403 
0.000998 0.000125 0.000726 0.001488 
0.000990 0.000137 0.000728 0.001632 
0.000989 0.000134 0.000694 0.001534 
0.001077 0.000141 0.000769 0.001716 
0.001076 0.000161 0.000696 0.001852 
0.001082 0.000144 0.000724 0.001658 
0.001076 0.000126 0.000764 0.001644 
0.001089 0.000144 0.000761 0.001732 
0.001066 0.000143 0.000736 0.001723 
0.001028 0.000150 0.000706 0.001727 
0.001079 0.000143 0.000786 0.001764 
0.001029 0.000144 0.000715 0.001641 
0.001044 0.000133 0.000751 0.001709 
0.001072 0.000132 0.000755 0.001634 
0.001064 0.000119 0.000789 0.001664 
0.001058 0.000206 0.000704 0.002365 
0.001018 0.000154 0.000756 0.002132 
0.001037 0.000187 0.000740 0.002211 
0.001056 0.000203 0.000736 0.002312 
0.001048 0.000176 0.000712 0.002053 
0.001079 0.000194 0.000712 0.002412 
0.001048 0.000191 0.000728 0.002275 
0.001063 0.000187 0.000739 0.002226 
0.001060 0.000157 0.000733 0.002088 
0.001063 0.000180 0.000708 0.002181 
0.001055 0.000176 0.000741 0.002195 
0.001043 0.000173 0.000733 0.002104 
0.001036 0.000163 0.000743 0.002130 
0.001093 0.000122 0.000812 0.001657 
0.001091 0.000145 0.000778 0.001918 
0.001107 0.000146 0.000743 0.001791 
0.001117 0.000151 0.000798 0.001858 
0.001120 0.000152 0.000794 0.001843 
0.001117 0.000142 0.000775 0.001793 
0.001125 0.000147 0.000756 0.001797 
0.001103 0.000127 0.000763 0.001834 
0.001079 0.000157 0.000772 0.001884 
0.001096 0.000146 0.000703 0.001722 
0.001077 0.000142 0.000756 0.001775 
0.001097 0.000150 0.000762 0.001930 
0.001080 0.000136 0.000751 0.001730 
0.000998 0.000112 0.000744 0.001594 
0.000996 0.000111 0.000757 0.001563 
0.000985 0.000107 0.000731 0.001410 
0.001020 0.000112 0.000786 0.001657 
0.001007 0.000107 0.000692 0.001516 
0.001006 0.000109 0.000739 0.001532 
0.000993 0.000114 0.000715 0.001600 
0.000999 0.000109 0.000758 0.001611 
0.000978 0.000114 0.000714 0.001646 
0.001018 0.000112 0.000748 0.001605 
0.000981 0.000116 0.000733 0.001543 
0.000998 0.000117 0.000756 0.001582 
0.001028 0.000112 0.000766 0.001495 
0.000985 0.000121 0.000738 0.001495 
0.001042 0.000129 0.000773 0.001812 
0.001010 0.000128 0.000763 0.001775 
0.001012 0.000122 0.000756 0.001700 
0.001033 0.000121 0.000764 0.001691 
0.001030 0.000122 0.000775 0.001692 
0.001006 0.000126 0.000734 0.001794 
0.001025 0.000124 0.000789 0.001725 
0.001015 0.000116 0.000804 0.001675 
0.001013 0.000138 0.000772 0.001756 
0.001032 0.000134 0.000777 0.001920 
0.001019 0.000130 0.000721 0.001791 
0.001039 0.000125 0.000789 0.001741 
0.001019 0.000134 0.000729 0.001804 
