0.001108 0.000132 0.000807 0.001851 
0.001139 0.000149 0.000855 0.001948 
0.001111 0.000146 0.000828 0.001917 
0.001085 0.000142 0.000760 0.001816 
0.001101 0.000123 0.000825 0.001765 
0.001114 0.000133 0.000795 0.001996 
0.001080 0.000139 0.000799 0.001898 
0.001100 0.000153 0.000808 0.001947 
0.001064 0.000132 0.000821 0.001829 
0.001116 0.000148 0.000830 0.001974 
0.001074 0.000146 0.000810 0.001953 
0.001084 0.000129 0.000828 0.001829 
0.001097 0.000142 0.000841 0.001942 
0.001073 0.000152 0.000772 0.001739 
0.001104 0.000141 0.000788 0.001710 
0.001102 0.000140 0.000797 0.001704 
0.001145 0.000165 0.000758 0.001779 
0.001094 0.000181 0.000752 0.001915 
0.001094 0.000155 0.000814 0.001722 
0.001087 0.000132 0.000798 0.001593 
0.001109 0.000165 0.000762 0.001741 
0.001159 0.000177 0.000784 0.001741 
0.001098 0.000159 0.000755 0.001776 
0.001063 0.000146 0.000740 0.001658 
0.001048 0.000146 0.000734 0.001669 
0.001094 0.000143 0.000749 0.001664 
0.001164 0.000152 0.000814 0.002102 
0.001131 0.000146 0.000791 0.001987 
0.001175 0.000137 0.000858 0.001939 
0.001189 0.000132 0.000815 0.001946 
0.001184 0.000143 0.000845 0.002032 
0.001205 0.000143 0.000857 0.001940 
0.001162 0.000142 0.000829 0.002022 
0.001192 0.000141 0.000831 0.002062 
0.001180 0.000140 0.000828 0.002008 
0.001143 0.000134 0.000812 0.001901 
0.001181 0.000125 0.000901 0.001907 
0.001129 0.000198 0.000779 0.002092 
0.001137 0.000191 0.000774 0.002092 
0.001155 0.000212 0.000774 0.002122 
0.001160 0.000187 0.000786 0.002021 
0.001133 0.000189 0.000781 0.002035 
0.001173 0.000244 0.000837 0.002219 
0.001095 0.000173 0.000784 0.001957 
0.001162 0.000239 0.000748 0.002163 
0.001127 0.000177 0.000778 0.001933 
0.001132 0.000261 0.000783 0.002274 
0.001138 0.000198 0.000776 0.002048 
0.001131 0.000264 0.000773 0.002209 
0.001099 0.000139 0.000768 0.001961 
0.001132 0.000126 0.000806 0.001903 
0.001111 0.000131 0.000808 0.002018 
0.001138 0.000130 0.000825 0.001987 
0.001131 0.000148 0.000777 0.002077 
0.001086 0.000130 0.000828 0.002039 
0.001152 0.000130 0.000779 0.002003 
0.001110 0.000136 0.000794 0.002158 
0.001105 0.000133 0.000773 0.001978 
0.001123 0.000137 0.000829 0.002026 
0.001118 0.000137 0.000762 0.001902 
0.001025 0.000178 0.000713 0.001938 
0.001042 0.000166 0.000704 0.001884 
0.001043 0.000170 0.000713 0.001870 
0.001030 0.000167 0.000749 0.001883 
0.001040 0.000166 0.000698 0.001967 
0.001064 0.000166 0.000722 0.001878 
0.001007 0.000153 0.000711 0.001816 
0.001011 0.000147 0.000710 0.001646 
0.001016 0.000165 0.000718 0.001967 
0.001028 0.000166 0.000744 0.001880 
0.001167 0.000183 0.000743 0.001849 
0.001141 0.000167 0.000750 0.001827 
0.001117 0.000142 0.000781 0.001811 
0.001184 0.000171 0.000743 0.001791 
0.001131 0.000156 0.000741 0.001823 
0.001202 0.000177 0.000737 0.001889 
0.001158 0.000137 0.000767 0.001702 
0.001153 0.000144 0.000782 0.001686 
0.001159 0.000169 0.000727 0.001816 
0.001144 0.000177 0.000757 0.002013 
0.001117 0.000133 0.000749 0.001592 
0.001171 0.000158 0.000769 0.001874 
0.001166 0.000150 0.000785 0.001796 
0.001124 0.000130 0.000794 0.001743 
0.001144 0.000167 0.000756 0.001909 
0.001128 0.000179 0.000721 0.001857 
0.001075 0.000138 0.000791 0.001875 
0.001052 0.000130 0.000770 0.001790 
0.001101 0.000127 0.000840 0.001848 
0.001063 0.000124 0.000821 0.001788 
0.001091 0.000147 0.000749 0.001885 
0.001081 0.000117 0.000778 0.001743 
0.001115 0.000164 0.000777 0.001991 
0.001159 0.000124 0.000795 0.001826 
0.001077 0.000131 0.000794 0.001878 
0.001167 0.000158 0.000768 0.001901 
0.001056 0.000118 0.000820 0.001762 
0.001141 0.000139 0.000801 0.001920 
0.001118 0.000113 0.000821 0.001691 
0.001089 0.000113 0.000779 0.001635 
0.001061 0.000160 0.000797 0.001980 
0.001074 0.000176 0.000779 0.002096 
0.001036 0.000183 0.000770 0.002165 
0.001046 0.000145 0.000776 0.001883 
0.001101 0.000183 0.000811 0.002212 
0.001091 0.000157 0.000766 0.001893 
0.001077 0.000199 0.000808 0.002223 
0.001099 0.000158 0.000777 0.001941 
0.001087 0.000166 0.000792 0.001921 
0.001082 0.000172 0.000763 0.002020 
0.001049 0.000167 0.000766 0.002066 
0.001051 0.000166 0.000762 0.002055 
0.001078 0.000205 0.000784 0.002230 
0.001097 0.000168 0.000816 0.002077 
0.001032 0.000118 0.000762 0.001510 
0.000982 0.000113 0.000691 0.001427 
0.001029 0.000131 0.000735 0.001626 
0.001031 0.000130 0.000745 0.001615 
0.001049 0.000125 0.000770 0.001564 
0.001041 0.000114 0.000749 0.001602 
0.001070 0.000111 0.000786 0.001613 
0.001019 0.000110 0.000766 0.001486 
0.001018 0.000113 0.000779 0.001620 
0.001107 0.000138 0.000765 0.001729 
0.001051 0.000120 0.000760 0.001552 
0.001042 0.000107 0.000767 0.001555 
0.001030 0.000098 0.000796 0.001521 
0.001117 0.000132 0.000867 0.001665 
0.001201 0.000155 0.000877 0.001918 
0.001133 0.000132 0.000849 0.001777 
0.001094 0.000167 0.000813 0.001805 
0.001140 0.000137 0.000877 0.001653 
0.001192 0.000170 0.000889 0.002075 
0.001090 0.000137 0.000820 0.001606 
0.001153 0.000165 0.000880 0.001824 
0.001093 0.000140 0.000804 0.001683 
0.001137 0.000141 0.000856 0.001723 
0.001133 0.000149 0.000830 0.001636 
0.001129 0.000154 0.000844 0.001673 
0.001233 0.000233 0.000775 0.002017 
0.001174 0.000223 0.000737 0.002031 
0.001202 0.000231 0.000744 0.001973 
0.001266 0.000228 0.000802 0.001945 
0.001276 0.000223 0.000834 0.002096 
0.001236 0.000216 0.000818 0.002020 
0.001219 0.000212 0.000785 0.001927 
0.001244 0.000209 0.000805 0.001926 
0.001323 0.000260 0.000801 0.002284 
0.001297 0.000234 0.000790 0.002004 
0.001207 0.000220 0.000756 0.001934 
0.001279 0.000238 0.000821 0.002123 
0.001178 0.000220 0.000761 0.002171 
0.001161 0.000165 0.000828 0.001880 
0.001191 0.000168 0.000828 0.001758 
0.001226 0.000175 0.000874 0.001880 
0.001254 0.000183 0.000812 0.001837 
0.001180 0.000161 0.000820 0.001892 
0.001183 0.000177 0.000863 0.001744 
0.001163 0.000152 0.000824 0.001801 
0.001172 0.000172 0.000861 0.001783 
0.001138 0.000148 0.000816 0.001601 
0.001133 0.000130 0.000817 0.001613 
0.001138 0.000155 0.000801 0.001763 
0.001189 0.000181 0.000804 0.001967 
0.001123 0.000152 0.000814 0.001651 
0.001049 0.000098 0.000808 0.001433 
0.001047 0.000086 0.000806 0.001387 
0.001042 0.000105 0.000747 0.001460 
0.001042 0.000095 0.000812 0.001483 
0.001083 0.000108 0.000785 0.001430 
0.001044 0.000104 0.000770 0.001448 
0.001053 0.000120 0.000773 0.001514 
0.001079 0.000102 0.000838 0.001574 
0.001000 0.000124 0.000702 0.001741 
0.001044 0.000105 0.000824 0.001521 
0.001081 0.000118 0.000767 0.001805 
0.001035 0.000091 0.000768 0.001386 
0.001094 0.000110 0.000767 0.001521 
0.001083 0.000115 0.000784 0.001515 
0.001069 0.000146 0.000816 0.001865 
0.001039 0.000125 0.000759 0.001671 
0.001081 0.000136 0.000828 0.001686 
0.001104 0.000143 0.000857 0.001882 
0.001149 0.000164 0.000855 0.001964 
0.001112 0.000151 0.000833 0.001643 
0.001082 0.000151 0.000797 0.001746 
0.001070 0.000145 0.000851 0.001861 
0.001064 0.000130 0.000810 0.001705 
0.001051 0.000139 0.000842 0.001773 
0.001076 0.000119 0.000838 0.001648 
0.001069 0.000127 0.000799 0.001824 
0.001076 0.000134 0.000816 0.001630 
