0.000921 0.000163 0.000000 0.001445 
0.000883 0.000144 0.000000 0.001428 
0.000858 0.000145 0.000000 0.001467 
0.000874 0.000169 0.000000 0.001510 
0.000886 0.000155 0.000000 0.001383 
0.000917 0.000186 0.000000 0.001567 
0.000873 0.000150 0.000000 0.001350 
0.000882 0.000156 0.000000 0.001428 
0.000908 0.000168 0.000000 0.001529 
0.000871 0.000162 0.000000 0.001528 
0.000892 0.000162 0.000000 0.001501 
0.000909 0.000194 0.000000 0.001588 
0.000893 0.000149 0.000000 0.001420 
0.001012 0.000301 0.000000 0.001927 
0.001011 0.000246 0.000000 0.001767 
0.001066 0.000327 0.000000 0.002089 
0.000893 0.000203 0.000000 0.001861 
0.000946 0.000264 0.000000 0.001927 
0.000990 0.000306 0.000000 0.002133 
0.000930 0.000283 0.000000 0.002182 
0.000948 0.000261 0.000000 0.002033 
0.000971 0.000262 0.000000 0.001894 
0.000935 0.000251 0.000000 0.002046 
0.001032 0.000279 0.000000 0.001946 
0.001022 0.000282 0.000000 0.002075 
0.001008 0.000297 0.000000 0.002063 
0.000964 0.000185 0.000000 0.001571 
0.000975 0.000190 0.000000 0.001729 
0.000910 0.000187 0.000000 0.001556 
0.000950 0.000191 0.000000 0.001725 
0.001018 0.000222 0.000000 0.001746 
0.000983 0.000217 0.000000 0.001803 
0.000913 0.000174 0.000000 0.001526 
0.000997 0.000181 0.000000 0.001578 
0.001035 0.000209 0.000000 0.001666 
0.000965 0.000175 0.000000 0.001595 
0.000963 0.000206 0.000000 0.001577 
0.000919 0.000185 0.000000 0.001872 
0.000896 0.000162 0.000000 0.001672 
0.000964 0.000183 0.000000 0.001831 
0.000978 0.000173 0.000000 0.001798 
0.000945 0.000158 0.000000 0.001691 
0.000924 0.000143 0.000000 0.001549 
0.000959 0.000170 0.000000 0.001830 
0.000950 0.000165 0.000000 0.001676 
0.000935 0.000174 0.000000 0.001761 
0.000946 0.000208 0.000000 0.002092 
0.000935 0.000178 0.000000 0.001809 
0.000937 0.000191 0.000000 0.001785 
0.000963 0.000168 0.000000 0.001574 
0.000861 0.000128 0.000000 0.001346 
0.000878 0.000130 0.000000 0.001414 
0.000889 0.000121 0.000000 0.001220 
0.000906 0.000169 0.000000 0.001768 
0.000922 0.000178 0.000000 0.001786 
0.000860 0.000124 0.000000 0.001344 
0.000903 0.000146 0.000000 0.001486 
0.000892 0.000136 0.000000 0.001519 
0.000917 0.000128 0.000000 0.001444 
0.000904 0.000129 0.000000 0.001420 
0.000934 0.000137 0.000000 0.001466 
0.000935 0.000133 0.000000 0.001496 
0.000942 0.000137 0.000000 0.001523 
0.000999 0.000170 0.000000 0.001504 
0.000924 0.000143 0.000000 0.001592 
0.000921 0.000124 0.000000 0.001513 
0.000939 0.000136 0.000000 0.001543 
0.000953 0.000167 0.000000 0.001697 
0.000944 0.000142 0.000000 0.001541 
0.000869 0.000141 0.000000 0.001533 
0.000880 0.000153 0.000000 0.001554 
0.000870 0.000138 0.000000 0.001474 
0.000895 0.000154 0.000000 0.001578 
0.000916 0.000170 0.000000 0.001624 
0.000872 0.000157 0.000000 0.001515 
0.000882 0.000148 0.000000 0.001506 
0.000928 0.000157 0.000000 0.001622 
0.000909 0.000154 0.000000 0.001527 
0.000910 0.000154 0.000000 0.001584 
0.000915 0.000156 0.000000 0.001556 
0.000890 0.000162 0.000000 0.001591 
0.000900 0.000161 0.000000 0.001590 
0.000901 0.000138 0.000000 0.001424 
0.000907 0.000147 0.000000 0.001592 
0.000906 0.000185 0.000000 0.001617 
0.000909 0.000132 0.000000 0.001438 
0.000904 0.000198 0.000000 0.001381 
0.000874 0.000164 0.000000 0.001330 
0.000946 0.000208 0.000000 0.001398 
0.000913 0.000240 0.000000 0.001496 
0.000973 0.000222 0.000000 0.001423 
0.000972 0.000167 0.000000 0.001392 
0.000948 0.000195 0.000000 0.001471 
0.000945 0.000197 0.000000 0.001466 
0.000946 0.000199 0.000000 0.001411 
0.000819 0.000165 0.000000 0.001335 
0.000936 0.000247 0.000000 0.001496 
0.000925 0.000182 0.000000 0.001340 
0.000952 0.000249 0.000000 0.001503 
0.000888 0.000209 0.000000 0.001528 
0.000953 0.000163 0.000000 0.001408 
0.000968 0.000145 0.000000 0.001473 
0.000972 0.000191 0.000000 0.001520 
0.001019 0.000160 0.000000 0.001451 
0.000950 0.000170 0.000000 0.001443 
0.000936 0.000176 0.000000 0.001497 
0.000860 0.000150 0.000000 0.001280 
0.000934 0.000155 0.000000 0.001455 
0.000894 0.000147 0.000000 0.001428 
0.000939 0.000169 0.000000 0.001416 
0.000938 0.000158 0.000000 0.001485 
0.000944 0.000152 0.000000 0.001354 
0.000905 0.000137 0.000000 0.001290 
0.000893 0.000125 0.000000 0.001327 
0.000862 0.000156 0.000000 0.001482 
0.000920 0.000155 0.000000 0.001521 
0.000909 0.000167 0.000000 0.001403 
0.000903 0.000180 0.000000 0.001417 
0.000997 0.000212 0.000000 0.001675 
0.000863 0.000166 0.000000 0.001447 
0.000923 0.000196 0.000000 0.001754 
0.000920 0.000157 0.000000 0.001387 
0.000855 0.000137 0.000000 0.001286 
0.000853 0.000160 0.000000 0.001418 
0.000883 0.000165 0.000000 0.001567 
0.000992 0.000205 0.000000 0.001583 
0.000845 0.000154 0.000000 0.001336 
0.000892 0.000219 0.000000 0.001626 
0.000884 0.000226 0.000000 0.001724 
0.000924 0.000249 0.000000 0.001649 
0.000827 0.000200 0.000000 0.001780 
0.000869 0.000215 0.000000 0.001548 
0.000877 0.000230 0.000000 0.001601 
0.001035 0.000309 0.000000 0.001848 
0.000835 0.000220 0.000000 0.001600 
0.001058 0.000347 0.000000 0.001952 
0.000982 0.000275 0.000000 0.001729 
0.000876 0.000232 0.000000 0.001750 
0.000961 0.000238 0.000000 0.001773 
0.000950 0.000157 0.000000 0.001731 
0.000953 0.000170 0.000000 0.001780 
0.001020 0.000146 0.000000 0.001576 
0.000943 0.000172 0.000000 0.001688 
0.000922 0.000177 0.000000 0.001984 
0.000981 0.000183 0.000000 0.001795 
0.000913 0.000152 0.000000 0.001624 
0.000911 0.000172 0.000000 0.001734 
0.001034 0.000227 0.000000 0.001877 
0.000949 0.000151 0.000000 0.001682 
0.000898 0.000141 0.000000 0.001646 
0.000945 0.000147 0.000000 0.001495 
0.000951 0.000162 0.000000 0.001536 
0.000908 0.000144 0.000000 0.001397 
0.000836 0.000127 0.000000 0.001277 
0.000846 0.000158 0.000000 0.001577 
0.000858 0.000126 0.000000 0.001286 
0.000852 0.000140 0.000000 0.001443 
0.000857 0.000125 0.000000 0.001361 
0.000804 0.000109 0.000000 0.001151 
0.000840 0.000138 0.000000 0.001336 
0.000775 0.000129 0.000000 0.001209 
0.000794 0.000115 0.000000 0.001307 
0.000810 0.000136 0.000000 0.001311 
0.000881 0.000147 0.000000 0.001562 
0.000802 0.000135 0.000000 0.001296 
0.000854 0.000145 0.000000 0.001396 
0.000919 0.000171 0.000000 0.001382 
0.000827 0.000134 0.000000 0.001242 
0.000837 0.000115 0.000000 0.001226 
0.000851 0.000125 0.000000 0.001229 
0.000808 0.000127 0.000000 0.001338 
0.000838 0.000158 0.000000 0.001424 
0.000821 0.000103 0.000000 0.001283 
0.000893 0.000167 0.000000 0.001426 
0.000880 0.000133 0.000000 0.001351 
0.000856 0.000162 0.000000 0.001528 
0.000842 0.000120 0.000000 0.001203 
0.000863 0.000129 0.000000 0.001338 
0.000851 0.000113 0.000000 0.001324 
0.001013 0.000189 0.000000 0.001645 
0.000988 0.000178 0.000000 0.001522 
0.000973 0.000163 0.000000 0.001513 
0.000931 0.000153 0.000000 0.001364 
0.000992 0.000200 0.000000 0.001757 
0.001062 0.000180 0.000000 0.001587 
0.001010 0.000224 0.000000 0.001844 
0.000937 0.000176 0.000000 0.001459 
0.000939 0.000198 0.000000 0.001849 
0.001023 0.000183 0.000000 0.001600 
0.001016 0.000165 0.000000 0.001639 
0.000954 0.000178 0.000000 0.001518 
0.001009 0.000176 0.000000 0.001597 
