0.000890 0.000149 0.000000 0.001494 
0.000922 0.000183 0.000000 0.001715 
0.000846 0.000157 0.000000 0.001534 
0.000849 0.000160 0.000000 0.001553 
0.000881 0.000157 0.000000 0.001438 
0.000905 0.000186 0.000000 0.001649 
0.000895 0.000155 0.000000 0.001568 
0.000869 0.000166 0.000000 0.001473 
0.000895 0.000143 0.000000 0.001415 
0.000833 0.000158 0.000000 0.001426 
0.000867 0.000159 0.000000 0.001518 
0.000885 0.000166 0.000000 0.001483 
0.000878 0.000154 0.000000 0.001462 
0.000983 0.000273 0.000000 0.001889 
0.000908 0.000249 0.000000 0.001757 
0.000961 0.000259 0.000000 0.001863 
0.000879 0.000185 0.000000 0.001718 
0.000850 0.000208 0.000000 0.001668 
0.000933 0.000279 0.000000 0.001840 
0.000909 0.000247 0.000000 0.002025 
0.000936 0.000273 0.000000 0.001885 
0.000894 0.000217 0.000000 0.001740 
0.000891 0.000219 0.000000 0.001948 
0.000933 0.000241 0.000000 0.001740 
0.000962 0.000249 0.000000 0.001753 
0.000887 0.000243 0.000000 0.001905 
0.000883 0.000163 0.000000 0.001450 
0.000896 0.000159 0.000000 0.001604 
0.000887 0.000153 0.000000 0.001424 
0.000887 0.000160 0.000000 0.001374 
0.000938 0.000169 0.000000 0.001600 
0.000870 0.000178 0.000000 0.001591 
0.000869 0.000162 0.000000 0.001506 
0.000918 0.000159 0.000000 0.001518 
0.000921 0.000178 0.000000 0.001628 
0.000861 0.000159 0.000000 0.001423 
0.000900 0.000174 0.000000 0.001475 
0.000898 0.000178 0.000000 0.001579 
0.000917 0.000156 0.000000 0.001502 
0.000957 0.000187 0.000000 0.001728 
0.000936 0.000173 0.000000 0.001578 
0.000926 0.000179 0.000000 0.001513 
0.000890 0.000183 0.000000 0.001500 
0.000919 0.000149 0.000000 0.001479 
0.000935 0.000176 0.000000 0.001486 
0.000951 0.000174 0.000000 0.001494 
0.000891 0.000177 0.000000 0.001709 
0.000943 0.000178 0.000000 0.001665 
0.000938 0.000172 0.000000 0.001509 
0.000933 0.000180 0.000000 0.001678 
0.000880 0.000143 0.000000 0.001415 
0.000878 0.000134 0.000000 0.001453 
0.000924 0.000126 0.000000 0.001325 
0.000976 0.000166 0.000000 0.001801 
0.000943 0.000154 0.000000 0.001792 
0.000864 0.000137 0.000000 0.001385 
0.000882 0.000128 0.000000 0.001430 
0.000916 0.000138 0.000000 0.001647 
0.000901 0.000143 0.000000 0.001555 
0.000874 0.000122 0.000000 0.001453 
0.000971 0.000171 0.000000 0.001556 
0.000952 0.000147 0.000000 0.001530 
0.000988 0.000167 0.000000 0.001612 
0.000992 0.000177 0.000000 0.001652 
0.000965 0.000169 0.000000 0.001584 
0.000962 0.000171 0.000000 0.001578 
0.001033 0.000175 0.000000 0.001665 
0.000985 0.000212 0.000000 0.001789 
0.000972 0.000178 0.000000 0.001727 
0.000985 0.000199 0.000000 0.001756 
0.000902 0.000146 0.000000 0.001495 
0.000876 0.000140 0.000000 0.001385 
0.000909 0.000125 0.000000 0.001399 
0.000870 0.000153 0.000000 0.001607 
0.000862 0.000139 0.000000 0.001454 
0.000908 0.000131 0.000000 0.001418 
0.000907 0.000144 0.000000 0.001579 
0.000892 0.000140 0.000000 0.001433 
0.000933 0.000134 0.000000 0.001344 
0.000884 0.000151 0.000000 0.001440 
0.000930 0.000153 0.000000 0.001519 
0.000928 0.000164 0.000000 0.001510 
0.000889 0.000127 0.000000 0.001308 
0.000895 0.000152 0.000000 0.001466 
0.000887 0.000158 0.000000 0.001513 
0.000900 0.000130 0.000000 0.001342 
0.000874 0.000155 0.000000 0.001471 
0.000858 0.000164 0.000000 0.001406 
0.000966 0.000201 0.000000 0.001572 
0.000846 0.000181 0.000000 0.001484 
0.000950 0.000193 0.000000 0.001519 
0.001031 0.000196 0.000000 0.001533 
0.000919 0.000188 0.000000 0.001584 
0.000957 0.000181 0.000000 0.001571 
0.000913 0.000181 0.000000 0.001509 
0.000919 0.000187 0.000000 0.001586 
0.000888 0.000173 0.000000 0.001536 
0.000920 0.000172 0.000000 0.001454 
0.000929 0.000224 0.000000 0.001618 
0.000787 0.000156 0.000000 0.001483 
0.000932 0.000155 0.000000 0.001510 
0.000894 0.000143 0.000000 0.001345 
0.000914 0.000183 0.000000 0.001557 
0.000997 0.000202 0.000000 0.001685 
0.000955 0.000200 0.000000 0.001614 
0.000903 0.000182 0.000000 0.001632 
0.000845 0.000170 0.000000 0.001493 
0.000913 0.000182 0.000000 0.001496 
0.000909 0.000189 0.000000 0.001718 
0.000898 0.000170 0.000000 0.001459 
0.000873 0.000146 0.000000 0.001351 
0.000873 0.000138 0.000000 0.001398 
0.000820 0.000130 0.000000 0.001200 
0.000878 0.000135 0.000000 0.001431 
0.000903 0.000160 0.000000 0.001461 
0.000897 0.000159 0.000000 0.001503 
0.000852 0.000138 0.000000 0.001316 
0.000955 0.000217 0.000000 0.001758 
0.001035 0.000199 0.000000 0.001676 
0.000845 0.000149 0.000000 0.001360 
0.000983 0.000168 0.000000 0.001879 
0.000956 0.000130 0.000000 0.001711 
0.000821 0.000146 0.000000 0.001371 
0.000827 0.000163 0.000000 0.001451 
0.000819 0.000142 0.000000 0.001354 
0.001001 0.000207 0.000000 0.001639 
0.000829 0.000109 0.000000 0.001272 
0.000838 0.000169 0.000000 0.001423 
0.000793 0.000166 0.000000 0.001542 
0.000817 0.000183 0.000000 0.001424 
0.000761 0.000162 0.000000 0.001595 
0.000799 0.000164 0.000000 0.001389 
0.000813 0.000190 0.000000 0.001438 
0.000909 0.000273 0.000000 0.001681 
0.000827 0.000191 0.000000 0.001571 
0.000965 0.000275 0.000000 0.001779 
0.000929 0.000248 0.000000 0.001674 
0.000775 0.000169 0.000000 0.001519 
0.000863 0.000191 0.000000 0.001602 
0.000956 0.000135 0.000000 0.001510 
0.000961 0.000133 0.000000 0.001435 
0.000958 0.000166 0.000000 0.001462 
0.000990 0.000162 0.000000 0.001496 
0.001007 0.000215 0.000000 0.002192 
0.001018 0.000190 0.000000 0.001517 
0.000964 0.000153 0.000000 0.001575 
0.000941 0.000155 0.000000 0.001511 
0.001051 0.000201 0.000000 0.001818 
0.000924 0.000150 0.000000 0.001391 
0.000907 0.000139 0.000000 0.001497 
0.000947 0.000149 0.000000 0.001450 
0.000956 0.000169 0.000000 0.001435 
0.000981 0.000169 0.000000 0.001456 
0.000895 0.000159 0.000000 0.001431 
0.000893 0.000145 0.000000 0.001362 
0.000894 0.000151 0.000000 0.001472 
0.000908 0.000132 0.000000 0.001321 
0.000932 0.000159 0.000000 0.001619 
0.000893 0.000137 0.000000 0.001379 
0.000896 0.000147 0.000000 0.001397 
0.000842 0.000147 0.000000 0.001275 
0.000866 0.000130 0.000000 0.001314 
0.000883 0.000146 0.000000 0.001420 
0.000915 0.000142 0.000000 0.001413 
0.000851 0.000153 0.000000 0.001317 
0.000892 0.000156 0.000000 0.001378 
0.000952 0.000180 0.000000 0.001526 
0.000776 0.000112 0.000000 0.001210 
0.000847 0.000136 0.000000 0.001256 
0.000846 0.000128 0.000000 0.001355 
0.000815 0.000132 0.000000 0.001251 
0.000793 0.000127 0.000000 0.001272 
0.000841 0.000129 0.000000 0.001287 
0.000973 0.000170 0.000000 0.001524 
0.000855 0.000135 0.000000 0.001214 
0.000893 0.000168 0.000000 0.001479 
0.000846 0.000124 0.000000 0.001262 
0.000868 0.000149 0.000000 0.001415 
0.000913 0.000162 0.000000 0.001478 
0.000918 0.000141 0.000000 0.001418 
0.000942 0.000144 0.000000 0.001482 
0.000952 0.000155 0.000000 0.001526 
0.000971 0.000160 0.000000 0.001544 
0.000974 0.000154 0.000000 0.001718 
0.001005 0.000182 0.000000 0.001763 
0.000984 0.000158 0.000000 0.001456 
0.000925 0.000144 0.000000 0.001461 
0.000962 0.000257 0.000000 0.001872 
0.000965 0.000170 0.000000 0.001568 
0.000968 0.000164 0.000000 0.001564 
0.000928 0.000158 0.000000 0.001570 
0.000942 0.000150 0.000000 0.001484 
