0.001102 0.000133 0.000835 0.001499 
0.001096 0.000145 0.000833 0.001563 
0.001099 0.000138 0.000814 0.001549 
0.001091 0.000137 0.000820 0.001501 
0.001103 0.000137 0.000801 0.001446 
0.001111 0.000134 0.000826 0.001450 
0.001101 0.000122 0.000838 0.001469 
0.001103 0.000144 0.000807 0.001506 
0.001075 0.000123 0.000811 0.001415 
0.001101 0.000167 0.000789 0.001608 
0.001075 0.000127 0.000812 0.001505 
0.001077 0.000134 0.000763 0.001474 
0.001111 0.000135 0.000827 0.001506 
0.001040 0.000126 0.000778 0.001561 
0.001045 0.000136 0.000759 0.001490 
0.001079 0.000136 0.000769 0.001602 
0.001075 0.000140 0.000798 0.001632 
0.001074 0.000141 0.000764 0.001528 
0.001044 0.000135 0.000753 0.001567 
0.001037 0.000127 0.000770 0.001532 
0.001047 0.000138 0.000784 0.001645 
0.001088 0.000167 0.000782 0.001814 
0.001055 0.000147 0.000774 0.001700 
0.001050 0.000126 0.000776 0.001497 
0.001059 0.000118 0.000765 0.001470 
0.001062 0.000131 0.000782 0.001608 
0.001028 0.000086 0.000756 0.001260 
0.001019 0.000088 0.000799 0.001308 
0.001020 0.000091 0.000762 0.001294 
0.001056 0.000113 0.000761 0.001431 
0.001055 0.000114 0.000742 0.001425 
0.001062 0.000107 0.000801 0.001457 
0.001043 0.000088 0.000767 0.001274 
0.001024 0.000092 0.000767 0.001272 
0.001034 0.000104 0.000743 0.001335 
0.001022 0.000089 0.000759 0.001275 
0.001025 0.000087 0.000792 0.001256 
0.001057 0.000115 0.000841 0.001543 
0.001071 0.000121 0.000816 0.001689 
0.001080 0.000120 0.000852 0.001566 
0.001075 0.000124 0.000837 0.001661 
0.001061 0.000108 0.000843 0.001470 
0.001065 0.000131 0.000796 0.001624 
0.001046 0.000107 0.000813 0.001477 
0.001071 0.000116 0.000838 0.001472 
0.001069 0.000118 0.000842 0.001682 
0.001063 0.000107 0.000821 0.001448 
0.001066 0.000121 0.000819 0.001613 
0.001073 0.000117 0.000821 0.001504 
0.001043 0.000144 0.000741 0.001579 
0.001029 0.000155 0.000754 0.001812 
0.001065 0.000142 0.000795 0.001638 
0.001055 0.000130 0.000784 0.001540 
0.001071 0.000135 0.000810 0.001513 
0.001053 0.000142 0.000752 0.001513 
0.001037 0.000149 0.000715 0.001590 
0.001054 0.000139 0.000797 0.001609 
0.001050 0.000132 0.000780 0.001563 
0.001052 0.000132 0.000805 0.001495 
0.001053 0.000131 0.000783 0.001527 
0.000998 0.000130 0.000756 0.001611 
0.001016 0.000118 0.000780 0.001492 
0.001020 0.000133 0.000766 0.001606 
0.001004 0.000128 0.000747 0.001517 
0.000988 0.000132 0.000718 0.001528 
0.001001 0.000127 0.000739 0.001479 
0.001001 0.000126 0.000755 0.001497 
0.000970 0.000126 0.000721 0.001486 
0.001016 0.000124 0.000788 0.001480 
0.000976 0.000131 0.000721 0.001543 
0.000995 0.000125 0.000792 0.001658 
0.000966 0.000091 0.000804 0.001383 
0.000971 0.000107 0.000802 0.001437 
0.001004 0.000112 0.000817 0.001555 
0.000982 0.000112 0.000784 0.001446 
0.001014 0.000126 0.000816 0.001668 
0.000981 0.000091 0.000819 0.001390 
0.000993 0.000103 0.000787 0.001437 
0.000991 0.000106 0.000804 0.001484 
0.000969 0.000089 0.000799 0.001391 
0.000965 0.000090 0.000820 0.001347 
0.000981 0.000099 0.000815 0.001406 
0.000973 0.000085 0.000795 0.001380 
0.000995 0.000107 0.000808 0.001538 
0.000991 0.000098 0.000816 0.001427 
0.000953 0.000090 0.000749 0.001408 
0.001117 0.000130 0.000822 0.001609 
0.001104 0.000130 0.000830 0.001588 
0.001126 0.000127 0.000821 0.001622 
0.001088 0.000130 0.000791 0.001589 
0.001140 0.000130 0.000830 0.001653 
0.001142 0.000134 0.000829 0.001696 
0.001127 0.000137 0.000836 0.001728 
0.001174 0.000171 0.000859 0.001831 
0.001113 0.000138 0.000814 0.001714 
0.001136 0.000146 0.000857 0.001733 
0.001094 0.000128 0.000810 0.001634 
0.001143 0.000147 0.000824 0.001630 
0.001144 0.000156 0.000827 0.001720 
0.001115 0.000151 0.000813 0.001726 
0.001051 0.000140 0.000772 0.001617 
0.001064 0.000141 0.000790 0.001674 
0.001040 0.000120 0.000808 0.001579 
0.001044 0.000148 0.000716 0.001634 
0.001062 0.000154 0.000803 0.001639 
0.001055 0.000151 0.000788 0.001633 
0.001058 0.000140 0.000787 0.001567 
0.001061 0.000145 0.000783 0.001676 
0.001045 0.000146 0.000768 0.001625 
0.001026 0.000142 0.000741 0.001585 
0.001023 0.000120 0.000766 0.001531 
0.001033 0.000138 0.000755 0.001631 
0.001050 0.000125 0.000801 0.001504 
0.001067 0.000152 0.000785 0.001796 
0.001071 0.000111 0.000883 0.001488 
0.000987 0.000095 0.000799 0.001353 
0.001005 0.000111 0.000817 0.001514 
0.001018 0.000125 0.000808 0.001468 
0.001020 0.000103 0.000781 0.001477 
0.001008 0.000110 0.000811 0.001462 
0.001033 0.000116 0.000755 0.001657 
0.001026 0.000117 0.000781 0.001510 
0.001012 0.000112 0.000771 0.001568 
0.001053 0.000142 0.000758 0.001513 
0.001037 0.000118 0.000773 0.001537 
0.001023 0.000106 0.000803 0.001436 
0.001040 0.000117 0.000801 0.001494 
0.001166 0.000142 0.000803 0.001676 
0.001156 0.000145 0.000827 0.001716 
0.001172 0.000156 0.000848 0.001771 
0.001160 0.000134 0.000883 0.001818 
0.001146 0.000144 0.000829 0.001768 
0.001113 0.000148 0.000771 0.001663 
0.001125 0.000148 0.000788 0.001679 
0.001138 0.000124 0.000844 0.001597 
0.001172 0.000156 0.000814 0.001916 
0.001177 0.000153 0.000815 0.001817 
0.001155 0.000147 0.000859 0.001810 
0.001182 0.000142 0.000899 0.001789 
0.001070 0.000115 0.000759 0.001557 
0.001039 0.000126 0.000702 0.001642 
0.001046 0.000115 0.000703 0.001560 
0.001048 0.000123 0.000738 0.001639 
0.001064 0.000145 0.000712 0.001921 
0.001069 0.000148 0.000711 0.001721 
0.001025 0.000112 0.000663 0.001529 
0.001063 0.000142 0.000732 0.001680 
0.001092 0.000173 0.000724 0.001874 
0.001073 0.000139 0.000757 0.001563 
0.001049 0.000116 0.000708 0.001551 
0.001074 0.000130 0.000755 0.001706 
0.001062 0.000128 0.000703 0.001615 
0.001076 0.000091 0.000805 0.001335 
0.001116 0.000113 0.000819 0.001415 
0.001090 0.000104 0.000791 0.001481 
0.001091 0.000119 0.000762 0.001436 
0.001080 0.000102 0.000737 0.001370 
0.001059 0.000091 0.000771 0.001295 
0.001069 0.000098 0.000795 0.001376 
0.001073 0.000103 0.000769 0.001341 
0.001069 0.000100 0.000770 0.001356 
0.001063 0.000093 0.000742 0.001420 
0.001053 0.000092 0.000770 0.001285 
0.001105 0.000111 0.000798 0.001429 
0.001033 0.000095 0.000759 0.001288 
0.001081 0.000141 0.000742 0.001404 
0.001072 0.000120 0.000764 0.001367 
0.001059 0.000136 0.000719 0.001331 
0.001073 0.000130 0.000760 0.001365 
0.001099 0.000151 0.000730 0.001445 
0.001077 0.000151 0.000714 0.001418 
0.001064 0.000137 0.000716 0.001361 
0.001089 0.000145 0.000748 0.001410 
0.001050 0.000127 0.000726 0.001357 
0.001078 0.000140 0.000751 0.001430 
0.001063 0.000142 0.000740 0.001383 
0.001069 0.000129 0.000778 0.001375 
0.001095 0.000156 0.000704 0.001464 
0.001055 0.000123 0.000760 0.001353 
0.001070 0.000111 0.000796 0.001441 
0.001066 0.000116 0.000794 0.001401 
0.001102 0.000141 0.000772 0.001608 
0.001097 0.000148 0.000734 0.001692 
0.001122 0.000156 0.000805 0.001683 
0.001071 0.000140 0.000727 0.001573 
0.001091 0.000133 0.000808 0.001564 
0.001084 0.000134 0.000768 0.001572 
0.001070 0.000116 0.000804 0.001440 
0.001051 0.000133 0.000748 0.001592 
0.001075 0.000103 0.000819 0.001415 
0.001091 0.000124 0.000810 0.001502 
0.001073 0.000113 0.000809 0.001455 
