0.001079 0.000388 0.000000 0.002418 
0.001062 0.000369 0.000000 0.002226 
0.001020 0.000347 0.000000 0.002258 
0.001058 0.000396 0.000000 0.002378 
0.001049 0.000354 0.000000 0.002145 
0.001068 0.000370 0.000000 0.002306 
0.001091 0.000388 0.000000 0.002164 
0.001043 0.000361 0.000000 0.002160 
0.001077 0.000376 0.000000 0.002208 
0.001020 0.000355 0.000000 0.002125 
0.001063 0.000368 0.000000 0.002243 
0.001073 0.000394 0.000000 0.002282 
0.001079 0.000390 0.000000 0.002388 
0.001133 0.000402 0.000000 0.002369 
0.001057 0.000355 0.000000 0.002160 
0.001174 0.000416 0.000000 0.002432 
0.001157 0.000423 0.000000 0.002348 
0.001095 0.000385 0.000000 0.002143 
0.001150 0.000397 0.000000 0.002244 
0.001118 0.000387 0.000000 0.002112 
0.001145 0.000417 0.000000 0.002288 
0.001152 0.000409 0.000000 0.002323 
0.001102 0.000375 0.000000 0.002276 
0.001124 0.000386 0.000000 0.002386 
0.001154 0.000398 0.000000 0.002403 
0.001127 0.000382 0.000000 0.002241 
0.001174 0.000378 0.000000 0.002175 
0.001186 0.000370 0.000000 0.002176 
0.001160 0.000386 0.000000 0.002162 
0.001170 0.000382 0.000000 0.002186 
0.001197 0.000385 0.000000 0.002250 
0.001176 0.000401 0.000000 0.002278 
0.001139 0.000366 0.000000 0.002167 
0.001176 0.000398 0.000000 0.002122 
0.001176 0.000368 0.000000 0.002250 
0.001179 0.000411 0.000000 0.002220 
0.001163 0.000372 0.000000 0.002061 
0.001158 0.000416 0.000000 0.002359 
0.001157 0.000398 0.000000 0.002422 
0.001178 0.000413 0.000000 0.002383 
0.001143 0.000409 0.000000 0.002476 
0.001156 0.000398 0.000000 0.002402 
0.001149 0.000403 0.000000 0.002365 
0.001165 0.000405 0.000000 0.002470 
0.001153 0.000411 0.000000 0.002300 
0.001160 0.000413 0.000000 0.002629 
0.001159 0.000423 0.000000 0.002471 
0.001149 0.000409 0.000000 0.002434 
0.001172 0.000427 0.000000 0.002420 
0.001136 0.000412 0.000000 0.002436 
0.001115 0.000374 0.000000 0.002300 
0.001091 0.000384 0.000000 0.002388 
0.001149 0.000428 0.000000 0.002436 
0.001156 0.000429 0.000000 0.002589 
0.001132 0.000404 0.000000 0.002372 
0.001096 0.000393 0.000000 0.002572 
0.001109 0.000370 0.000000 0.002311 
0.001144 0.000424 0.000000 0.002543 
0.001123 0.000384 0.000000 0.002365 
0.001091 0.000370 0.000000 0.002374 
0.001105 0.000377 0.000000 0.002345 
0.001101 0.000355 0.000000 0.002122 
0.001082 0.000346 0.000000 0.002168 
0.001077 0.000355 0.000000 0.002304 
0.001083 0.000336 0.000000 0.002032 
0.001070 0.000354 0.000000 0.002190 
0.001101 0.000369 0.000000 0.002146 
0.001064 0.000366 0.000000 0.002202 
0.001085 0.000364 0.000000 0.002216 
0.001073 0.000356 0.000000 0.002188 
0.001023 0.000277 0.000000 0.001936 
0.001032 0.000285 0.000000 0.002139 
0.001048 0.000287 0.000000 0.002005 
0.001026 0.000284 0.000000 0.001928 
0.001015 0.000291 0.000000 0.001946 
0.001033 0.000297 0.000000 0.002051 
0.001035 0.000288 0.000000 0.002115 
0.001049 0.000304 0.000000 0.002086 
0.001045 0.000307 0.000000 0.002303 
0.001040 0.000299 0.000000 0.002042 
0.001031 0.000299 0.000000 0.002129 
0.001044 0.000288 0.000000 0.002057 
0.000997 0.000272 0.000000 0.001918 
0.001046 0.000299 0.000000 0.001970 
0.001044 0.000295 0.000000 0.002068 
0.001037 0.000262 0.000000 0.002044 
0.001064 0.000304 0.000000 0.002074 
0.001065 0.000303 0.000000 0.002018 
0.001094 0.000316 0.000000 0.002239 
0.001038 0.000286 0.000000 0.001916 
0.001079 0.000320 0.000000 0.002120 
0.001141 0.000344 0.000000 0.002317 
0.001095 0.000293 0.000000 0.002170 
0.001096 0.000302 0.000000 0.002030 
0.001095 0.000319 0.000000 0.002010 
0.001078 0.000327 0.000000 0.002064 
0.001057 0.000300 0.000000 0.001938 
0.001099 0.000314 0.000000 0.002277 
0.001056 0.000322 0.000000 0.002129 
0.001053 0.000295 0.000000 0.002018 
0.001125 0.000416 0.000000 0.002467 
0.001137 0.000383 0.000000 0.002371 
0.001099 0.000413 0.000000 0.002487 
0.001121 0.000395 0.000000 0.002436 
0.001121 0.000418 0.000000 0.002611 
0.001134 0.000440 0.000000 0.002602 
0.001091 0.000377 0.000000 0.002460 
0.001106 0.000398 0.000000 0.002812 
0.001080 0.000388 0.000000 0.002310 
0.001124 0.000412 0.000000 0.002355 
0.001100 0.000372 0.000000 0.002300 
0.001112 0.000361 0.000000 0.002253 
0.001091 0.000368 0.000000 0.002379 
0.001130 0.000389 0.000000 0.002443 
0.001064 0.000339 0.000000 0.002201 
0.001134 0.000345 0.000000 0.002449 
0.001024 0.000337 0.000000 0.002127 
0.001041 0.000351 0.000000 0.002175 
0.001123 0.000388 0.000000 0.002256 
0.001032 0.000331 0.000000 0.001997 
0.001074 0.000326 0.000000 0.002345 
0.001022 0.000335 0.000000 0.002085 
0.001024 0.000301 0.000000 0.001976 
0.001071 0.000349 0.000000 0.002521 
0.001034 0.000318 0.000000 0.002055 
0.001123 0.000370 0.000000 0.002292 
0.001020 0.000315 0.000000 0.002013 
0.001114 0.000403 0.000000 0.002424 
0.001122 0.000399 0.000000 0.002250 
0.001075 0.000387 0.000000 0.002230 
0.001077 0.000381 0.000000 0.002220 
0.001055 0.000370 0.000000 0.002226 
0.001051 0.000370 0.000000 0.002273 
0.001093 0.000400 0.000000 0.002448 
0.001073 0.000383 0.000000 0.002117 
0.001133 0.000414 0.000000 0.002253 
0.001133 0.000404 0.000000 0.002255 
0.001081 0.000391 0.000000 0.002279 
0.001155 0.000402 0.000000 0.002325 
0.001098 0.000343 0.000000 0.002102 
0.001078 0.000342 0.000000 0.002050 
0.001106 0.000361 0.000000 0.002131 
0.001081 0.000347 0.000000 0.002053 
0.001108 0.000382 0.000000 0.002323 
0.001109 0.000371 0.000000 0.002095 
0.001094 0.000365 0.000000 0.002140 
0.001080 0.000340 0.000000 0.002023 
0.001151 0.000388 0.000000 0.002206 
0.001085 0.000346 0.000000 0.002138 
0.001079 0.000356 0.000000 0.002025 
0.001146 0.000397 0.000000 0.002295 
0.001116 0.000357 0.000000 0.002164 
0.001102 0.000408 0.000000 0.002331 
0.001020 0.000346 0.000000 0.002220 
0.001007 0.000343 0.000000 0.002201 
0.001013 0.000327 0.000000 0.002167 
0.001001 0.000342 0.000000 0.002237 
0.001071 0.000409 0.000000 0.002292 
0.000989 0.000336 0.000000 0.002115 
0.001027 0.000368 0.000000 0.002210 
0.000987 0.000354 0.000000 0.002203 
0.001017 0.000359 0.000000 0.002464 
0.000991 0.000351 0.000000 0.002190 
0.001069 0.000385 0.000000 0.002384 
0.001005 0.000375 0.000000 0.002200 
0.001054 0.000336 0.000000 0.002223 
0.001098 0.000354 0.000000 0.002103 
0.001008 0.000279 0.000000 0.002129 
0.001037 0.000301 0.000000 0.001986 
0.001012 0.000295 0.000000 0.002069 
0.001032 0.000295 0.000000 0.002147 
0.001010 0.000289 0.000000 0.002102 
0.001041 0.000304 0.000000 0.002164 
0.001075 0.000354 0.000000 0.002265 
0.001031 0.000322 0.000000 0.002061 
0.001095 0.000341 0.000000 0.002237 
0.001004 0.000296 0.000000 0.001984 
0.001075 0.000336 0.000000 0.002097 
0.001071 0.000320 0.000000 0.002068 
0.001158 0.000404 0.000000 0.002397 
0.001149 0.000418 0.000000 0.002506 
0.001144 0.000395 0.000000 0.002329 
0.001185 0.000434 0.000000 0.002485 
0.001161 0.000427 0.000000 0.002419 
0.001170 0.000444 0.000000 0.002404 
0.001175 0.000432 0.000000 0.002394 
0.001151 0.000425 0.000000 0.002387 
0.001152 0.000424 0.000000 0.002484 
0.001158 0.000434 0.000000 0.002388 
0.001169 0.000431 0.000000 0.002358 
0.001144 0.000411 0.000000 0.002460 
0.001152 0.000436 0.000000 0.002580 
