0.001127 0.000160 0.000822 0.001552 
0.001110 0.000153 0.000826 0.001535 
0.001090 0.000141 0.000826 0.001548 
0.001109 0.000149 0.000797 0.001520 
0.001115 0.000149 0.000819 0.001536 
0.001110 0.000142 0.000778 0.001513 
0.001115 0.000161 0.000814 0.001643 
0.001112 0.000137 0.000829 0.001501 
0.001100 0.000139 0.000827 0.001448 
0.001095 0.000135 0.000839 0.001434 
0.001107 0.000162 0.000816 0.001734 
0.001077 0.000140 0.000813 0.001482 
0.001107 0.000147 0.000803 0.001524 
0.001060 0.000148 0.000761 0.001530 
0.001061 0.000166 0.000726 0.001640 
0.001067 0.000143 0.000759 0.001610 
0.001053 0.000155 0.000755 0.001597 
0.001035 0.000143 0.000719 0.001613 
0.001045 0.000154 0.000721 0.001585 
0.001090 0.000180 0.000745 0.001889 
0.001059 0.000174 0.000734 0.001720 
0.001047 0.000130 0.000763 0.001563 
0.001048 0.000156 0.000766 0.001594 
0.001064 0.000146 0.000766 0.001665 
0.001048 0.000136 0.000776 0.001528 
0.001045 0.000141 0.000754 0.001632 
0.001091 0.000111 0.000820 0.001365 
0.001072 0.000125 0.000768 0.001492 
0.001103 0.000126 0.000799 0.001465 
0.001154 0.000166 0.000798 0.001972 
0.001145 0.000169 0.000767 0.001709 
0.001133 0.000148 0.000794 0.001611 
0.001125 0.000148 0.000775 0.001678 
0.001100 0.000143 0.000745 0.001515 
0.001118 0.000154 0.000771 0.001763 
0.001111 0.000155 0.000720 0.001912 
0.001106 0.000133 0.000796 0.001456 
0.001014 0.000100 0.000780 0.001304 
0.001043 0.000099 0.000850 0.001335 
0.001034 0.000101 0.000812 0.001344 
0.001036 0.000103 0.000829 0.001425 
0.001038 0.000110 0.000816 0.001442 
0.001030 0.000106 0.000763 0.001357 
0.001014 0.000099 0.000817 0.001319 
0.001047 0.000106 0.000835 0.001360 
0.001026 0.000102 0.000821 0.001300 
0.001037 0.000107 0.000815 0.001408 
0.001030 0.000102 0.000812 0.001334 
0.001019 0.000109 0.000800 0.001442 
0.000998 0.000116 0.000752 0.001458 
0.001002 0.000114 0.000752 0.001453 
0.000993 0.000105 0.000765 0.001400 
0.000995 0.000106 0.000744 0.001371 
0.001037 0.000121 0.000773 0.001344 
0.000995 0.000097 0.000746 0.001331 
0.000989 0.000111 0.000748 0.001396 
0.000999 0.000093 0.000789 0.001293 
0.001012 0.000112 0.000756 0.001423 
0.000999 0.000102 0.000769 0.001382 
0.000994 0.000109 0.000760 0.001508 
0.000977 0.000110 0.000743 0.001345 
0.000967 0.000107 0.000703 0.001341 
0.000970 0.000111 0.000717 0.001353 
0.000976 0.000122 0.000720 0.001424 
0.000961 0.000117 0.000715 0.001332 
0.000966 0.000110 0.000728 0.001316 
0.000975 0.000116 0.000729 0.001345 
0.000951 0.000113 0.000694 0.001306 
0.000971 0.000104 0.000726 0.001340 
0.000950 0.000112 0.000670 0.001289 
0.001089 0.000163 0.000804 0.001790 
0.001120 0.000167 0.000831 0.001769 
0.001087 0.000164 0.000759 0.001838 
0.001096 0.000145 0.000796 0.001716 
0.001070 0.000165 0.000780 0.002010 
0.001122 0.000189 0.000822 0.001896 
0.001089 0.000140 0.000825 0.001684 
0.001110 0.000156 0.000831 0.001773 
0.001083 0.000155 0.000795 0.001815 
0.001128 0.000192 0.000799 0.001847 
0.001115 0.000166 0.000821 0.001827 
0.001122 0.000167 0.000839 0.001783 
0.001103 0.000173 0.000773 0.001825 
0.001075 0.000153 0.000772 0.001688 
0.001116 0.000170 0.000810 0.001744 
0.001097 0.000171 0.000803 0.001764 
0.001119 0.000163 0.000799 0.001695 
0.001085 0.000145 0.000816 0.001528 
0.001133 0.000166 0.000815 0.001606 
0.001111 0.000163 0.000773 0.001724 
0.001111 0.000150 0.000774 0.001561 
0.001113 0.000152 0.000757 0.001565 
0.001104 0.000152 0.000784 0.001620 
0.001099 0.000142 0.000787 0.001518 
0.001107 0.000150 0.000821 0.001511 
0.001139 0.000162 0.000838 0.001806 
0.001109 0.000164 0.000801 0.001691 
0.001121 0.000166 0.000790 0.001737 
0.001086 0.000146 0.000790 0.001522 
0.001084 0.000153 0.000758 0.001578 
0.001028 0.000134 0.000773 0.001449 
0.001039 0.000142 0.000738 0.001588 
0.001032 0.000145 0.000768 0.001579 
0.001009 0.000127 0.000744 0.001434 
0.001018 0.000120 0.000718 0.001325 
0.001035 0.000139 0.000742 0.001470 
0.001025 0.000131 0.000778 0.001401 
0.001020 0.000135 0.000703 0.001472 
0.001001 0.000127 0.000725 0.001383 
0.001003 0.000125 0.000717 0.001444 
0.001011 0.000128 0.000729 0.001439 
0.001021 0.000131 0.000747 0.001421 
0.001043 0.000149 0.000737 0.001568 
0.001014 0.000142 0.000747 0.001542 
0.001069 0.000107 0.000813 0.001400 
0.001052 0.000121 0.000772 0.001384 
0.001076 0.000135 0.000783 0.001569 
0.001081 0.000150 0.000742 0.001607 
0.001066 0.000121 0.000828 0.001505 
0.001092 0.000148 0.000815 0.001670 
0.001075 0.000126 0.000805 0.001652 
0.001084 0.000134 0.000823 0.001515 
0.001043 0.000123 0.000805 0.001410 
0.001058 0.000118 0.000798 0.001418 
0.001067 0.000122 0.000776 0.001400 
0.001091 0.000150 0.000805 0.001711 
0.001069 0.000143 0.000785 0.001575 
0.001210 0.000195 0.000839 0.001826 
0.001227 0.000213 0.000868 0.001927 
0.001215 0.000217 0.000836 0.002038 
0.001205 0.000172 0.000866 0.001793 
0.001222 0.000203 0.000860 0.001906 
0.001221 0.000220 0.000781 0.002052 
0.001203 0.000200 0.000846 0.001923 
0.001248 0.000216 0.000894 0.002006 
0.001212 0.000209 0.000832 0.001992 
0.001223 0.000207 0.000818 0.002162 
0.001213 0.000211 0.000838 0.002178 
0.001179 0.000156 0.000844 0.001737 
0.001011 0.000078 0.000740 0.001317 
0.000997 0.000075 0.000792 0.001286 
0.001003 0.000082 0.000749 0.001437 
0.001032 0.000092 0.000781 0.001459 
0.001016 0.000083 0.000776 0.001357 
0.001030 0.000098 0.000726 0.001575 
0.001013 0.000090 0.000742 0.001477 
0.001023 0.000089 0.000756 0.001408 
0.001036 0.000102 0.000707 0.001484 
0.001015 0.000089 0.000764 0.001461 
0.001009 0.000087 0.000724 0.001456 
0.001021 0.000078 0.000747 0.001392 
0.001010 0.000103 0.000734 0.001697 
0.001104 0.000119 0.000785 0.001524 
0.001113 0.000109 0.000823 0.001420 
0.001098 0.000103 0.000822 0.001428 
0.001109 0.000131 0.000794 0.001520 
0.001106 0.000137 0.000750 0.001684 
0.001097 0.000122 0.000807 0.001613 
0.001109 0.000125 0.000799 0.001591 
0.001111 0.000120 0.000816 0.001460 
0.001074 0.000110 0.000781 0.001509 
0.001097 0.000114 0.000797 0.001446 
0.001093 0.000113 0.000812 0.001474 
0.001122 0.000115 0.000782 0.001608 
0.001069 0.000121 0.000733 0.001459 
0.001093 0.000144 0.000797 0.001520 
0.001106 0.000147 0.000818 0.001439 
0.001094 0.000147 0.000758 0.001425 
0.001146 0.000157 0.000813 0.001561 
0.001122 0.000154 0.000783 0.001511 
0.001114 0.000164 0.000743 0.001579 
0.001114 0.000166 0.000739 0.001535 
0.001141 0.000157 0.000795 0.001555 
0.001106 0.000151 0.000798 0.001488 
0.001125 0.000149 0.000798 0.001486 
0.001113 0.000155 0.000789 0.001464 
0.001106 0.000151 0.000775 0.001473 
0.001114 0.000160 0.000765 0.001623 
0.001091 0.000151 0.000791 0.001478 
0.001194 0.000222 0.000768 0.001953 
0.001153 0.000194 0.000792 0.001780 
0.001152 0.000188 0.000776 0.001738 
0.001167 0.000207 0.000762 0.001905 
0.001192 0.000208 0.000798 0.001917 
0.001176 0.000218 0.000783 0.001894 
0.001179 0.000208 0.000805 0.001953 
0.001157 0.000215 0.000748 0.001984 
0.001166 0.000213 0.000781 0.002023 
0.001168 0.000222 0.000771 0.001884 
0.001147 0.000214 0.000782 0.001878 
0.001161 0.000227 0.000787 0.002112 
0.001141 0.000187 0.000801 0.001762 
