0.001259 0.000330 0.000819 0.002332 
0.001302 0.000355 0.000769 0.002237 
0.001255 0.000295 0.000810 0.002035 
0.001267 0.000271 0.000898 0.002189 
0.001271 0.000300 0.000824 0.002027 
0.001276 0.000375 0.000830 0.002503 
0.001215 0.000271 0.000788 0.002002 
0.001199 0.000214 0.000782 0.001749 
0.001248 0.000286 0.000856 0.002033 
0.001198 0.000276 0.000797 0.001970 
0.001196 0.000242 0.000807 0.001863 
0.001191 0.000308 0.000763 0.002070 
0.001299 0.000397 0.000835 0.002468 
0.001139 0.000228 0.000740 0.001793 
0.001156 0.000249 0.000729 0.001796 
0.001199 0.000255 0.000798 0.002033 
0.001245 0.000261 0.000797 0.002112 
0.001157 0.000256 0.000768 0.001858 
0.001135 0.000231 0.000805 0.001957 
0.001119 0.000173 0.000795 0.001616 
0.001139 0.000195 0.000788 0.001705 
0.001211 0.000218 0.000759 0.001983 
0.001161 0.000158 0.000829 0.001622 
0.001145 0.000191 0.000764 0.001730 
0.001165 0.000186 0.000792 0.001704 
0.001140 0.000206 0.000802 0.002128 
0.001437 0.000365 0.000892 0.002401 
0.001422 0.000282 0.000855 0.002208 
0.001339 0.000300 0.000849 0.002491 
0.001363 0.000273 0.000868 0.002173 
0.001395 0.000295 0.000848 0.002120 
0.001392 0.000340 0.000864 0.002393 
0.001344 0.000252 0.000855 0.002226 
0.001245 0.000261 0.000804 0.002036 
0.001425 0.000343 0.000882 0.002227 
0.001268 0.000220 0.000785 0.002080 
0.001379 0.000373 0.000837 0.002520 
0.001244 0.000158 0.000834 0.001543 
0.001304 0.000222 0.000896 0.001914 
0.001265 0.000210 0.000883 0.001964 
0.001278 0.000237 0.000860 0.002059 
0.001199 0.000137 0.000829 0.001666 
0.001225 0.000165 0.000811 0.001877 
0.001203 0.000172 0.000801 0.001828 
0.001292 0.000252 0.000880 0.002032 
0.001234 0.000171 0.000875 0.001799 
0.001260 0.000179 0.000887 0.001722 
0.001318 0.000292 0.000854 0.002319 
0.001262 0.000226 0.000857 0.001903 
0.001162 0.000238 0.000792 0.001816 
0.001187 0.000215 0.000792 0.001733 
0.001186 0.000223 0.000812 0.001713 
0.001143 0.000198 0.000785 0.001626 
0.001197 0.000237 0.000852 0.001989 
0.001138 0.000176 0.000831 0.001508 
0.001118 0.000172 0.000785 0.001550 
0.001161 0.000233 0.000836 0.001879 
0.001167 0.000229 0.000805 0.001844 
0.001128 0.000166 0.000826 0.001671 
0.001165 0.000216 0.000829 0.001703 
0.001279 0.000211 0.000888 0.002071 
0.001322 0.000268 0.000894 0.002057 
0.001288 0.000221 0.000867 0.001866 
0.001250 0.000202 0.000871 0.002045 
0.001307 0.000232 0.000892 0.002277 
0.001261 0.000258 0.000881 0.002247 
0.001269 0.000239 0.000845 0.002098 
0.001257 0.000270 0.000802 0.002106 
0.001282 0.000222 0.000877 0.001886 
0.001326 0.000287 0.000854 0.002248 
0.001246 0.000192 0.000893 0.001839 
0.001242 0.000220 0.000832 0.001772 
0.001184 0.000254 0.000780 0.001909 
0.001218 0.000172 0.000837 0.002086 
0.001173 0.000159 0.000808 0.001575 
0.001235 0.000277 0.000802 0.002233 
0.001177 0.000226 0.000867 0.001889 
0.001240 0.000270 0.000889 0.002221 
0.001206 0.000206 0.000729 0.001771 
0.001159 0.000153 0.000810 0.001607 
0.001159 0.000219 0.000826 0.001906 
0.001303 0.000291 0.000735 0.002080 
0.001143 0.000203 0.000805 0.001848 
0.001245 0.000183 0.000896 0.001698 
0.001240 0.000259 0.000737 0.001855 
0.001241 0.000260 0.000738 0.002003 
0.001181 0.000234 0.000791 0.001934 
0.001204 0.000204 0.000809 0.001912 
0.001211 0.000253 0.000806 0.001965 
0.001245 0.000234 0.000806 0.001796 
0.001206 0.000264 0.000817 0.002079 
0.001350 0.000258 0.000861 0.002062 
0.001250 0.000306 0.000794 0.002018 
0.001383 0.000309 0.000875 0.002163 
0.001344 0.000332 0.000779 0.002252 
0.001296 0.000369 0.000775 0.002359 
0.001224 0.000291 0.000809 0.002177 
0.001236 0.000229 0.000845 0.001949 
0.001234 0.000205 0.000793 0.001775 
0.001219 0.000277 0.000804 0.002308 
0.001187 0.000220 0.000775 0.001807 
0.001202 0.000194 0.000820 0.001642 
0.001157 0.000234 0.000712 0.001666 
0.001167 0.000188 0.000822 0.001637 
0.001123 0.000237 0.000701 0.001762 
0.001212 0.000205 0.000747 0.001642 
0.001201 0.000258 0.000745 0.001781 
0.001164 0.000198 0.000756 0.001650 
0.001139 0.000225 0.000721 0.001836 
0.001165 0.000190 0.000744 0.001681 
0.001142 0.000196 0.000770 0.001778 
0.001165 0.000167 0.000825 0.001594 
0.001211 0.000227 0.000796 0.001788 
0.001274 0.000240 0.000828 0.001921 
0.001297 0.000211 0.000899 0.001795 
0.001252 0.000230 0.000814 0.001763 
0.001234 0.000233 0.000758 0.001718 
0.001180 0.000206 0.000814 0.001630 
0.001270 0.000256 0.000814 0.001882 
0.001220 0.000249 0.000772 0.001767 
0.001230 0.000269 0.000792 0.001898 
0.001177 0.000170 0.000808 0.001508 
0.001159 0.000208 0.000827 0.001641 
0.001185 0.000179 0.000827 0.001561 
0.001213 0.000225 0.000820 0.001676 
0.001162 0.000221 0.000823 0.001643 
0.001236 0.000184 0.000845 0.001597 
0.001307 0.000313 0.000814 0.002210 
0.001245 0.000263 0.000747 0.001942 
0.001206 0.000240 0.000798 0.001835 
0.001208 0.000207 0.000813 0.001750 
0.001249 0.000297 0.000787 0.002142 
0.001231 0.000311 0.000736 0.002013 
0.001148 0.000244 0.000706 0.001878 
0.001251 0.000270 0.000823 0.002048 
0.001208 0.000264 0.000753 0.001913 
0.001205 0.000201 0.000849 0.001717 
0.001188 0.000227 0.000755 0.001855 
0.001288 0.000285 0.000815 0.002141 
0.001161 0.000164 0.000835 0.001651 
0.001159 0.000158 0.000792 0.001503 
0.001170 0.000182 0.000824 0.001695 
0.001178 0.000245 0.000819 0.001943 
0.001204 0.000216 0.000758 0.001729 
0.001251 0.000246 0.000811 0.001762 
0.001180 0.000228 0.000839 0.001880 
0.001225 0.000218 0.000878 0.001796 
0.001268 0.000242 0.000768 0.001919 
0.001215 0.000198 0.000850 0.001819 
0.001172 0.000197 0.000812 0.001704 
0.001212 0.000226 0.000848 0.001949 
0.001208 0.000218 0.000800 0.001855 
0.001323 0.000320 0.000825 0.002219 
0.001403 0.000381 0.000852 0.002480 
0.001189 0.000205 0.000751 0.001602 
0.001260 0.000248 0.000836 0.001981 
0.001225 0.000242 0.000781 0.001877 
0.001208 0.000220 0.000801 0.001696 
0.001263 0.000235 0.000816 0.001927 
0.001222 0.000221 0.000777 0.001797 
0.001163 0.000185 0.000760 0.001593 
0.001245 0.000198 0.000765 0.001670 
0.001148 0.000204 0.000716 0.001651 
0.001341 0.000281 0.000788 0.002032 
0.001201 0.000204 0.000803 0.001685 
0.001138 0.000221 0.000793 0.001708 
0.001180 0.000257 0.000781 0.001946 
0.001145 0.000189 0.000766 0.001607 
0.001123 0.000166 0.000778 0.001453 
0.001143 0.000170 0.000803 0.001507 
0.001130 0.000172 0.000766 0.001675 
0.001157 0.000224 0.000762 0.001823 
0.001110 0.000203 0.000734 0.001636 
0.001058 0.000200 0.000763 0.001728 
0.001149 0.000248 0.000777 0.001849 
0.001147 0.000185 0.000788 0.001645 
0.001048 0.000168 0.000745 0.001562 
0.001190 0.000253 0.000763 0.001765 
0.001131 0.000263 0.000757 0.002099 
0.001143 0.000214 0.000795 0.002012 
0.001227 0.000221 0.000798 0.001711 
0.001199 0.000282 0.000786 0.001909 
0.001287 0.000321 0.000807 0.002070 
0.001200 0.000226 0.000807 0.001753 
0.001148 0.000262 0.000770 0.001989 
0.001228 0.000276 0.000793 0.001836 
0.001242 0.000312 0.000738 0.002051 
0.001249 0.000250 0.000794 0.001830 
0.001196 0.000255 0.000767 0.001840 
0.001160 0.000227 0.000755 0.001660 
0.001172 0.000235 0.000776 0.001788 
0.001190 0.000228 0.000763 0.001641 
