0.001018 0.000121 0.000723 0.001212 
0.001038 0.000155 0.000648 0.001323 
0.001022 0.000145 0.000665 0.001324 
0.001013 0.000141 0.000722 0.001291 
0.001017 0.000110 0.000784 0.001254 
0.001010 0.000122 0.000699 0.001227 
0.001060 0.000152 0.000759 0.001396 
0.001035 0.000164 0.000689 0.001353 
0.001049 0.000163 0.000787 0.001563 
0.000994 0.000156 0.000648 0.001314 
0.001051 0.000144 0.000648 0.001318 
0.000980 0.000147 0.000660 0.001267 
0.001053 0.000117 0.000736 0.001245 
0.001063 0.000161 0.000728 0.001353 
0.000993 0.000158 0.000687 0.001438 
0.001101 0.000197 0.000662 0.001506 
0.001128 0.000174 0.000651 0.001481 
0.001040 0.000177 0.000665 0.001500 
0.001037 0.000168 0.000725 0.001370 
0.000984 0.000164 0.000687 0.001407 
0.001036 0.000142 0.000736 0.001271 
0.001070 0.000167 0.000751 0.001407 
0.001057 0.000191 0.000615 0.001380 
0.001111 0.000153 0.000743 0.001475 
0.001112 0.000166 0.000660 0.001435 
0.001068 0.000168 0.000718 0.001428 
0.001080 0.000161 0.000663 0.001381 
0.001177 0.000142 0.000750 0.001435 
0.001081 0.000141 0.000701 0.001390 
0.001105 0.000133 0.000749 0.001382 
0.001132 0.000127 0.000766 0.001372 
0.001100 0.000144 0.000739 0.001382 
0.001117 0.000142 0.000734 0.001495 
0.001101 0.000138 0.000737 0.001453 
0.001052 0.000153 0.000665 0.001322 
0.001112 0.000146 0.000698 0.001519 
0.001087 0.000152 0.000707 0.001373 
0.001026 0.000138 0.000718 0.001269 
0.001011 0.000159 0.000705 0.001303 
0.001063 0.000152 0.000719 0.001348 
0.001100 0.000157 0.000742 0.001442 
0.001081 0.000122 0.000789 0.001315 
0.001024 0.000124 0.000741 0.001251 
0.001029 0.000167 0.000621 0.001324 
0.001092 0.000156 0.000739 0.001500 
0.001065 0.000139 0.000686 0.001353 
0.001105 0.000162 0.000732 0.001501 
0.001048 0.000143 0.000732 0.001487 
0.001078 0.000157 0.000767 0.001429 
0.001042 0.000198 0.000594 0.001381 
0.001073 0.000163 0.000701 0.001406 
0.000964 0.000123 0.000714 0.001230 
0.001059 0.000117 0.000843 0.001290 
0.001070 0.000158 0.000794 0.001465 
0.001035 0.000101 0.000798 0.001233 
0.001076 0.000174 0.000628 0.001403 
0.001063 0.000120 0.000813 0.001372 
0.001019 0.000138 0.000803 0.001386 
0.001017 0.000126 0.000743 0.001300 
0.001044 0.000177 0.000648 0.001478 
0.001124 0.000133 0.000810 0.001368 
0.001094 0.000127 0.000741 0.001274 
0.001083 0.000106 0.000839 0.001303 
0.001099 0.000114 0.000790 0.001348 
0.001064 0.000121 0.000799 0.001322 
0.001077 0.000126 0.000777 0.001342 
0.001073 0.000115 0.000797 0.001316 
0.001030 0.000103 0.000739 0.001321 
0.001071 0.000117 0.000791 0.001301 
0.001034 0.000138 0.000756 0.001422 
0.001024 0.000128 0.000713 0.001352 
0.001101 0.000142 0.000761 0.001411 
0.001023 0.000124 0.000716 0.001317 
0.001060 0.000140 0.000764 0.001460 
0.001042 0.000135 0.000642 0.001388 
0.001030 0.000125 0.000788 0.001326 
0.001041 0.000133 0.000753 0.001337 
0.001051 0.000139 0.000714 0.001328 
0.001030 0.000116 0.000796 0.001356 
0.001051 0.000140 0.000693 0.001340 
0.001034 0.000134 0.000717 0.001294 
0.001048 0.000136 0.000731 0.001359 
0.000996 0.000127 0.000740 0.001238 
0.001029 0.000119 0.000727 0.001244 
0.001086 0.000143 0.000755 0.001406 
0.001116 0.000126 0.000763 0.001333 
0.001098 0.000130 0.000775 0.001416 
0.001059 0.000140 0.000694 0.001277 
0.001125 0.000142 0.000790 0.001479 
0.000985 0.000144 0.000688 0.001278 
0.001067 0.000158 0.000696 0.001498 
0.001110 0.000141 0.000784 0.001412 
0.001090 0.000138 0.000738 0.001359 
0.001055 0.000144 0.000737 0.001340 
0.001047 0.000156 0.000677 0.001337 
0.001055 0.000186 0.000670 0.001588 
0.001034 0.000142 0.000683 0.001349 
0.001136 0.000149 0.000769 0.001479 
0.000968 0.000122 0.000687 0.001251 
0.000999 0.000128 0.000707 0.001230 
0.001007 0.000136 0.000637 0.001242 
0.001075 0.000155 0.000623 0.001300 
0.000999 0.000140 0.000713 0.001287 
0.000934 0.000177 0.000617 0.001234 
0.000975 0.000132 0.000681 0.001197 
0.001051 0.000141 0.000759 0.001335 
0.001014 0.000140 0.000701 0.001239 
0.001006 0.000144 0.000730 0.001244 
0.000971 0.000143 0.000613 0.001206 
0.000985 0.000153 0.000584 0.001317 
0.000959 0.000135 0.000622 0.001246 
0.001017 0.000146 0.000626 0.001370 
0.001005 0.000153 0.000714 0.001325 
0.001013 0.000133 0.000659 0.001224 
0.000994 0.000153 0.000665 0.001448 
0.001136 0.000231 0.000647 0.001668 
0.001023 0.000194 0.000691 0.001472 
0.001003 0.000192 0.000566 0.001393 
0.001110 0.000201 0.000574 0.001551 
0.001010 0.000196 0.000659 0.001498 
0.001093 0.000204 0.000732 0.001687 
0.001051 0.000179 0.000715 0.001468 
0.001070 0.000196 0.000656 0.001425 
0.001131 0.000167 0.000804 0.001495 
0.001084 0.000199 0.000751 0.001580 
0.001116 0.000206 0.000553 0.001616 
0.001025 0.000170 0.000731 0.001435 
0.000972 0.000099 0.000744 0.001186 
0.001042 0.000153 0.000715 0.001433 
0.000905 0.000110 0.000693 0.001256 
0.001004 0.000128 0.000639 0.001272 
0.000953 0.000117 0.000721 0.001204 
0.000972 0.000145 0.000696 0.001321 
0.000960 0.000159 0.000715 0.001447 
0.000966 0.000138 0.000597 0.001281 
0.000997 0.000142 0.000711 0.001254 
0.000944 0.000095 0.000748 0.001219 
0.000917 0.000137 0.000714 0.001277 
0.001033 0.000113 0.000839 0.001467 
0.001052 0.000133 0.000660 0.001365 
0.001063 0.000127 0.000638 0.001279 
0.001063 0.000162 0.000689 0.001334 
0.001055 0.000149 0.000728 0.001480 
0.001002 0.000119 0.000716 0.001240 
0.001102 0.000110 0.000767 0.001306 
0.001025 0.000152 0.000695 0.001401 
0.001048 0.000166 0.000622 0.001510 
0.001075 0.000124 0.000706 0.001319 
0.001067 0.000162 0.000648 0.001362 
0.001055 0.000154 0.000728 0.001430 
0.001066 0.000143 0.000694 0.001468 
0.001133 0.000171 0.000615 0.001473 
0.001141 0.000170 0.000690 0.001467 
0.001098 0.000167 0.000754 0.001481 
0.001113 0.000171 0.000663 0.001450 
0.001125 0.000167 0.000690 0.001552 
0.001146 0.000166 0.000648 0.001450 
0.001094 0.000164 0.000732 0.001390 
0.001108 0.000174 0.000680 0.001463 
0.001119 0.000179 0.000677 0.001472 
0.001045 0.000166 0.000635 0.001319 
0.001152 0.000174 0.000744 0.001468 
0.001051 0.000182 0.000651 0.001373 
0.001203 0.000163 0.000836 0.001604 
0.001058 0.000152 0.000668 0.001343 
0.001031 0.000184 0.000666 0.001382 
0.001076 0.000155 0.000759 0.001444 
0.001013 0.000167 0.000707 0.001351 
0.001031 0.000188 0.000675 0.001446 
0.001068 0.000162 0.000747 0.001371 
0.000999 0.000168 0.000644 0.001417 
0.001002 0.000189 0.000642 0.001393 
0.001058 0.000157 0.000744 0.001517 
0.001000 0.000172 0.000624 0.001362 
0.001040 0.000170 0.000675 0.001399 
0.001164 0.000239 0.000725 0.001768 
0.001100 0.000154 0.000789 0.001374 
0.001082 0.000193 0.000684 0.001450 
0.001034 0.000153 0.000752 0.001307 
0.001087 0.000155 0.000779 0.001494 
0.001060 0.000148 0.000739 0.001391 
0.001085 0.000214 0.000712 0.001656 
0.001115 0.000213 0.000671 0.001636 
0.001106 0.000171 0.000769 0.001429 
0.001090 0.000197 0.000608 0.001523 
0.001051 0.000182 0.000650 0.001465 
0.001145 0.000214 0.000758 0.001688 
0.001114 0.000217 0.000645 0.001637 
0.001016 0.000161 0.000707 0.001425 
0.001091 0.000170 0.000679 0.001498 
0.001132 0.000191 0.000694 0.001621 
0.001123 0.000188 0.000765 0.001602 
