0.000894 0.000078 0.000693 0.001132 
0.000878 0.000085 0.000651 0.001143 
0.000890 0.000074 0.000712 0.001153 
0.000896 0.000086 0.000720 0.001191 
0.000886 0.000074 0.000716 0.001101 
0.000900 0.000081 0.000734 0.001191 
0.000882 0.000076 0.000716 0.001136 
0.000889 0.000076 0.000732 0.001159 
0.000854 0.000075 0.000677 0.001070 
0.000882 0.000077 0.000712 0.001132 
0.000879 0.000078 0.000721 0.001163 
0.000873 0.000077 0.000720 0.001107 
0.000899 0.000078 0.000727 0.001213 
0.000847 0.000100 0.000645 0.001128 
0.000831 0.000101 0.000626 0.001129 
0.000835 0.000106 0.000613 0.001159 
0.000854 0.000103 0.000651 0.001138 
0.000866 0.000104 0.000650 0.001207 
0.000835 0.000102 0.000619 0.001168 
0.000840 0.000103 0.000631 0.001158 
0.000838 0.000099 0.000618 0.001135 
0.000824 0.000097 0.000628 0.001119 
0.000827 0.000099 0.000625 0.001110 
0.000834 0.000102 0.000633 0.001138 
0.000841 0.000100 0.000637 0.001136 
0.000833 0.000097 0.000624 0.001098 
0.000845 0.000079 0.000687 0.001050 
0.000799 0.000095 0.000613 0.001102 
0.000825 0.000078 0.000643 0.001059 
0.000829 0.000082 0.000652 0.001084 
0.000852 0.000087 0.000656 0.001142 
0.000834 0.000093 0.000634 0.001110 
0.000833 0.000084 0.000632 0.001107 
0.000821 0.000076 0.000667 0.001104 
0.000847 0.000089 0.000669 0.001099 
0.000820 0.000079 0.000666 0.001058 
0.000843 0.000075 0.000671 0.001063 
0.000846 0.000074 0.000697 0.001128 
0.000847 0.000078 0.000647 0.001108 
0.000862 0.000073 0.000700 0.001159 
0.000829 0.000080 0.000657 0.001124 
0.000835 0.000076 0.000674 0.001110 
0.000840 0.000073 0.000656 0.001139 
0.000834 0.000081 0.000639 0.001135 
0.000859 0.000075 0.000675 0.001144 
0.000840 0.000076 0.000665 0.001109 
0.000865 0.000071 0.000672 0.001170 
0.000831 0.000077 0.000657 0.001136 
0.000878 0.000075 0.000708 0.001138 
0.000914 0.000098 0.000705 0.001298 
0.000861 0.000091 0.000699 0.001264 
0.000889 0.000092 0.000721 0.001278 
0.000885 0.000091 0.000732 0.001206 
0.000894 0.000097 0.000702 0.001275 
0.000893 0.000109 0.000691 0.001313 
0.000876 0.000087 0.000723 0.001251 
0.000890 0.000095 0.000714 0.001223 
0.000892 0.000101 0.000698 0.001305 
0.000878 0.000100 0.000710 0.001264 
0.000867 0.000095 0.000710 0.001265 
0.000807 0.000102 0.000591 0.001134 
0.000814 0.000114 0.000586 0.001240 
0.000801 0.000101 0.000598 0.001120 
0.000808 0.000100 0.000590 0.001137 
0.000804 0.000113 0.000569 0.001156 
0.000803 0.000097 0.000577 0.001109 
0.000803 0.000106 0.000580 0.001127 
0.000804 0.000106 0.000604 0.001111 
0.000822 0.000114 0.000560 0.001190 
0.000819 0.000112 0.000577 0.001206 
0.000861 0.000084 0.000674 0.001140 
0.000807 0.000079 0.000620 0.001047 
0.000853 0.000083 0.000651 0.001144 
0.000825 0.000078 0.000634 0.001067 
0.000831 0.000073 0.000639 0.001070 
0.000856 0.000079 0.000686 0.001118 
0.000838 0.000073 0.000675 0.001040 
0.000853 0.000084 0.000658 0.001106 
0.000824 0.000076 0.000626 0.001088 
0.000851 0.000078 0.000664 0.001089 
0.000819 0.000071 0.000623 0.001025 
0.000854 0.000081 0.000648 0.001106 
0.000848 0.000082 0.000667 0.001087 
0.000848 0.000085 0.000662 0.001108 
0.000843 0.000077 0.000652 0.001090 
0.000797 0.000079 0.000595 0.001057 
0.000841 0.000094 0.000641 0.001188 
0.000814 0.000101 0.000612 0.001244 
0.000821 0.000099 0.000632 0.001261 
0.000826 0.000100 0.000633 0.001231 
0.000840 0.000099 0.000634 0.001214 
0.000846 0.000096 0.000643 0.001199 
0.000822 0.000099 0.000613 0.001191 
0.000832 0.000095 0.000638 0.001186 
0.000849 0.000090 0.000627 0.001199 
0.000842 0.000093 0.000645 0.001222 
0.000826 0.000098 0.000620 0.001231 
0.000850 0.000099 0.000647 0.001198 
0.000854 0.000092 0.000670 0.001210 
0.000814 0.000096 0.000618 0.001172 
0.000874 0.000091 0.000649 0.001335 
0.000870 0.000098 0.000642 0.001286 
0.000898 0.000087 0.000682 0.001287 
0.000876 0.000090 0.000677 0.001325 
0.000887 0.000089 0.000726 0.001329 
0.000877 0.000085 0.000645 0.001264 
0.000889 0.000089 0.000659 0.001322 
0.000871 0.000095 0.000670 0.001256 
0.000894 0.000087 0.000694 0.001305 
0.000847 0.000091 0.000685 0.001248 
0.000880 0.000090 0.000659 0.001265 
0.000860 0.000096 0.000706 0.001310 
0.000870 0.000088 0.000668 0.001310 
0.000888 0.000097 0.000640 0.001338 
0.000875 0.000129 0.000630 0.001335 
0.000852 0.000120 0.000609 0.001245 
0.000864 0.000132 0.000594 0.001339 
0.000865 0.000134 0.000599 0.001298 
0.000887 0.000122 0.000618 0.001271 
0.000858 0.000122 0.000613 0.001334 
0.000878 0.000119 0.000647 0.001234 
0.000883 0.000122 0.000614 0.001299 
0.000855 0.000115 0.000612 0.001276 
0.000883 0.000120 0.000626 0.001347 
0.000849 0.000122 0.000599 0.001227 
0.000860 0.000128 0.000606 0.001273 
0.000875 0.000121 0.000606 0.001266 
0.000845 0.000087 0.000674 0.001164 
0.000821 0.000090 0.000637 0.001130 
0.000831 0.000087 0.000663 0.001138 
0.000840 0.000087 0.000674 0.001151 
0.000852 0.000087 0.000634 0.001151 
0.000832 0.000085 0.000656 0.001120 
0.000845 0.000090 0.000670 0.001164 
0.000872 0.000082 0.000685 0.001184 
0.000838 0.000090 0.000644 0.001136 
0.000828 0.000095 0.000640 0.001176 
0.000834 0.000084 0.000674 0.001133 
0.000833 0.000092 0.000663 0.001169 
0.000882 0.000079 0.000605 0.001205 
0.000871 0.000088 0.000613 0.001247 
0.000890 0.000088 0.000610 0.001230 
0.000895 0.000093 0.000621 0.001274 
0.000868 0.000087 0.000587 0.001208 
0.000895 0.000092 0.000599 0.001301 
0.000878 0.000086 0.000581 0.001226 
0.000903 0.000095 0.000631 0.001318 
0.000887 0.000097 0.000589 0.001346 
0.000905 0.000088 0.000633 0.001237 
0.000887 0.000086 0.000631 0.001234 
0.000910 0.000094 0.000632 0.001314 
0.000864 0.000087 0.000604 0.001243 
0.000886 0.000095 0.000671 0.001264 
0.000879 0.000118 0.000663 0.001367 
0.000880 0.000095 0.000682 0.001239 
0.000903 0.000100 0.000687 0.001305 
0.000888 0.000106 0.000686 0.001302 
0.000876 0.000100 0.000672 0.001250 
0.000868 0.000097 0.000666 0.001221 
0.000883 0.000105 0.000674 0.001282 
0.000870 0.000102 0.000651 0.001257 
0.000866 0.000087 0.000676 0.001226 
0.000883 0.000102 0.000653 0.001251 
0.000888 0.000107 0.000698 0.001358 
0.000853 0.000103 0.000636 0.001215 
0.000893 0.000106 0.000685 0.001242 
0.000888 0.000099 0.000627 0.001173 
0.000905 0.000098 0.000666 0.001193 
0.000909 0.000108 0.000635 0.001174 
0.000904 0.000100 0.000664 0.001170 
0.000915 0.000098 0.000692 0.001160 
0.000893 0.000103 0.000684 0.001181 
0.000898 0.000104 0.000651 0.001138 
0.000889 0.000105 0.000667 0.001193 
0.000916 0.000100 0.000659 0.001176 
0.000902 0.000106 0.000661 0.001186 
0.000894 0.000098 0.000675 0.001197 
0.000912 0.000095 0.000689 0.001185 
0.000876 0.000104 0.000689 0.001189 
0.000863 0.000086 0.000720 0.001206 
0.000784 0.000086 0.000626 0.001137 
0.000859 0.000098 0.000701 0.001249 
0.000846 0.000092 0.000686 0.001237 
0.000834 0.000099 0.000690 0.001205 
0.000808 0.000097 0.000644 0.001162 
0.000905 0.000093 0.000727 0.001251 
0.000819 0.000088 0.000629 0.001206 
0.000824 0.000088 0.000701 0.001131 
0.000828 0.000091 0.000673 0.001207 
0.000832 0.000081 0.000685 0.001136 
0.000786 0.000081 0.000637 0.001143 
0.000810 0.000085 0.000648 0.001135 
