0.001020 0.000091 0.000757 0.001332 
0.000984 0.000082 0.000753 0.001316 
0.000969 0.000082 0.000712 0.001198 
0.001003 0.000108 0.000679 0.001300 
0.001014 0.000099 0.000739 0.001317 
0.001004 0.000098 0.000704 0.001229 
0.001009 0.000096 0.000717 0.001262 
0.000997 0.000084 0.000720 0.001245 
0.000966 0.000075 0.000753 0.001228 
0.000994 0.000091 0.000751 0.001292 
0.000989 0.000087 0.000738 0.001205 
0.000992 0.000090 0.000740 0.001286 
0.001013 0.000096 0.000711 0.001242 
0.000986 0.000066 0.000738 0.001118 
0.001003 0.000077 0.000751 0.001221 
0.001000 0.000061 0.000757 0.001215 
0.001009 0.000062 0.000763 0.001139 
0.001024 0.000071 0.000749 0.001180 
0.000995 0.000068 0.000741 0.001188 
0.001005 0.000056 0.000749 0.001165 
0.000989 0.000062 0.000736 0.001149 
0.001007 0.000069 0.000746 0.001269 
0.000981 0.000061 0.000717 0.001172 
0.000991 0.000066 0.000710 0.001110 
0.000996 0.000072 0.000729 0.001131 
0.000973 0.000059 0.000717 0.001129 
0.001015 0.000054 0.000767 0.001173 
0.000986 0.000059 0.000764 0.001146 
0.001025 0.000067 0.000787 0.001154 
0.001073 0.000075 0.000740 0.001239 
0.001093 0.000071 0.000783 0.001266 
0.001072 0.000075 0.000774 0.001250 
0.001043 0.000063 0.000772 0.001211 
0.001016 0.000054 0.000794 0.001142 
0.001082 0.000083 0.000777 0.001288 
0.001015 0.000061 0.000749 0.001190 
0.001022 0.000063 0.000761 0.001197 
0.000956 0.000061 0.000764 0.001205 
0.000980 0.000065 0.000785 0.001199 
0.000988 0.000070 0.000778 0.001151 
0.000960 0.000057 0.000768 0.001121 
0.000958 0.000062 0.000777 0.001087 
0.000992 0.000077 0.000810 0.001167 
0.000951 0.000057 0.000771 0.001095 
0.000983 0.000066 0.000781 0.001210 
0.000959 0.000061 0.000758 0.001112 
0.000990 0.000072 0.000776 0.001145 
0.000979 0.000070 0.000749 0.001194 
0.000988 0.000069 0.000801 0.001160 
0.000990 0.000108 0.000712 0.001383 
0.001031 0.000113 0.000744 0.001442 
0.000979 0.000094 0.000773 0.001304 
0.000970 0.000091 0.000749 0.001224 
0.001007 0.000107 0.000707 0.001374 
0.001003 0.000097 0.000777 0.001348 
0.001007 0.000113 0.000718 0.001335 
0.001011 0.000108 0.000731 0.001329 
0.000988 0.000095 0.000732 0.001301 
0.001009 0.000085 0.000783 0.001290 
0.000983 0.000101 0.000734 0.001363 
0.000996 0.000075 0.000711 0.001194 
0.001024 0.000085 0.000714 0.001247 
0.000988 0.000081 0.000757 0.001238 
0.001004 0.000077 0.000737 0.001148 
0.001004 0.000089 0.000711 0.001219 
0.000986 0.000082 0.000716 0.001195 
0.000977 0.000077 0.000729 0.001190 
0.000949 0.000084 0.000714 0.001226 
0.001037 0.000098 0.000728 0.001265 
0.000991 0.000090 0.000709 0.001220 
0.000992 0.000077 0.000707 0.001138 
0.000958 0.000060 0.000715 0.001057 
0.000963 0.000068 0.000746 0.001117 
0.000954 0.000070 0.000710 0.001127 
0.000956 0.000071 0.000697 0.001202 
0.001011 0.000078 0.000727 0.001182 
0.000950 0.000060 0.000723 0.001042 
0.000966 0.000058 0.000769 0.001094 
0.000945 0.000067 0.000697 0.001159 
0.000961 0.000059 0.000724 0.001080 
0.000929 0.000067 0.000707 0.001029 
0.000964 0.000065 0.000733 0.001094 
0.000974 0.000062 0.000738 0.001113 
0.000981 0.000072 0.000722 0.001156 
0.000975 0.000062 0.000761 0.001102 
0.000932 0.000060 0.000714 0.001036 
0.001025 0.000095 0.000713 0.001385 
0.000988 0.000081 0.000718 0.001331 
0.001040 0.000084 0.000772 0.001334 
0.001006 0.000089 0.000718 0.001267 
0.001028 0.000083 0.000743 0.001246 
0.001036 0.000087 0.000750 0.001237 
0.001011 0.000089 0.000724 0.001261 
0.001015 0.000086 0.000728 0.001313 
0.001012 0.000086 0.000744 0.001257 
0.000973 0.000086 0.000692 0.001182 
0.001005 0.000087 0.000783 0.001319 
0.001017 0.000088 0.000739 0.001389 
0.001004 0.000084 0.000733 0.001245 
0.000977 0.000076 0.000756 0.001251 
0.001052 0.000145 0.000784 0.001695 
0.001045 0.000124 0.000790 0.001496 
0.001079 0.000143 0.000794 0.001669 
0.001046 0.000122 0.000776 0.001489 
0.001074 0.000146 0.000754 0.001717 
0.001044 0.000141 0.000748 0.001592 
0.001075 0.000142 0.000750 0.001546 
0.001062 0.000154 0.000772 0.001554 
0.001065 0.000153 0.000752 0.001769 
0.001046 0.000138 0.000747 0.001565 
0.001044 0.000135 0.000771 0.001538 
0.001029 0.000128 0.000759 0.001452 
0.001073 0.000145 0.000786 0.001543 
0.001068 0.000120 0.000802 0.001578 
0.000935 0.000068 0.000767 0.001148 
0.000881 0.000077 0.000650 0.001107 
0.000908 0.000092 0.000635 0.001174 
0.000885 0.000077 0.000658 0.001120 
0.000913 0.000074 0.000739 0.001143 
0.000906 0.000085 0.000682 0.001183 
0.000897 0.000070 0.000712 0.001088 
0.000892 0.000091 0.000706 0.001191 
0.000900 0.000073 0.000705 0.001166 
0.000891 0.000083 0.000607 0.001149 
0.000905 0.000081 0.000707 0.001165 
0.000916 0.000067 0.000735 0.001120 
0.000906 0.000078 0.000707 0.001100 
0.001021 0.000086 0.000733 0.001237 
0.001015 0.000089 0.000732 0.001325 
0.001004 0.000087 0.000733 0.001271 
0.001014 0.000084 0.000777 0.001265 
0.001007 0.000086 0.000706 0.001261 
0.000995 0.000081 0.000686 0.001198 
0.000946 0.000091 0.000662 0.001174 
0.001044 0.000082 0.000770 0.001245 
0.000988 0.000088 0.000715 0.001289 
0.001020 0.000075 0.000789 0.001279 
0.001013 0.000096 0.000745 0.001392 
0.001028 0.000079 0.000761 0.001326 
0.001047 0.000090 0.000746 0.001322 
0.001016 0.000094 0.000678 0.001334 
0.001013 0.000091 0.000712 0.001273 
0.001046 0.000101 0.000713 0.001342 
0.001061 0.000099 0.000723 0.001302 
0.001069 0.000105 0.000684 0.001300 
0.001043 0.000087 0.000699 0.001239 
0.001081 0.000099 0.000735 0.001331 
0.001058 0.000106 0.000719 0.001292 
0.001051 0.000096 0.000690 0.001311 
0.001051 0.000090 0.000723 0.001291 
0.001064 0.000103 0.000679 0.001307 
0.001017 0.000080 0.000755 0.001291 
0.001086 0.000095 0.000770 0.001317 
0.001090 0.000090 0.000790 0.001369 
0.001086 0.000103 0.000729 0.001354 
0.001064 0.000093 0.000781 0.001312 
0.001086 0.000108 0.000753 0.001411 
0.001062 0.000090 0.000754 0.001268 
0.001073 0.000095 0.000743 0.001333 
0.001076 0.000083 0.000816 0.001290 
0.001051 0.000087 0.000786 0.001293 
0.001048 0.000106 0.000743 0.001391 
0.001029 0.000084 0.000760 0.001254 
0.001061 0.000103 0.000785 0.001429 
0.001058 0.000080 0.000787 0.001245 
0.001011 0.000078 0.000756 0.001272 
0.000985 0.000084 0.000772 0.001279 
0.000997 0.000103 0.000697 0.001323 
0.001001 0.000088 0.000775 0.001247 
0.001011 0.000100 0.000720 0.001381 
0.000993 0.000105 0.000748 0.001351 
0.000958 0.000089 0.000687 0.001256 
0.001012 0.000093 0.000795 0.001331 
0.000977 0.000082 0.000759 0.001241 
0.001015 0.000089 0.000813 0.001332 
0.000980 0.000090 0.000715 0.001235 
0.000993 0.000086 0.000758 0.001285 
0.001007 0.000096 0.000739 0.001287 
0.000944 0.000078 0.000739 0.001193 
0.000993 0.000066 0.000838 0.001193 
0.000958 0.000079 0.000760 0.001301 
0.000990 0.000067 0.000760 0.001223 
0.001019 0.000058 0.000851 0.001242 
0.001031 0.000081 0.000818 0.001353 
0.000981 0.000067 0.000806 0.001260 
0.000993 0.000066 0.000810 0.001224 
0.001019 0.000075 0.000824 0.001265 
0.000968 0.000077 0.000818 0.001344 
0.001003 0.000056 0.000807 0.001196 
0.000986 0.000072 0.000809 0.001247 
0.000977 0.000064 0.000780 0.001206 
0.000974 0.000086 0.000753 0.001336 
