0.000931 0.000134 0.000696 0.001275 
0.000909 0.000117 0.000701 0.001245 
0.000925 0.000117 0.000731 0.001240 
0.000926 0.000128 0.000707 0.001288 
0.000925 0.000125 0.000680 0.001257 
0.000939 0.000127 0.000709 0.001325 
0.000937 0.000123 0.000721 0.001299 
0.000949 0.000128 0.000704 0.001292 
0.000914 0.000123 0.000684 0.001256 
0.000921 0.000126 0.000712 0.001242 
0.000927 0.000130 0.000663 0.001276 
0.000907 0.000123 0.000706 0.001228 
0.000936 0.000126 0.000705 0.001287 
0.000897 0.000108 0.000654 0.001388 
0.000893 0.000106 0.000689 0.001225 
0.000877 0.000105 0.000652 0.001266 
0.000913 0.000117 0.000658 0.001293 
0.000914 0.000104 0.000691 0.001295 
0.000883 0.000108 0.000646 0.001457 
0.000888 0.000102 0.000662 0.001178 
0.000901 0.000119 0.000654 0.001317 
0.000867 0.000111 0.000612 0.001214 
0.000888 0.000109 0.000640 0.001187 
0.000881 0.000110 0.000644 0.001257 
0.000905 0.000114 0.000664 0.001332 
0.000881 0.000107 0.000649 0.001302 
0.000939 0.000116 0.000711 0.001383 
0.000907 0.000124 0.000653 0.001278 
0.000934 0.000124 0.000683 0.001291 
0.000944 0.000126 0.000681 0.001296 
0.000949 0.000131 0.000689 0.001476 
0.000944 0.000134 0.000666 0.001333 
0.000946 0.000132 0.000673 0.001327 
0.000907 0.000114 0.000676 0.001251 
0.000934 0.000124 0.000665 0.001297 
0.000910 0.000117 0.000678 0.001220 
0.000932 0.000116 0.000704 0.001243 
0.000901 0.000109 0.000700 0.001218 
0.000903 0.000116 0.000682 0.001210 
0.000905 0.000111 0.000697 0.001220 
0.000893 0.000119 0.000684 0.001200 
0.000897 0.000117 0.000688 0.001203 
0.000908 0.000109 0.000685 0.001193 
0.000889 0.000112 0.000682 0.001179 
0.000922 0.000118 0.000715 0.001257 
0.000900 0.000115 0.000685 0.001198 
0.000920 0.000113 0.000689 0.001227 
0.000892 0.000116 0.000656 0.001182 
0.000925 0.000120 0.000719 0.001259 
0.000970 0.000137 0.000699 0.001562 
0.000942 0.000128 0.000700 0.001409 
0.000961 0.000132 0.000694 0.001405 
0.000945 0.000118 0.000712 0.001389 
0.000967 0.000137 0.000726 0.001451 
0.000965 0.000138 0.000718 0.001444 
0.000957 0.000130 0.000718 0.001520 
0.000937 0.000131 0.000690 0.001507 
0.000970 0.000138 0.000700 0.001432 
0.000961 0.000137 0.000707 0.001331 
0.000951 0.000140 0.000696 0.001458 
0.000906 0.000125 0.000682 0.001286 
0.000926 0.000137 0.000672 0.001478 
0.000907 0.000130 0.000680 0.001285 
0.000920 0.000128 0.000686 0.001340 
0.000905 0.000134 0.000671 0.001380 
0.000914 0.000127 0.000675 0.001258 
0.000900 0.000127 0.000688 0.001358 
0.000903 0.000129 0.000680 0.001270 
0.000914 0.000133 0.000681 0.001360 
0.000916 0.000125 0.000679 0.001336 
0.000999 0.000138 0.000709 0.001482 
0.000971 0.000136 0.000683 0.001521 
0.000969 0.000134 0.000692 0.001428 
0.000966 0.000130 0.000698 0.001356 
0.000986 0.000138 0.000696 0.001398 
0.001001 0.000142 0.000733 0.001474 
0.000974 0.000125 0.000689 0.001342 
0.000996 0.000146 0.000688 0.001514 
0.000965 0.000133 0.000687 0.001452 
0.000995 0.000135 0.000703 0.001469 
0.000969 0.000128 0.000714 0.001371 
0.000975 0.000126 0.000710 0.001441 
0.000985 0.000138 0.000707 0.001429 
0.000999 0.000148 0.000701 0.001578 
0.000978 0.000132 0.000689 0.001439 
0.000947 0.000129 0.000691 0.001397 
0.000964 0.000105 0.000710 0.001225 
0.000947 0.000117 0.000649 0.001279 
0.000941 0.000116 0.000645 0.001304 
0.000967 0.000113 0.000691 0.001242 
0.000955 0.000112 0.000655 0.001260 
0.000955 0.000121 0.000661 0.001279 
0.000944 0.000104 0.000688 0.001214 
0.000963 0.000114 0.000668 0.001268 
0.000968 0.000112 0.000701 0.001282 
0.000959 0.000113 0.000701 0.001358 
0.000952 0.000113 0.000663 0.001265 
0.000958 0.000108 0.000676 0.001249 
0.000957 0.000106 0.000674 0.001275 
0.000936 0.000108 0.000674 0.001254 
0.000915 0.000113 0.000738 0.001325 
0.000908 0.000104 0.000724 0.001298 
0.000922 0.000086 0.000746 0.001230 
0.000930 0.000116 0.000739 0.001425 
0.000917 0.000091 0.000733 0.001284 
0.000917 0.000113 0.000698 0.001253 
0.000907 0.000100 0.000715 0.001320 
0.000909 0.000105 0.000707 0.001300 
0.000911 0.000101 0.000722 0.001359 
0.000881 0.000102 0.000695 0.001199 
0.000923 0.000112 0.000736 0.001268 
0.000899 0.000114 0.000717 0.001305 
0.000929 0.000122 0.000707 0.001490 
0.000917 0.000105 0.000723 0.001308 
0.000929 0.000119 0.000664 0.001231 
0.000927 0.000122 0.000689 0.001278 
0.000949 0.000129 0.000681 0.001327 
0.000949 0.000130 0.000685 0.001291 
0.000946 0.000115 0.000689 0.001225 
0.000931 0.000122 0.000682 0.001287 
0.000948 0.000118 0.000703 0.001337 
0.000934 0.000118 0.000696 0.001230 
0.000935 0.000119 0.000662 0.001239 
0.000961 0.000127 0.000713 0.001313 
0.000922 0.000124 0.000662 0.001240 
0.000935 0.000125 0.000697 0.001255 
0.000939 0.000122 0.000696 0.001238 
0.000970 0.000121 0.000743 0.001300 
0.000957 0.000135 0.000682 0.001482 
0.000955 0.000125 0.000716 0.001417 
0.000958 0.000143 0.000705 0.001591 
0.000968 0.000125 0.000738 0.001358 
0.000969 0.000125 0.000725 0.001331 
0.000967 0.000127 0.000714 0.001389 
0.000981 0.000125 0.000764 0.001334 
0.000963 0.000133 0.000723 0.001517 
0.000955 0.000132 0.000703 0.001380 
0.000962 0.000123 0.000749 0.001436 
0.000952 0.000125 0.000721 0.001344 
0.000931 0.000106 0.000718 0.001303 
0.000924 0.000123 0.000703 0.001461 
0.000914 0.000111 0.000692 0.001264 
0.000932 0.000112 0.000702 0.001317 
0.000927 0.000121 0.000699 0.001352 
0.000930 0.000118 0.000700 0.001374 
0.000940 0.000120 0.000695 0.001367 
0.000939 0.000111 0.000744 0.001347 
0.000932 0.000122 0.000701 0.001331 
0.000925 0.000117 0.000680 0.001297 
0.000925 0.000116 0.000683 0.001305 
0.000960 0.000121 0.000723 0.001375 
0.000928 0.000127 0.000685 0.001366 
0.001012 0.000133 0.000705 0.001400 
0.000978 0.000134 0.000696 0.001376 
0.000995 0.000121 0.000708 0.001325 
0.001015 0.000123 0.000740 0.001377 
0.001002 0.000132 0.000700 0.001347 
0.000976 0.000126 0.000700 0.001378 
0.000992 0.000127 0.000707 0.001367 
0.000971 0.000121 0.000665 0.001313 
0.000977 0.000127 0.000690 0.001364 
0.000983 0.000123 0.000695 0.001424 
0.000975 0.000124 0.000703 0.001395 
0.000986 0.000125 0.000700 0.001290 
0.000972 0.000132 0.000666 0.001401 
0.000970 0.000146 0.000666 0.001411 
0.000953 0.000142 0.000679 0.001439 
0.000966 0.000149 0.000698 0.001424 
0.000975 0.000141 0.000696 0.001399 
0.000975 0.000147 0.000696 0.001397 
0.000976 0.000139 0.000725 0.001375 
0.000945 0.000140 0.000669 0.001323 
0.000960 0.000150 0.000692 0.001511 
0.000957 0.000146 0.000706 0.001391 
0.000985 0.000144 0.000704 0.001357 
0.000971 0.000162 0.000691 0.001709 
0.000967 0.000136 0.000671 0.001424 
0.000989 0.000138 0.000690 0.001480 
0.000933 0.000143 0.000649 0.001411 
0.000980 0.000117 0.000751 0.001471 
0.000934 0.000131 0.000678 0.001365 
0.000954 0.000113 0.000707 0.001339 
0.000961 0.000135 0.000709 0.001480 
0.000945 0.000129 0.000678 0.001416 
0.000929 0.000131 0.000657 0.001483 
0.000971 0.000120 0.000746 0.001585 
0.000941 0.000123 0.000691 0.001483 
0.000944 0.000129 0.000687 0.001508 
0.000934 0.000130 0.000702 0.001418 
0.000952 0.000131 0.000686 0.001533 
0.000948 0.000138 0.000686 0.001650 
0.000943 0.000134 0.000682 0.001419 
