0.001043 0.000073 0.000749 0.001197 
0.001018 0.000062 0.000749 0.001186 
0.001005 0.000065 0.000760 0.001157 
0.001039 0.000075 0.000781 0.001219 
0.001039 0.000080 0.000695 0.001290 
0.001042 0.000074 0.000751 0.001233 
0.001029 0.000071 0.000718 0.001194 
0.001032 0.000063 0.000748 0.001161 
0.001018 0.000070 0.000736 0.001156 
0.001033 0.000067 0.000768 0.001224 
0.001000 0.000058 0.000789 0.001165 
0.000982 0.000073 0.000736 0.001236 
0.001065 0.000082 0.000772 0.001257 
0.001060 0.000097 0.000733 0.001271 
0.001031 0.000092 0.000738 0.001228 
0.001043 0.000091 0.000725 0.001225 
0.001062 0.000091 0.000759 0.001258 
0.001074 0.000094 0.000780 0.001267 
0.001020 0.000087 0.000749 0.001229 
0.001042 0.000093 0.000708 0.001380 
0.001053 0.000097 0.000718 0.001250 
0.001041 0.000094 0.000749 0.001234 
0.001034 0.000086 0.000756 0.001239 
0.001041 0.000094 0.000724 0.001217 
0.001040 0.000086 0.000776 0.001235 
0.001035 0.000087 0.000743 0.001224 
0.000998 0.000064 0.000689 0.001113 
0.001012 0.000070 0.000688 0.001142 
0.000998 0.000075 0.000681 0.001192 
0.001030 0.000080 0.000684 0.001184 
0.001052 0.000084 0.000765 0.001225 
0.001042 0.000085 0.000748 0.001210 
0.001031 0.000082 0.000712 0.001203 
0.001013 0.000074 0.000721 0.001173 
0.001027 0.000078 0.000683 0.001238 
0.001015 0.000081 0.000666 0.001210 
0.001012 0.000078 0.000664 0.001211 
0.001060 0.000082 0.000754 0.001231 
0.001097 0.000088 0.000701 0.001258 
0.001058 0.000081 0.000769 0.001224 
0.001088 0.000088 0.000770 0.001258 
0.001092 0.000096 0.000750 0.001329 
0.001050 0.000076 0.000718 0.001239 
0.001067 0.000087 0.000755 0.001251 
0.001094 0.000085 0.000749 0.001260 
0.001072 0.000083 0.000730 0.001271 
0.001076 0.000086 0.000772 0.001246 
0.001054 0.000086 0.000776 0.001289 
0.001091 0.000079 0.000784 0.001247 
0.001052 0.000108 0.000780 0.001299 
0.001044 0.000106 0.000780 0.001298 
0.001044 0.000107 0.000805 0.001281 
0.001061 0.000095 0.000772 0.001313 
0.001083 0.000097 0.000773 0.001289 
0.001091 0.000102 0.000806 0.001347 
0.001064 0.000095 0.000774 0.001305 
0.001025 0.000107 0.000743 0.001284 
0.001052 0.000100 0.000778 0.001296 
0.001045 0.000093 0.000761 0.001253 
0.001060 0.000092 0.000755 0.001277 
0.000978 0.000063 0.000725 0.001109 
0.000961 0.000061 0.000716 0.001168 
0.000979 0.000074 0.000676 0.001165 
0.000982 0.000066 0.000716 0.001134 
0.000944 0.000072 0.000712 0.001135 
0.000974 0.000067 0.000726 0.001123 
0.000948 0.000058 0.000677 0.001130 
0.000966 0.000061 0.000697 0.001107 
0.000975 0.000077 0.000678 0.001165 
0.000939 0.000064 0.000699 0.001094 
0.001059 0.000072 0.000770 0.001286 
0.001084 0.000077 0.000723 0.001327 
0.001069 0.000070 0.000755 0.001221 
0.001081 0.000088 0.000743 0.001318 
0.001074 0.000078 0.000680 0.001223 
0.001098 0.000086 0.000770 0.001337 
0.001085 0.000082 0.000756 0.001281 
0.001064 0.000070 0.000759 0.001264 
0.001068 0.000081 0.000744 0.001337 
0.001098 0.000082 0.000760 0.001269 
0.001054 0.000080 0.000715 0.001297 
0.001073 0.000066 0.000771 0.001256 
0.001063 0.000069 0.000804 0.001278 
0.001056 0.000076 0.000720 0.001199 
0.001084 0.000088 0.000742 0.001266 
0.001069 0.000068 0.000760 0.001288 
0.001042 0.000081 0.000747 0.001187 
0.001036 0.000075 0.000816 0.001250 
0.001033 0.000080 0.000809 0.001247 
0.001021 0.000078 0.000754 0.001305 
0.001027 0.000084 0.000791 0.001262 
0.001062 0.000089 0.000744 0.001289 
0.001040 0.000084 0.000759 0.001262 
0.001028 0.000094 0.000773 0.001307 
0.001026 0.000081 0.000700 0.001192 
0.001007 0.000076 0.000708 0.001206 
0.001001 0.000076 0.000760 0.001226 
0.001059 0.000089 0.000801 0.001254 
0.001045 0.000089 0.000808 0.001318 
0.001032 0.000078 0.000780 0.001234 
0.001057 0.000095 0.000772 0.001290 
0.001074 0.000100 0.000785 0.001328 
0.001055 0.000104 0.000759 0.001289 
0.000970 0.000103 0.000678 0.001329 
0.001031 0.000093 0.000738 0.001226 
0.001027 0.000090 0.000747 0.001246 
0.001035 0.000092 0.000768 0.001210 
0.001032 0.000093 0.000738 0.001319 
0.001026 0.000097 0.000739 0.001239 
0.001040 0.000095 0.000777 0.001296 
0.001049 0.000088 0.000747 0.001235 
0.001065 0.000097 0.000762 0.001270 
0.001081 0.000101 0.000787 0.001338 
0.001027 0.000094 0.000767 0.001265 
0.001068 0.000100 0.000776 0.001338 
0.001054 0.000103 0.000732 0.001308 
0.001027 0.000104 0.000763 0.001259 
0.001034 0.000103 0.000765 0.001264 
0.001025 0.000095 0.000769 0.001247 
0.001029 0.000092 0.000773 0.001256 
0.001023 0.000097 0.000765 0.001235 
0.001029 0.000102 0.000749 0.001321 
0.001003 0.000083 0.000764 0.001186 
0.001029 0.000101 0.000770 0.001283 
0.001047 0.000102 0.000756 0.001306 
0.001017 0.000111 0.000793 0.001290 
0.001021 0.000091 0.000751 0.001227 
0.000992 0.000098 0.000715 0.001253 
0.001023 0.000092 0.000716 0.001277 
0.001003 0.000104 0.000732 0.001274 
0.001032 0.000100 0.000736 0.001269 
0.001000 0.000107 0.000718 0.001229 
0.000987 0.000101 0.000709 0.001220 
0.000973 0.000102 0.000704 0.001207 
0.000999 0.000096 0.000686 0.001219 
0.000985 0.000098 0.000723 0.001240 
0.001000 0.000101 0.000704 0.001240 
0.001002 0.000106 0.000722 0.001271 
0.001011 0.000095 0.000731 0.001235 
0.001047 0.000098 0.000757 0.001250 
0.001026 0.000112 0.000752 0.001276 
0.001027 0.000113 0.000759 0.001244 
0.001042 0.000105 0.000751 0.001269 
0.001012 0.000115 0.000782 0.001262 
0.001069 0.000116 0.000781 0.001357 
0.001013 0.000110 0.000759 0.001288 
0.001030 0.000110 0.000757 0.001249 
0.001060 0.000120 0.000756 0.001290 
0.001060 0.000106 0.000768 0.001293 
0.001052 0.000106 0.000772 0.001278 
0.001031 0.000096 0.000775 0.001232 
0.001073 0.000100 0.000766 0.001290 
0.001100 0.000102 0.000781 0.001321 
0.001120 0.000104 0.000743 0.001323 
0.001096 0.000102 0.000761 0.001315 
0.001138 0.000099 0.000805 0.001343 
0.001107 0.000103 0.000730 0.001345 
0.001099 0.000098 0.000763 0.001297 
0.001095 0.000103 0.000737 0.001315 
0.001089 0.000104 0.000737 0.001298 
0.001078 0.000099 0.000744 0.001324 
0.001092 0.000106 0.000705 0.001365 
0.001080 0.000102 0.000706 0.001326 
0.001113 0.000106 0.000766 0.001350 
0.001059 0.000096 0.000776 0.001276 
0.001106 0.000085 0.000798 0.001271 
0.001139 0.000099 0.000808 0.001328 
0.001104 0.000093 0.000782 0.001285 
0.001142 0.000093 0.000764 0.001310 
0.001135 0.000095 0.000777 0.001306 
0.001140 0.000091 0.000810 0.001329 
0.001085 0.000093 0.000736 0.001270 
0.001115 0.000099 0.000704 0.001307 
0.001095 0.000087 0.000804 0.001244 
0.001146 0.000099 0.000772 0.001344 
0.001084 0.000090 0.000738 0.001301 
0.001100 0.000086 0.000796 0.001260 
0.001139 0.000106 0.000768 0.001342 
0.001077 0.000093 0.000770 0.001283 
0.001049 0.000084 0.000801 0.001260 
0.001030 0.000099 0.000762 0.001272 
0.001006 0.000089 0.000765 0.001276 
0.001014 0.000091 0.000784 0.001290 
0.001027 0.000088 0.000764 0.001258 
0.000984 0.000089 0.000758 0.001219 
0.001016 0.000086 0.000780 0.001267 
0.001016 0.000088 0.000754 0.001240 
0.001032 0.000107 0.000741 0.001287 
0.001008 0.000087 0.000762 0.001211 
0.001029 0.000095 0.000754 0.001247 
0.001058 0.000102 0.000786 0.001309 
0.001035 0.000089 0.000771 0.001253 
