0.000958 0.000120 0.000736 0.001397 
0.000912 0.000113 0.000705 0.001450 
0.000921 0.000122 0.000704 0.001520 
0.000949 0.000116 0.000720 0.001421 
0.000938 0.000116 0.000722 0.001328 
0.000948 0.000122 0.000728 0.001400 
0.000930 0.000116 0.000703 0.001327 
0.000955 0.000116 0.000762 0.001522 
0.000893 0.000112 0.000678 0.001279 
0.000942 0.000113 0.000717 0.001374 
0.000929 0.000118 0.000715 0.001368 
0.000938 0.000117 0.000735 0.001414 
0.000954 0.000114 0.000745 0.001375 
0.000903 0.000103 0.000671 0.001355 
0.000911 0.000106 0.000696 0.001401 
0.000889 0.000107 0.000683 0.001451 
0.000905 0.000108 0.000708 0.001372 
0.000917 0.000101 0.000716 0.001383 
0.000889 0.000101 0.000695 0.001313 
0.000891 0.000100 0.000667 0.001343 
0.000897 0.000105 0.000698 0.001383 
0.000904 0.000116 0.000690 0.001441 
0.000886 0.000112 0.000687 0.001464 
0.000876 0.000114 0.000673 0.001459 
0.000903 0.000112 0.000684 0.001374 
0.000914 0.000109 0.000707 0.001572 
0.000910 0.000105 0.000702 0.001371 
0.000885 0.000116 0.000688 0.001549 
0.000900 0.000121 0.000686 0.001495 
0.000901 0.000116 0.000694 0.001497 
0.000912 0.000106 0.000711 0.001472 
0.000913 0.000116 0.000701 0.001660 
0.000910 0.000128 0.000684 0.001633 
0.000888 0.000114 0.000669 0.001450 
0.000899 0.000105 0.000693 0.001342 
0.000884 0.000105 0.000686 0.001455 
0.000929 0.000113 0.000710 0.001510 
0.000902 0.000085 0.000741 0.001176 
0.000910 0.000088 0.000731 0.001147 
0.000902 0.000083 0.000734 0.001149 
0.000906 0.000097 0.000700 0.001162 
0.000903 0.000089 0.000717 0.001150 
0.000883 0.000094 0.000693 0.001162 
0.000883 0.000089 0.000707 0.001144 
0.000904 0.000087 0.000735 0.001156 
0.000907 0.000090 0.000696 0.001171 
0.000928 0.000088 0.000719 0.001212 
0.000901 0.000088 0.000704 0.001111 
0.000922 0.000086 0.000761 0.001175 
0.000939 0.000109 0.000740 0.001406 
0.000928 0.000137 0.000697 0.001554 
0.000933 0.000117 0.000728 0.001561 
0.000948 0.000125 0.000749 0.001625 
0.000963 0.000146 0.000733 0.001711 
0.000925 0.000101 0.000723 0.001342 
0.000957 0.000158 0.000727 0.001711 
0.000933 0.000119 0.000722 0.001529 
0.000937 0.000110 0.000695 0.001411 
0.000930 0.000110 0.000713 0.001536 
0.000919 0.000100 0.000719 0.001396 
0.000900 0.000110 0.000649 0.001220 
0.000889 0.000105 0.000647 0.001228 
0.000886 0.000104 0.000671 0.001215 
0.000893 0.000106 0.000673 0.001116 
0.000877 0.000103 0.000639 0.001213 
0.000878 0.000106 0.000648 0.001215 
0.000882 0.000106 0.000658 0.001239 
0.000882 0.000101 0.000656 0.001171 
0.000888 0.000100 0.000653 0.001239 
0.000876 0.000105 0.000650 0.001199 
0.000939 0.000124 0.000714 0.001325 
0.000916 0.000130 0.000662 0.001480 
0.000913 0.000125 0.000677 0.001594 
0.000917 0.000125 0.000683 0.001297 
0.000944 0.000135 0.000699 0.001476 
0.000940 0.000130 0.000688 0.001487 
0.000942 0.000142 0.000703 0.001685 
0.000936 0.000125 0.000718 0.001557 
0.000948 0.000133 0.000695 0.001528 
0.000937 0.000126 0.000688 0.001527 
0.000939 0.000117 0.000702 0.001452 
0.000936 0.000126 0.000707 0.001531 
0.000935 0.000133 0.000661 0.001533 
0.000934 0.000130 0.000694 0.001550 
0.000942 0.000144 0.000690 0.001723 
0.000898 0.000132 0.000657 0.001392 
0.000909 0.000121 0.000674 0.001257 
0.000900 0.000130 0.000670 0.001375 
0.000894 0.000118 0.000668 0.001218 
0.000904 0.000122 0.000678 0.001344 
0.000914 0.000120 0.000687 0.001248 
0.000932 0.000126 0.000685 0.001346 
0.000901 0.000119 0.000668 0.001244 
0.000916 0.000126 0.000651 0.001392 
0.000912 0.000115 0.000693 0.001266 
0.000883 0.000113 0.000682 0.001323 
0.000894 0.000118 0.000655 0.001245 
0.000926 0.000116 0.000714 0.001402 
0.000925 0.000122 0.000675 0.001360 
0.000900 0.000120 0.000667 0.001264 
0.000904 0.000100 0.000728 0.001474 
0.000884 0.000098 0.000699 0.001329 
0.000885 0.000085 0.000697 0.001427 
0.000885 0.000096 0.000700 0.001479 
0.000877 0.000085 0.000718 0.001303 
0.000873 0.000092 0.000702 0.001314 
0.000889 0.000091 0.000723 0.001390 
0.000862 0.000101 0.000660 0.001574 
0.000877 0.000098 0.000664 0.001459 
0.000859 0.000100 0.000673 0.001530 
0.000879 0.000097 0.000697 0.001537 
0.000873 0.000119 0.000663 0.001639 
0.000899 0.000110 0.000719 0.001653 
0.000871 0.000103 0.000691 0.001499 
0.000882 0.000104 0.000671 0.001255 
0.000898 0.000094 0.000707 0.001238 
0.000919 0.000106 0.000708 0.001324 
0.000914 0.000094 0.000682 0.001180 
0.000893 0.000101 0.000687 0.001173 
0.000918 0.000102 0.000699 0.001320 
0.000917 0.000108 0.000707 0.001321 
0.000908 0.000096 0.000716 0.001254 
0.000889 0.000094 0.000706 0.001222 
0.000894 0.000092 0.000712 0.001247 
0.000906 0.000096 0.000683 0.001189 
0.000916 0.000087 0.000698 0.001241 
0.000889 0.000101 0.000685 0.001219 
0.000978 0.000129 0.000737 0.001368 
0.000978 0.000142 0.000714 0.001615 
0.000994 0.000138 0.000734 0.001577 
0.000986 0.000152 0.000737 0.001576 
0.000992 0.000136 0.000751 0.001532 
0.000979 0.000136 0.000717 0.001468 
0.000993 0.000123 0.000751 0.001500 
0.000964 0.000131 0.000724 0.001377 
0.000990 0.000121 0.000754 0.001507 
0.000997 0.000131 0.000752 0.001473 
0.000969 0.000119 0.000731 0.001419 
0.000956 0.000126 0.000698 0.001446 
0.000908 0.000112 0.000730 0.001325 
0.000919 0.000106 0.000733 0.001390 
0.000910 0.000116 0.000712 0.001425 
0.000918 0.000106 0.000740 0.001470 
0.000902 0.000105 0.000734 0.001348 
0.000915 0.000103 0.000746 0.001317 
0.000922 0.000116 0.000733 0.001350 
0.000922 0.000104 0.000744 0.001338 
0.000914 0.000115 0.000682 0.001361 
0.000918 0.000117 0.000722 0.001417 
0.000906 0.000106 0.000726 0.001396 
0.000906 0.000119 0.000724 0.001450 
0.000902 0.000115 0.000718 0.001341 
0.000996 0.000124 0.000706 0.001271 
0.000977 0.000105 0.000719 0.001285 
0.000969 0.000114 0.000711 0.001298 
0.000988 0.000111 0.000727 0.001420 
0.000992 0.000136 0.000723 0.001419 
0.000968 0.000122 0.000693 0.001373 
0.000978 0.000118 0.000714 0.001355 
0.000966 0.000112 0.000709 0.001345 
0.000962 0.000115 0.000684 0.001328 
0.000970 0.000120 0.000691 0.001397 
0.000963 0.000116 0.000703 0.001303 
0.000980 0.000119 0.000695 0.001538 
0.000966 0.000116 0.000704 0.001363 
0.000960 0.000127 0.000718 0.001627 
0.000930 0.000125 0.000704 0.001486 
0.000923 0.000123 0.000706 0.001638 
0.000943 0.000118 0.000721 0.001507 
0.000936 0.000126 0.000705 0.001549 
0.000949 0.000116 0.000700 0.001429 
0.000944 0.000130 0.000687 0.001778 
0.000919 0.000129 0.000719 0.001510 
0.000921 0.000121 0.000695 0.001534 
0.000948 0.000128 0.000720 0.001492 
0.000920 0.000120 0.000717 0.001355 
0.000920 0.000114 0.000671 0.001404 
0.000950 0.000126 0.000683 0.001706 
0.000925 0.000121 0.000698 0.001564 
0.000968 0.000120 0.000763 0.001571 
0.000940 0.000144 0.000703 0.001696 
0.000944 0.000132 0.000719 0.001504 
0.000942 0.000129 0.000716 0.001486 
0.000947 0.000130 0.000740 0.001462 
0.000958 0.000157 0.000698 0.001745 
0.000998 0.000153 0.000750 0.001715 
0.000932 0.000126 0.000724 0.001512 
0.000959 0.000160 0.000700 0.001765 
0.000949 0.000123 0.000729 0.001648 
0.000933 0.000120 0.000719 0.001557 
0.000939 0.000140 0.000729 0.001711 
0.000936 0.000135 0.000715 0.001553 
