0.000964 0.000105 0.000804 0.001454 
0.000931 0.000088 0.000791 0.001410 
0.000944 0.000085 0.000789 0.001390 
0.000976 0.000091 0.000833 0.001255 
0.000974 0.000099 0.000803 0.001524 
0.000975 0.000094 0.000828 0.001270 
0.000940 0.000080 0.000813 0.001377 
0.000974 0.000082 0.000816 0.001239 
0.000946 0.000091 0.000792 0.001366 
0.000974 0.000087 0.000802 0.001408 
0.000940 0.000099 0.000783 0.001449 
0.000938 0.000087 0.000796 0.001397 
0.000973 0.000086 0.000824 0.001258 
0.000901 0.000098 0.000727 0.001281 
0.000878 0.000076 0.000748 0.001155 
0.000874 0.000078 0.000723 0.001179 
0.000892 0.000076 0.000772 0.001204 
0.000900 0.000076 0.000762 0.001219 
0.000874 0.000081 0.000755 0.001221 
0.000897 0.000088 0.000745 0.001263 
0.000881 0.000079 0.000748 0.001100 
0.000881 0.000073 0.000745 0.001150 
0.000875 0.000081 0.000737 0.001183 
0.000884 0.000086 0.000717 0.001173 
0.000898 0.000084 0.000777 0.001234 
0.000880 0.000073 0.000750 0.001488 
0.000917 0.000089 0.000753 0.001248 
0.000890 0.000096 0.000725 0.001252 
0.000932 0.000095 0.000762 0.001217 
0.000943 0.000098 0.000764 0.001298 
0.000935 0.000102 0.000759 0.001290 
0.000932 0.000090 0.000761 0.001257 
0.000916 0.000101 0.000692 0.001315 
0.000897 0.000085 0.000730 0.001301 
0.000948 0.000101 0.000744 0.001306 
0.000909 0.000095 0.000733 0.001221 
0.000939 0.000096 0.000747 0.001234 
0.000932 0.000095 0.000774 0.001356 
0.000929 0.000088 0.000758 0.001237 
0.000920 0.000089 0.000758 0.001223 
0.000919 0.000080 0.000764 0.001145 
0.000931 0.000093 0.000751 0.001237 
0.000904 0.000090 0.000730 0.001119 
0.000920 0.000087 0.000762 0.001319 
0.000920 0.000093 0.000763 0.001284 
0.000928 0.000088 0.000755 0.001177 
0.000921 0.000077 0.000796 0.001207 
0.000922 0.000087 0.000756 0.001218 
0.000933 0.000084 0.000771 0.001211 
0.001016 0.000111 0.000807 0.001431 
0.000972 0.000112 0.000779 0.001317 
0.001019 0.000128 0.000800 0.001389 
0.000990 0.000113 0.000778 0.001351 
0.001010 0.000129 0.000814 0.001499 
0.001007 0.000118 0.000798 0.001444 
0.000974 0.000113 0.000759 0.001400 
0.001003 0.000121 0.000793 0.001367 
0.001007 0.000126 0.000744 0.001377 
0.001016 0.000126 0.000807 0.001436 
0.001019 0.000117 0.000822 0.001404 
0.000891 0.000063 0.000749 0.001182 
0.000895 0.000077 0.000742 0.001298 
0.000885 0.000061 0.000765 0.001316 
0.000898 0.000084 0.000726 0.001345 
0.000877 0.000077 0.000715 0.001342 
0.000872 0.000079 0.000734 0.001362 
0.000903 0.000075 0.000773 0.001339 
0.000878 0.000082 0.000706 0.001304 
0.000885 0.000076 0.000731 0.001295 
0.000888 0.000071 0.000734 0.001285 
0.000920 0.000098 0.000776 0.001322 
0.000888 0.000108 0.000708 0.001328 
0.000904 0.000107 0.000715 0.001235 
0.000884 0.000094 0.000737 0.001178 
0.000905 0.000096 0.000750 0.001215 
0.000934 0.000103 0.000757 0.001312 
0.000920 0.000109 0.000752 0.001322 
0.000919 0.000101 0.000731 0.001320 
0.000920 0.000111 0.000748 0.001331 
0.000925 0.000109 0.000759 0.001388 
0.000915 0.000108 0.000732 0.001328 
0.000926 0.000105 0.000746 0.001294 
0.000926 0.000096 0.000760 0.001379 
0.000887 0.000104 0.000715 0.001251 
0.000892 0.000095 0.000747 0.001294 
0.000896 0.000110 0.000740 0.001305 
0.000894 0.000090 0.000724 0.001326 
0.000902 0.000091 0.000745 0.001380 
0.000908 0.000096 0.000741 0.001394 
0.000904 0.000093 0.000764 0.001369 
0.000921 0.000089 0.000779 0.001383 
0.000928 0.000105 0.000712 0.001304 
0.000908 0.000094 0.000751 0.001396 
0.000939 0.000103 0.000760 0.001473 
0.000920 0.000099 0.000743 0.001350 
0.000908 0.000094 0.000768 0.001373 
0.000893 0.000084 0.000772 0.001378 
0.000922 0.000091 0.000765 0.001423 
0.000935 0.000096 0.000782 0.001481 
0.000899 0.000102 0.000715 0.001456 
0.001016 0.000146 0.000787 0.001479 
0.000995 0.000148 0.000772 0.001388 
0.001013 0.000144 0.000792 0.001506 
0.001008 0.000142 0.000760 0.001417 
0.001003 0.000150 0.000797 0.001575 
0.001000 0.000146 0.000759 0.001476 
0.000982 0.000136 0.000772 0.001414 
0.000985 0.000134 0.000771 0.001345 
0.001029 0.000162 0.000789 0.001618 
0.000980 0.000152 0.000769 0.001401 
0.000993 0.000144 0.000730 0.001462 
0.000966 0.000144 0.000760 0.001328 
0.000992 0.000134 0.000785 0.001363 
0.000991 0.000146 0.000752 0.001473 
0.000995 0.000118 0.000771 0.001498 
0.001003 0.000123 0.000781 0.001504 
0.001018 0.000124 0.000828 0.001541 
0.001013 0.000119 0.000801 0.001704 
0.001007 0.000113 0.000781 0.001479 
0.000987 0.000119 0.000796 0.001525 
0.001009 0.000125 0.000801 0.001558 
0.001006 0.000116 0.000734 0.001711 
0.000978 0.000108 0.000792 0.001456 
0.000981 0.000107 0.000785 0.001369 
0.001031 0.000130 0.000833 0.001533 
0.001009 0.000128 0.000815 0.001525 
0.000995 0.000105 0.000783 0.001394 
0.000969 0.000092 0.000805 0.001274 
0.000961 0.000106 0.000755 0.001344 
0.000978 0.000091 0.000824 0.001212 
0.000967 0.000099 0.000803 0.001303 
0.000979 0.000086 0.000817 0.001287 
0.000959 0.000092 0.000789 0.001241 
0.000994 0.000093 0.000806 0.001269 
0.000963 0.000088 0.000781 0.001244 
0.000993 0.000098 0.000809 0.001243 
0.000987 0.000098 0.000821 0.001276 
0.000977 0.000091 0.000820 0.001263 
0.000956 0.000100 0.000805 0.001245 
0.001005 0.000124 0.000797 0.001675 
0.000950 0.000131 0.000752 0.001653 
0.000939 0.000119 0.000736 0.001354 
0.000955 0.000136 0.000744 0.001783 
0.000950 0.000122 0.000748 0.001599 
0.000956 0.000133 0.000757 0.001627 
0.000967 0.000126 0.000747 0.001621 
0.000969 0.000124 0.000728 0.001642 
0.000952 0.000135 0.000752 0.001480 
0.000953 0.000126 0.000752 0.001495 
0.000959 0.000121 0.000715 0.001644 
0.000947 0.000118 0.000766 0.001640 
0.000950 0.000113 0.000750 0.001307 
0.001000 0.000108 0.000774 0.001378 
0.001031 0.000112 0.000808 0.001438 
0.001021 0.000109 0.000772 0.001389 
0.001017 0.000116 0.000810 0.001422 
0.001024 0.000122 0.000755 0.001366 
0.001004 0.000131 0.000764 0.001494 
0.001005 0.000122 0.000778 0.001512 
0.000982 0.000105 0.000779 0.001372 
0.001013 0.000130 0.000725 0.001437 
0.000990 0.000110 0.000792 0.001366 
0.001025 0.000126 0.000812 0.001564 
0.001022 0.000109 0.000800 0.001409 
0.000994 0.000117 0.000757 0.001332 
0.000892 0.000067 0.000782 0.001175 
0.000876 0.000074 0.000733 0.001196 
0.000897 0.000071 0.000743 0.001175 
0.000903 0.000081 0.000777 0.001248 
0.000911 0.000064 0.000785 0.001171 
0.000912 0.000081 0.000768 0.001242 
0.000896 0.000072 0.000784 0.001212 
0.000912 0.000080 0.000766 0.001251 
0.000877 0.000065 0.000767 0.001165 
0.000913 0.000067 0.000787 0.001178 
0.000881 0.000076 0.000753 0.001248 
0.000882 0.000071 0.000763 0.001207 
0.000915 0.000084 0.000725 0.001274 
0.000891 0.000061 0.000764 0.001147 
0.001010 0.000133 0.000803 0.001457 
0.000970 0.000122 0.000761 0.001433 
0.001018 0.000129 0.000805 0.001563 
0.000991 0.000124 0.000792 0.001424 
0.000987 0.000125 0.000811 0.001460 
0.000984 0.000138 0.000757 0.001559 
0.001058 0.000148 0.000826 0.001595 
0.000969 0.000131 0.000763 0.001400 
0.001010 0.000128 0.000784 0.001536 
0.000990 0.000138 0.000786 0.001545 
0.001009 0.000136 0.000768 0.001612 
0.000962 0.000123 0.000747 0.001387 
0.000992 0.000142 0.000770 0.001501 
