0.000983 0.000045 0.000894 0.001387 
0.000951 0.000043 0.000865 0.001443 
0.000963 0.000039 0.000848 0.001404 
0.000964 0.000034 0.000894 0.001397 
0.000976 0.000045 0.000874 0.001372 
0.000967 0.000028 0.000885 0.001058 
0.000979 0.000039 0.000888 0.001431 
0.000986 0.000073 0.000858 0.001521 
0.000952 0.000035 0.000858 0.001382 
0.000953 0.000050 0.000847 0.001460 
0.000962 0.000029 0.000852 0.001074 
0.000970 0.000047 0.000837 0.001462 
0.000975 0.000036 0.000907 0.001445 
0.000928 0.000068 0.000751 0.001171 
0.000958 0.000086 0.000757 0.001195 
0.000955 0.000074 0.000804 0.001209 
0.000957 0.000078 0.000778 0.001106 
0.000934 0.000069 0.000796 0.001213 
0.000972 0.000099 0.000779 0.001216 
0.000973 0.000081 0.000806 0.001286 
0.000939 0.000063 0.000756 0.001073 
0.000963 0.000087 0.000812 0.001204 
0.000945 0.000075 0.000752 0.001077 
0.000944 0.000066 0.000798 0.001252 
0.000947 0.000071 0.000802 0.001119 
0.000961 0.000064 0.000806 0.001138 
0.001040 0.000103 0.000805 0.001253 
0.001026 0.000105 0.000790 0.001327 
0.001059 0.000097 0.000783 0.001287 
0.001093 0.000143 0.000836 0.001426 
0.001074 0.000130 0.000799 0.001410 
0.001036 0.000115 0.000757 0.001269 
0.001045 0.000108 0.000798 0.001275 
0.001052 0.000117 0.000782 0.001292 
0.001073 0.000124 0.000775 0.001276 
0.001049 0.000127 0.000828 0.001443 
0.001020 0.000102 0.000785 0.001331 
0.001013 0.000080 0.000887 0.001553 
0.001024 0.000080 0.000913 0.001562 
0.001005 0.000063 0.000919 0.001437 
0.001045 0.000079 0.000920 0.001569 
0.001014 0.000072 0.000883 0.001645 
0.001040 0.000058 0.000861 0.001345 
0.001004 0.000056 0.000893 0.001472 
0.001045 0.000064 0.000849 0.001394 
0.000997 0.000068 0.000888 0.001422 
0.001026 0.000077 0.000883 0.001569 
0.001011 0.000093 0.000890 0.001498 
0.001015 0.000069 0.000857 0.001479 
0.000968 0.000089 0.000818 0.001478 
0.001004 0.000102 0.000812 0.001408 
0.000984 0.000089 0.000848 0.001413 
0.000972 0.000070 0.000841 0.001456 
0.001006 0.000100 0.000860 0.001401 
0.000991 0.000087 0.000863 0.001505 
0.000986 0.000083 0.000819 0.001438 
0.000987 0.000087 0.000845 0.001428 
0.000964 0.000088 0.000833 0.001375 
0.000987 0.000093 0.000828 0.001438 
0.000981 0.000084 0.000857 0.001344 
0.000993 0.000114 0.000866 0.001585 
0.000982 0.000093 0.000789 0.001180 
0.001003 0.000123 0.000791 0.001561 
0.000974 0.000135 0.000785 0.001711 
0.000957 0.000080 0.000843 0.001511 
0.000985 0.000119 0.000812 0.001720 
0.000958 0.000098 0.000762 0.001709 
0.000963 0.000092 0.000792 0.001685 
0.000985 0.000105 0.000721 0.001638 
0.000939 0.000092 0.000796 0.001590 
0.001023 0.000115 0.000779 0.001447 
0.001023 0.000108 0.000783 0.001530 
0.001052 0.000090 0.000758 0.001484 
0.001088 0.000133 0.000781 0.001599 
0.000988 0.000098 0.000802 0.001503 
0.001031 0.000115 0.000789 0.001601 
0.001037 0.000097 0.000752 0.001500 
0.001011 0.000089 0.000796 0.001453 
0.001033 0.000090 0.000759 0.001427 
0.001065 0.000121 0.000796 0.001533 
0.001044 0.000093 0.000790 0.001435 
0.001035 0.000096 0.000799 0.001507 
0.001018 0.000112 0.000735 0.001507 
0.001041 0.000098 0.000799 0.001447 
0.001047 0.000116 0.000809 0.001479 
0.001027 0.000106 0.000788 0.001492 
0.001010 0.000064 0.000883 0.001099 
0.001003 0.000087 0.000855 0.001575 
0.001031 0.000078 0.000885 0.001535 
0.001015 0.000101 0.000860 0.001645 
0.000982 0.000098 0.000869 0.001651 
0.000995 0.000070 0.000846 0.001711 
0.001029 0.000078 0.000855 0.001192 
0.001002 0.000098 0.000887 0.001688 
0.000956 0.000064 0.000847 0.001527 
0.001006 0.000069 0.000863 0.001661 
0.000998 0.000068 0.000856 0.001118 
0.000993 0.000074 0.000866 0.001644 
0.000969 0.000130 0.000795 0.001804 
0.001012 0.000106 0.000873 0.001751 
0.001017 0.000065 0.000845 0.001241 
0.001035 0.000061 0.000875 0.001172 
0.001010 0.000061 0.000860 0.001246 
0.001008 0.000072 0.000883 0.001322 
0.001002 0.000066 0.000862 0.001313 
0.001007 0.000057 0.000873 0.001173 
0.001020 0.000073 0.000852 0.001416 
0.001013 0.000052 0.000864 0.001174 
0.000972 0.000072 0.000877 0.001501 
0.000994 0.000069 0.000859 0.001272 
0.000995 0.000071 0.000846 0.001206 
0.001018 0.000064 0.000862 0.001442 
0.001024 0.000070 0.000889 0.001424 
0.000993 0.000062 0.000858 0.001236 
0.000973 0.000065 0.000846 0.001111 
0.000959 0.000051 0.000857 0.001121 
0.001009 0.000087 0.000882 0.001236 
0.000973 0.000077 0.000859 0.001234 
0.000962 0.000088 0.000829 0.001219 
0.000943 0.000061 0.000826 0.001110 
0.000980 0.000085 0.000829 0.001228 
0.000965 0.000068 0.000837 0.001221 
0.000965 0.000051 0.000839 0.001183 
0.000956 0.000082 0.000791 0.001159 
0.000973 0.000072 0.000859 0.001148 
0.000973 0.000085 0.000836 0.001150 
0.000958 0.000071 0.000840 0.001171 
0.000953 0.000069 0.000836 0.001491 
0.000971 0.000054 0.000831 0.001370 
0.000966 0.000041 0.000852 0.001099 
0.000977 0.000072 0.000842 0.001549 
0.000952 0.000053 0.000839 0.001458 
0.000976 0.000076 0.000829 0.001433 
0.000968 0.000069 0.000830 0.001497 
0.000948 0.000074 0.000844 0.001472 
0.000940 0.000058 0.000832 0.001468 
0.000955 0.000065 0.000817 0.001551 
0.000948 0.000071 0.000836 0.001614 
0.000984 0.000085 0.000852 0.001556 
0.001015 0.000053 0.000928 0.001489 
0.000982 0.000051 0.000871 0.001650 
0.001000 0.000049 0.000895 0.001463 
0.000993 0.000046 0.000857 0.001199 
0.001070 0.000046 0.000926 0.001221 
0.001028 0.000056 0.000879 0.001304 
0.000998 0.000052 0.000907 0.001257 
0.000983 0.000051 0.000890 0.001280 
0.001068 0.000065 0.000907 0.001258 
0.001039 0.000048 0.000934 0.001200 
0.001014 0.000047 0.000897 0.001165 
0.001000 0.000047 0.000879 0.001413 
0.001039 0.000046 0.000886 0.001354 
0.001040 0.000102 0.000891 0.001418 
0.001025 0.000100 0.000905 0.001678 
0.001018 0.000116 0.000902 0.001648 
0.001044 0.000125 0.000881 0.001723 
0.001016 0.000088 0.000892 0.001195 
0.001021 0.000087 0.000901 0.001670 
0.001038 0.000078 0.000901 0.001170 
0.001009 0.000075 0.000912 0.001531 
0.000986 0.000079 0.000877 0.001493 
0.001002 0.000060 0.000879 0.001567 
0.000985 0.000081 0.000863 0.001529 
0.001053 0.000127 0.000908 0.001673 
0.000977 0.000112 0.000840 0.001686 
0.000989 0.000052 0.000871 0.001163 
0.001012 0.000073 0.000885 0.001375 
0.000944 0.000053 0.000839 0.001358 
0.000994 0.000062 0.000863 0.001336 
0.000989 0.000059 0.000856 0.001427 
0.000976 0.000057 0.000849 0.001344 
0.000993 0.000068 0.000839 0.001425 
0.000991 0.000092 0.000849 0.001490 
0.000973 0.000054 0.000869 0.001094 
0.000981 0.000102 0.000846 0.001505 
0.000981 0.000061 0.000846 0.001247 
0.000981 0.000064 0.000867 0.001409 
0.001025 0.000067 0.000877 0.001193 
0.000957 0.000056 0.000845 0.001088 
0.001041 0.000114 0.000877 0.001891 
0.001013 0.000129 0.000865 0.001810 
0.001028 0.000138 0.000833 0.001725 
0.001043 0.000134 0.000863 0.001817 
0.001039 0.000120 0.000863 0.001856 
0.001013 0.000100 0.000819 0.001600 
0.001029 0.000134 0.000841 0.001780 
0.001013 0.000118 0.000850 0.001742 
0.001011 0.000113 0.000861 0.001760 
0.001016 0.000085 0.000848 0.001761 
0.000996 0.000108 0.000847 0.001737 
0.001032 0.000125 0.000897 0.001918 
0.001030 0.000133 0.000836 0.001741 
