0.000948 0.000092 0.000715 0.001198 
0.000929 0.000092 0.000702 0.001190 
0.000921 0.000093 0.000707 0.001186 
0.000956 0.000091 0.000715 0.001226 
0.000938 0.000090 0.000733 0.001242 
0.000948 0.000093 0.000712 0.001212 
0.000946 0.000091 0.000741 0.001231 
0.000944 0.000084 0.000725 0.001173 
0.000904 0.000081 0.000717 0.001114 
0.000951 0.000086 0.000743 0.001223 
0.000937 0.000091 0.000719 0.001253 
0.000942 0.000090 0.000743 0.001297 
0.000954 0.000086 0.000728 0.001236 
0.000933 0.000093 0.000689 0.001244 
0.000952 0.000109 0.000672 0.001301 
0.000942 0.000097 0.000662 0.001236 
0.000938 0.000095 0.000722 0.001213 
0.000957 0.000092 0.000722 0.001264 
0.000927 0.000096 0.000700 0.001204 
0.000929 0.000107 0.000670 0.001291 
0.000938 0.000100 0.000665 0.001243 
0.000946 0.000107 0.000694 0.001279 
0.000925 0.000092 0.000711 0.001223 
0.000927 0.000093 0.000660 0.001239 
0.000923 0.000089 0.000684 0.001190 
0.000941 0.000097 0.000677 0.001249 
0.000939 0.000085 0.000653 0.001149 
0.000941 0.000092 0.000666 0.001157 
0.000942 0.000095 0.000703 0.001254 
0.000969 0.000102 0.000688 0.001337 
0.000983 0.000096 0.000674 0.001258 
0.000968 0.000090 0.000675 0.001249 
0.000972 0.000100 0.000704 0.001200 
0.000949 0.000094 0.000669 0.001189 
0.000968 0.000104 0.000708 0.001301 
0.000937 0.000084 0.000645 0.001164 
0.000960 0.000091 0.000744 0.001241 
0.000926 0.000076 0.000761 0.001141 
0.000934 0.000077 0.000799 0.001176 
0.000937 0.000084 0.000788 0.001220 
0.000957 0.000080 0.000753 0.001245 
0.000954 0.000090 0.000770 0.001238 
0.000924 0.000090 0.000731 0.001246 
0.000919 0.000085 0.000770 0.001199 
0.000943 0.000085 0.000800 0.001234 
0.000938 0.000086 0.000785 0.001209 
0.000947 0.000079 0.000784 0.001190 
0.000944 0.000085 0.000755 0.001248 
0.000940 0.000073 0.000784 0.001207 
0.001000 0.000086 0.000773 0.001241 
0.000978 0.000087 0.000788 0.001267 
0.000981 0.000076 0.000774 0.001227 
0.000988 0.000083 0.000815 0.001240 
0.000981 0.000081 0.000809 0.001273 
0.000986 0.000082 0.000804 0.001258 
0.000977 0.000079 0.000800 0.001231 
0.000981 0.000071 0.000798 0.001199 
0.000974 0.000081 0.000795 0.001197 
0.000968 0.000068 0.000797 0.001214 
0.000991 0.000082 0.000774 0.001223 
0.000916 0.000103 0.000665 0.001269 
0.000904 0.000108 0.000648 0.001231 
0.000904 0.000092 0.000645 0.001218 
0.000899 0.000105 0.000646 0.001221 
0.000899 0.000109 0.000638 0.001282 
0.000906 0.000105 0.000657 0.001256 
0.000903 0.000096 0.000666 0.001193 
0.000889 0.000109 0.000634 0.001221 
0.000889 0.000099 0.000678 0.001271 
0.000878 0.000112 0.000629 0.001223 
0.000925 0.000082 0.000752 0.001154 
0.000916 0.000084 0.000733 0.001182 
0.000932 0.000087 0.000756 0.001206 
0.000950 0.000088 0.000753 0.001262 
0.000950 0.000082 0.000762 0.001207 
0.000970 0.000093 0.000767 0.001271 
0.000956 0.000077 0.000779 0.001206 
0.000946 0.000086 0.000758 0.001209 
0.000935 0.000085 0.000749 0.001192 
0.000946 0.000086 0.000760 0.001232 
0.000928 0.000086 0.000741 0.001205 
0.000940 0.000089 0.000757 0.001218 
0.000973 0.000089 0.000766 0.001259 
0.000926 0.000077 0.000763 0.001198 
0.000936 0.000073 0.000731 0.001175 
0.000928 0.000082 0.000733 0.001178 
0.000969 0.000077 0.000780 0.001173 
0.000995 0.000073 0.000703 0.001223 
0.000986 0.000086 0.000773 0.001205 
0.000964 0.000078 0.000782 0.001182 
0.001003 0.000076 0.000748 0.001198 
0.001006 0.000073 0.000727 0.001208 
0.001002 0.000084 0.000789 0.001243 
0.000998 0.000078 0.000761 0.001169 
0.000979 0.000070 0.000785 0.001176 
0.000930 0.000085 0.000707 0.001144 
0.000965 0.000088 0.000713 0.001207 
0.001009 0.000074 0.000758 0.001228 
0.001005 0.000078 0.000760 0.001218 
0.000997 0.000079 0.000740 0.001240 
0.000950 0.000087 0.000716 0.001152 
0.000966 0.000098 0.000709 0.001248 
0.000949 0.000095 0.000742 0.001180 
0.000974 0.000087 0.000705 0.001168 
0.000943 0.000089 0.000703 0.001180 
0.000940 0.000101 0.000682 0.001152 
0.000960 0.000092 0.000727 0.001248 
0.000958 0.000091 0.000708 0.001163 
0.000955 0.000091 0.000684 0.001182 
0.000948 0.000081 0.000726 0.001157 
0.000940 0.000094 0.000714 0.001172 
0.000942 0.000087 0.000674 0.001174 
0.000959 0.000090 0.000754 0.001191 
0.000933 0.000094 0.000691 0.001192 
0.000920 0.000061 0.000787 0.001138 
0.000932 0.000057 0.000751 0.001131 
0.000953 0.000053 0.000803 0.001131 
0.000933 0.000057 0.000761 0.001124 
0.000916 0.000059 0.000769 0.001101 
0.000935 0.000058 0.000797 0.001122 
0.000933 0.000068 0.000778 0.001138 
0.000942 0.000070 0.000754 0.001195 
0.000937 0.000055 0.000765 0.001098 
0.000918 0.000055 0.000708 0.001052 
0.000959 0.000061 0.000750 0.001163 
0.000957 0.000058 0.000791 0.001150 
0.000892 0.000062 0.000678 0.001117 
0.000950 0.000112 0.000720 0.001250 
0.000942 0.000123 0.000711 0.001280 
0.000964 0.000104 0.000771 0.001250 
0.000975 0.000088 0.000724 0.001245 
0.000964 0.000106 0.000768 0.001274 
0.000941 0.000103 0.000690 0.001200 
0.000940 0.000109 0.000689 0.001203 
0.000926 0.000113 0.000714 0.001295 
0.000939 0.000111 0.000665 0.001226 
0.000971 0.000111 0.000701 0.001302 
0.000961 0.000111 0.000661 0.001243 
0.000964 0.000103 0.000748 0.001246 
0.000932 0.000082 0.000801 0.001190 
0.000937 0.000079 0.000761 0.001186 
0.000939 0.000077 0.000782 0.001170 
0.000948 0.000087 0.000794 0.001233 
0.000958 0.000084 0.000768 0.001220 
0.000954 0.000083 0.000803 0.001280 
0.000914 0.000077 0.000750 0.001119 
0.000966 0.000077 0.000802 0.001167 
0.000978 0.000083 0.000808 0.001274 
0.000956 0.000083 0.000813 0.001238 
0.000921 0.000072 0.000804 0.001163 
0.000924 0.000092 0.000765 0.001164 
0.000911 0.000068 0.000735 0.001102 
0.001016 0.000122 0.000790 0.001353 
0.001017 0.000106 0.000778 0.001331 
0.000986 0.000109 0.000739 0.001304 
0.001024 0.000089 0.000760 0.001269 
0.001009 0.000115 0.000736 0.001354 
0.000974 0.000089 0.000755 0.001184 
0.001000 0.000115 0.000738 0.001410 
0.000977 0.000096 0.000798 0.001192 
0.000960 0.000085 0.000763 0.001163 
0.000963 0.000091 0.000711 0.001178 
0.000969 0.000101 0.000770 0.001259 
0.000995 0.000109 0.000762 0.001323 
0.000978 0.000109 0.000778 0.001349 
0.000975 0.000071 0.000776 0.001202 
0.000953 0.000065 0.000792 0.001126 
0.000954 0.000070 0.000762 0.001149 
0.000986 0.000079 0.000781 0.001191 
0.000970 0.000074 0.000750 0.001216 
0.000997 0.000081 0.000789 0.001218 
0.000976 0.000068 0.000770 0.001173 
0.000961 0.000070 0.000771 0.001195 
0.000948 0.000069 0.000777 0.001106 
0.000976 0.000071 0.000776 0.001142 
0.000934 0.000072 0.000780 0.001138 
0.000949 0.000069 0.000787 0.001105 
0.000989 0.000073 0.000766 0.001227 
0.000950 0.000071 0.000759 0.001145 
0.000962 0.000089 0.000814 0.001262 
0.000923 0.000063 0.000739 0.001135 
0.000910 0.000068 0.000754 0.001112 
0.000929 0.000077 0.000777 0.001154 
0.000954 0.000082 0.000758 0.001196 
0.000914 0.000075 0.000734 0.001130 
0.000930 0.000063 0.000787 0.001107 
0.000917 0.000070 0.000695 0.001117 
0.000923 0.000061 0.000766 0.001124 
0.000935 0.000083 0.000774 0.001163 
0.000911 0.000078 0.000747 0.001108 
0.000932 0.000067 0.000796 0.001168 
0.000925 0.000059 0.000762 0.001100 
