0.001136 0.000111 0.000850 0.001443 
0.001074 0.000118 0.000778 0.001414 
0.001088 0.000117 0.000801 0.001416 
0.001141 0.000117 0.000819 0.001493 
0.001119 0.000126 0.000858 0.001545 
0.001134 0.000130 0.000804 0.001517 
0.001103 0.000124 0.000764 0.001471 
0.001110 0.000110 0.000820 0.001423 
0.001089 0.000124 0.000775 0.001475 
0.001107 0.000126 0.000793 0.001513 
0.001088 0.000122 0.000812 0.001515 
0.001061 0.000110 0.000813 0.001360 
0.001127 0.000119 0.000838 0.001503 
0.001165 0.000188 0.000752 0.001972 
0.001101 0.000163 0.000830 0.001768 
0.001114 0.000190 0.000736 0.001917 
0.001117 0.000176 0.000789 0.001651 
0.001104 0.000133 0.000827 0.001718 
0.001124 0.000193 0.000806 0.001718 
0.001152 0.000174 0.000803 0.001766 
0.001127 0.000154 0.000787 0.001619 
0.001113 0.000187 0.000768 0.001710 
0.001091 0.000160 0.000740 0.001784 
0.001135 0.000153 0.000779 0.001748 
0.001133 0.000195 0.000739 0.001924 
0.001122 0.000171 0.000818 0.001660 
0.000997 0.000120 0.000736 0.001448 
0.000974 0.000132 0.000668 0.001443 
0.001046 0.000144 0.000735 0.001755 
0.001046 0.000136 0.000757 0.001542 
0.001042 0.000142 0.000657 0.001700 
0.001011 0.000134 0.000688 0.001522 
0.001018 0.000142 0.000690 0.001748 
0.000988 0.000131 0.000713 0.001487 
0.001033 0.000148 0.000713 0.001722 
0.001033 0.000139 0.000662 0.001584 
0.000998 0.000127 0.000686 0.001406 
0.001028 0.000110 0.000795 0.001387 
0.001025 0.000127 0.000708 0.001392 
0.001037 0.000118 0.000760 0.001380 
0.001031 0.000113 0.000780 0.001340 
0.001036 0.000130 0.000804 0.001410 
0.001034 0.000117 0.000762 0.001342 
0.001009 0.000121 0.000723 0.001429 
0.001033 0.000115 0.000738 0.001409 
0.001017 0.000113 0.000737 0.001355 
0.001030 0.000105 0.000808 0.001345 
0.001030 0.000127 0.000784 0.001424 
0.001021 0.000104 0.000783 0.001365 
0.001124 0.000190 0.000710 0.001940 
0.001135 0.000191 0.000735 0.001898 
0.001165 0.000205 0.000803 0.002586 
0.001130 0.000199 0.000737 0.002050 
0.001152 0.000217 0.000768 0.002368 
0.001144 0.000202 0.000756 0.002142 
0.001136 0.000203 0.000759 0.002226 
0.001161 0.000221 0.000726 0.002340 
0.001146 0.000261 0.000673 0.002407 
0.001158 0.000216 0.000724 0.002500 
0.001168 0.000204 0.000765 0.002103 
0.001020 0.000113 0.000788 0.001326 
0.001028 0.000114 0.000776 0.001335 
0.001020 0.000115 0.000759 0.001296 
0.001025 0.000118 0.000763 0.001358 
0.001017 0.000119 0.000706 0.001329 
0.001028 0.000121 0.000755 0.001295 
0.001013 0.000112 0.000779 0.001322 
0.000999 0.000118 0.000752 0.001343 
0.001012 0.000112 0.000717 0.001313 
0.001000 0.000114 0.000763 0.001292 
0.001063 0.000130 0.000752 0.001431 
0.001056 0.000137 0.000739 0.001458 
0.001092 0.000154 0.000732 0.001638 
0.001086 0.000140 0.000752 0.001437 
0.001080 0.000152 0.000766 0.001551 
0.001121 0.000156 0.000695 0.001590 
0.001101 0.000139 0.000781 0.001492 
0.001090 0.000156 0.000743 0.001743 
0.001091 0.000143 0.000734 0.001566 
0.001106 0.000161 0.000764 0.001614 
0.001079 0.000148 0.000713 0.001571 
0.001071 0.000127 0.000771 0.001391 
0.001062 0.000140 0.000760 0.001724 
0.001070 0.000137 0.000773 0.001744 
0.001056 0.000134 0.000754 0.001373 
0.001075 0.000152 0.000767 0.001462 
0.001153 0.000167 0.000821 0.001724 
0.001136 0.000164 0.000812 0.001773 
0.001177 0.000184 0.000813 0.001820 
0.001142 0.000167 0.000759 0.001596 
0.001170 0.000174 0.000803 0.001683 
0.001179 0.000162 0.000856 0.001782 
0.001128 0.000144 0.000796 0.001579 
0.001188 0.000161 0.000837 0.001723 
0.001162 0.000169 0.000789 0.001631 
0.001154 0.000166 0.000753 0.001678 
0.001131 0.000175 0.000773 0.001803 
0.001168 0.000169 0.000831 0.001777 
0.001185 0.000159 0.000854 0.001629 
0.001161 0.000179 0.000828 0.001665 
0.001065 0.000141 0.000770 0.001482 
0.001078 0.000132 0.000801 0.001564 
0.001084 0.000146 0.000820 0.001498 
0.001072 0.000140 0.000782 0.001668 
0.001072 0.000136 0.000760 0.001568 
0.001075 0.000136 0.000759 0.001424 
0.001068 0.000136 0.000774 0.001510 
0.001088 0.000127 0.000810 0.001559 
0.001065 0.000137 0.000795 0.001398 
0.001053 0.000129 0.000786 0.001494 
0.001072 0.000152 0.000768 0.001744 
0.001065 0.000134 0.000772 0.001458 
0.001068 0.000130 0.000792 0.001482 
0.001057 0.000140 0.000774 0.001568 
0.001112 0.000135 0.000836 0.001615 
0.001106 0.000131 0.000822 0.001569 
0.001131 0.000143 0.000809 0.001570 
0.001139 0.000141 0.000844 0.001647 
0.001114 0.000126 0.000803 0.001526 
0.001130 0.000142 0.000795 0.001653 
0.001139 0.000149 0.000834 0.001689 
0.001132 0.000154 0.000826 0.001714 
0.001086 0.000126 0.000815 0.001565 
0.001097 0.000122 0.000849 0.001550 
0.001143 0.000147 0.000814 0.001720 
0.001120 0.000133 0.000860 0.001531 
0.001130 0.000136 0.000864 0.001575 
0.001140 0.000131 0.000839 0.001524 
0.001166 0.000161 0.000854 0.001885 
0.001186 0.000140 0.000828 0.001708 
0.001133 0.000126 0.000847 0.001891 
0.001130 0.000125 0.000854 0.001831 
0.001176 0.000138 0.000855 0.001673 
0.001174 0.000167 0.000845 0.002067 
0.001130 0.000148 0.000828 0.001907 
0.001195 0.000168 0.000860 0.001956 
0.001189 0.000136 0.000884 0.001682 
0.001181 0.000153 0.000843 0.001897 
0.001163 0.000144 0.000841 0.001761 
0.001081 0.000216 0.000719 0.002193 
0.001048 0.000211 0.000667 0.001964 
0.001065 0.000217 0.000707 0.001922 
0.001061 0.000210 0.000704 0.002082 
0.001087 0.000206 0.000710 0.001933 
0.001099 0.000242 0.000684 0.001944 
0.001060 0.000212 0.000677 0.001802 
0.001064 0.000188 0.000738 0.001727 
0.001084 0.000221 0.000736 0.002040 
0.001081 0.000213 0.000736 0.001958 
0.001060 0.000213 0.000660 0.002152 
0.001044 0.000208 0.000690 0.001829 
0.001061 0.000199 0.000727 0.001925 
0.001085 0.000155 0.000724 0.001513 
0.001148 0.000141 0.000746 0.001492 
0.001100 0.000150 0.000783 0.001560 
0.001108 0.000129 0.000792 0.001400 
0.001134 0.000143 0.000843 0.001505 
0.001067 0.000129 0.000781 0.001435 
0.001092 0.000149 0.000803 0.001519 
0.001081 0.000149 0.000760 0.001475 
0.001100 0.000133 0.000765 0.001493 
0.001070 0.000142 0.000761 0.001378 
0.001077 0.000136 0.000799 0.001422 
0.001141 0.000153 0.000836 0.001526 
0.001111 0.000154 0.000788 0.001615 
0.001158 0.000199 0.000803 0.001894 
0.001103 0.000197 0.000782 0.002104 
0.001134 0.000193 0.000771 0.002060 
0.001161 0.000197 0.000765 0.001808 
0.001168 0.000212 0.000773 0.002071 
0.001161 0.000206 0.000791 0.001974 
0.001158 0.000185 0.000761 0.001668 
0.001190 0.000207 0.000815 0.001950 
0.001097 0.000177 0.000808 0.001824 
0.001158 0.000205 0.000805 0.001953 
0.001114 0.000190 0.000730 0.002236 
0.001148 0.000193 0.000795 0.002023 
0.001176 0.000182 0.000839 0.001915 
0.001122 0.000216 0.000746 0.002043 
0.001104 0.000106 0.000807 0.001552 
0.001107 0.000103 0.000822 0.001497 
0.001118 0.000100 0.000817 0.001498 
0.001122 0.000107 0.000825 0.001499 
0.001134 0.000117 0.000784 0.001481 
0.001128 0.000126 0.000816 0.001575 
0.001141 0.000121 0.000807 0.001581 
0.001073 0.000103 0.000780 0.001505 
0.001116 0.000106 0.000797 0.001450 
0.001111 0.000116 0.000791 0.001527 
0.001130 0.000117 0.000836 0.001460 
0.001119 0.000108 0.000828 0.001505 
0.001105 0.000110 0.000791 0.001486 
