0.001101 0.000121 0.000870 0.001384 
0.001080 0.000137 0.000840 0.001443 
0.001089 0.000134 0.000841 0.001426 
0.001087 0.000130 0.000851 0.001372 
0.001105 0.000133 0.000848 0.001375 
0.001107 0.000139 0.000873 0.001426 
0.001094 0.000125 0.000868 0.001407 
0.001105 0.000145 0.000837 0.001445 
0.001074 0.000119 0.000883 0.001415 
0.001089 0.000161 0.000816 0.001575 
0.001071 0.000125 0.000832 0.001401 
0.001074 0.000131 0.000839 0.001375 
0.001113 0.000135 0.000885 0.001489 
0.001025 0.000072 0.000836 0.001293 
0.001022 0.000076 0.000806 0.001230 
0.001058 0.000079 0.000831 0.001286 
0.001039 0.000069 0.000822 0.001300 
0.001047 0.000084 0.000813 0.001277 
0.001015 0.000071 0.000787 0.001208 
0.001017 0.000067 0.000801 0.001207 
0.001021 0.000071 0.000822 0.001282 
0.001047 0.000096 0.000782 0.001312 
0.001023 0.000082 0.000814 0.001266 
0.001032 0.000073 0.000807 0.001245 
0.001044 0.000076 0.000821 0.001264 
0.001037 0.000081 0.000813 0.001313 
0.001045 0.000066 0.000845 0.001239 
0.001016 0.000065 0.000786 0.001150 
0.001034 0.000075 0.000817 0.001186 
0.001075 0.000091 0.000812 0.001318 
0.001068 0.000085 0.000829 0.001254 
0.001061 0.000078 0.000825 0.001246 
0.001063 0.000074 0.000836 0.001218 
0.001044 0.000081 0.000820 0.001207 
0.001047 0.000080 0.000825 0.001204 
0.001044 0.000078 0.000814 0.001196 
0.001030 0.000068 0.000841 0.001197 
0.001043 0.000109 0.000850 0.001319 
0.001050 0.000100 0.000869 0.001306 
0.001052 0.000100 0.000864 0.001344 
0.001060 0.000122 0.000837 0.001394 
0.001035 0.000099 0.000842 0.001297 
0.001064 0.000126 0.000868 0.001391 
0.001019 0.000088 0.000864 0.001288 
0.001055 0.000112 0.000852 0.001306 
0.001060 0.000111 0.000864 0.001343 
0.001056 0.000103 0.000864 0.001368 
0.001047 0.000109 0.000811 0.001311 
0.001054 0.000104 0.000858 0.001364 
0.001043 0.000124 0.000766 0.001367 
0.001046 0.000139 0.000782 0.001487 
0.001060 0.000114 0.000801 0.001366 
0.001042 0.000120 0.000784 0.001383 
0.001082 0.000120 0.000812 0.001390 
0.001061 0.000116 0.000774 0.001324 
0.001035 0.000126 0.000734 0.001342 
0.001049 0.000127 0.000809 0.001344 
0.001055 0.000112 0.000780 0.001290 
0.001060 0.000126 0.000813 0.001360 
0.001055 0.000118 0.000807 0.001416 
0.000973 0.000090 0.000766 0.001254 
0.000987 0.000072 0.000809 0.001200 
0.000988 0.000077 0.000769 0.001218 
0.000972 0.000077 0.000776 0.001167 
0.000959 0.000084 0.000718 0.001193 
0.000963 0.000072 0.000759 0.001187 
0.000973 0.000078 0.000782 0.001176 
0.000954 0.000086 0.000743 0.001224 
0.000983 0.000064 0.000787 0.001143 
0.000938 0.000073 0.000721 0.001128 
0.000984 0.000100 0.000846 0.001263 
0.000958 0.000076 0.000830 0.001260 
0.000959 0.000081 0.000833 0.001297 
0.000990 0.000091 0.000824 0.001268 
0.000962 0.000089 0.000794 0.001348 
0.001006 0.000098 0.000833 0.001236 
0.000978 0.000073 0.000837 0.001200 
0.000986 0.000081 0.000851 0.001308 
0.000988 0.000098 0.000820 0.001248 
0.000965 0.000066 0.000831 0.001189 
0.000951 0.000075 0.000827 0.001249 
0.000967 0.000077 0.000854 0.001263 
0.000972 0.000073 0.000819 0.001180 
0.000988 0.000082 0.000859 0.001272 
0.000980 0.000076 0.000861 0.001328 
0.000946 0.000061 0.000755 0.001177 
0.001112 0.000107 0.000882 0.001434 
0.001105 0.000118 0.000895 0.001378 
0.001124 0.000105 0.000896 0.001403 
0.001091 0.000109 0.000869 0.001400 
0.001132 0.000102 0.000865 0.001423 
0.001137 0.000113 0.000859 0.001392 
0.001125 0.000110 0.000887 0.001388 
0.001191 0.000161 0.000863 0.001612 
0.001105 0.000112 0.000851 0.001374 
0.001123 0.000130 0.000852 0.001428 
0.001088 0.000104 0.000889 0.001405 
0.001134 0.000127 0.000865 0.001465 
0.001134 0.000139 0.000842 0.001459 
0.001118 0.000134 0.000856 0.001490 
0.001031 0.000118 0.000752 0.001415 
0.001036 0.000108 0.000818 0.001302 
0.001034 0.000104 0.000801 0.001282 
0.001023 0.000112 0.000740 0.001310 
0.001039 0.000133 0.000784 0.001507 
0.001024 0.000134 0.000803 0.001399 
0.001044 0.000118 0.000800 0.001341 
0.001027 0.000105 0.000802 0.001306 
0.001021 0.000111 0.000778 0.001292 
0.000997 0.000114 0.000733 0.001396 
0.001010 0.000097 0.000757 0.001293 
0.001015 0.000114 0.000747 0.001282 
0.001042 0.000101 0.000870 0.001292 
0.001043 0.000118 0.000785 0.001410 
0.001045 0.000074 0.000919 0.001297 
0.000962 0.000065 0.000807 0.001250 
0.000983 0.000075 0.000840 0.001233 
0.000993 0.000086 0.000845 0.001269 
0.000995 0.000075 0.000768 0.001232 
0.000982 0.000076 0.000823 0.001212 
0.001002 0.000068 0.000843 0.001176 
0.000992 0.000080 0.000828 0.001227 
0.000985 0.000076 0.000862 0.001254 
0.001026 0.000123 0.000786 0.001444 
0.001003 0.000085 0.000773 0.001253 
0.001005 0.000082 0.000860 0.001238 
0.000998 0.000076 0.000791 0.001262 
0.001147 0.000110 0.000885 0.001446 
0.001134 0.000132 0.000863 0.001502 
0.001145 0.000123 0.000892 0.001523 
0.001140 0.000101 0.000925 0.001538 
0.001123 0.000116 0.000869 0.001444 
0.001088 0.000127 0.000811 0.001473 
0.001103 0.000123 0.000833 0.001483 
0.001129 0.000100 0.000878 0.001397 
0.001157 0.000133 0.000879 0.001605 
0.001143 0.000114 0.000875 0.001522 
0.001123 0.000106 0.000860 0.001407 
0.001148 0.000108 0.000905 0.001483 
0.001047 0.000083 0.000747 0.001296 
0.001024 0.000084 0.000763 0.001366 
0.001024 0.000083 0.000768 0.001306 
0.001025 0.000083 0.000742 0.001270 
0.001044 0.000105 0.000752 0.001579 
0.001051 0.000103 0.000769 0.001453 
0.001016 0.000079 0.000767 0.001292 
0.001048 0.000094 0.000761 0.001371 
0.001062 0.000113 0.000776 0.001495 
0.001047 0.000091 0.000770 0.001351 
0.001030 0.000077 0.000781 0.001280 
0.001060 0.000087 0.000768 0.001364 
0.001045 0.000083 0.000788 0.001376 
0.001076 0.000087 0.000833 0.001287 
0.001105 0.000106 0.000860 0.001332 
0.001086 0.000095 0.000840 0.001296 
0.001070 0.000108 0.000804 0.001311 
0.001081 0.000097 0.000828 0.001297 
0.001064 0.000084 0.000826 0.001258 
0.001075 0.000088 0.000817 0.001298 
0.001073 0.000098 0.000822 0.001281 
0.001069 0.000099 0.000803 0.001297 
0.001063 0.000085 0.000789 0.001258 
0.001056 0.000093 0.000822 0.001262 
0.001096 0.000101 0.000844 0.001323 
0.001031 0.000084 0.000778 0.001249 
0.001097 0.000140 0.000779 0.001393 
0.001075 0.000113 0.000770 0.001276 
0.001068 0.000135 0.000755 0.001316 
0.001096 0.000138 0.000784 0.001365 
0.001111 0.000150 0.000784 0.001433 
0.001087 0.000155 0.000764 0.001418 
0.001068 0.000132 0.000748 0.001327 
0.001100 0.000150 0.000783 0.001410 
0.001069 0.000126 0.000784 0.001300 
0.001102 0.000147 0.000791 0.001430 
0.001074 0.000150 0.000755 0.001383 
0.001084 0.000134 0.000805 0.001362 
0.001103 0.000161 0.000741 0.001444 
0.001048 0.000121 0.000790 0.001329 
0.001055 0.000087 0.000839 0.001268 
0.001054 0.000086 0.000884 0.001303 
0.001080 0.000111 0.000837 0.001310 
0.001062 0.000105 0.000808 0.001327 
0.001077 0.000100 0.000861 0.001325 
0.001046 0.000108 0.000767 0.001387 
0.001052 0.000085 0.000860 0.001255 
0.001061 0.000081 0.000842 0.001253 
0.001041 0.000076 0.000879 0.001250 
0.001026 0.000089 0.000769 0.001264 
0.001055 0.000075 0.000849 0.001206 
0.001073 0.000109 0.000865 0.001360 
0.001046 0.000081 0.000865 0.001282 
