0.001047 0.000046 0.000929 0.001165 
0.001066 0.000050 0.000975 0.001200 
0.001040 0.000049 0.000957 0.001181 
0.001048 0.000049 0.000958 0.001184 
0.001023 0.000041 0.000928 0.001116 
0.001040 0.000040 0.000955 0.001136 
0.001025 0.000032 0.000935 0.001095 
0.001047 0.000040 0.000978 0.001153 
0.001031 0.000036 0.000948 0.001102 
0.001039 0.000033 0.000941 0.001108 
0.001038 0.000042 0.000958 0.001156 
0.001026 0.000045 0.000948 0.001159 
0.001054 0.000045 0.000898 0.001129 
0.001051 0.000059 0.000934 0.001192 
0.001052 0.000060 0.000919 0.001171 
0.001047 0.000047 0.000937 0.001151 
0.001066 0.000061 0.000968 0.001210 
0.001054 0.000050 0.000953 0.001183 
0.001035 0.000057 0.000934 0.001190 
0.001051 0.000049 0.000947 0.001140 
0.001058 0.000068 0.000933 0.001227 
0.001051 0.000056 0.000959 0.001197 
0.001055 0.000058 0.000936 0.001214 
0.001071 0.000079 0.000904 0.001312 
0.001063 0.000056 0.000936 0.001191 
0.001036 0.000053 0.000936 0.001180 
0.000980 0.000038 0.000898 0.001066 
0.001000 0.000059 0.000886 0.001142 
0.000993 0.000048 0.000903 0.001130 
0.001014 0.000057 0.000901 0.001134 
0.001021 0.000037 0.000926 0.001111 
0.001012 0.000058 0.000874 0.001138 
0.001027 0.000056 0.000913 0.001143 
0.000992 0.000043 0.000917 0.001089 
0.001014 0.000052 0.000913 0.001109 
0.000966 0.000044 0.000865 0.001065 
0.000968 0.000060 0.000841 0.001098 
0.001042 0.000058 0.000949 0.001182 
0.001034 0.000047 0.000939 0.001150 
0.001089 0.000047 0.001004 0.001204 
0.001054 0.000052 0.000976 0.001177 
0.001043 0.000044 0.000962 0.001154 
0.001064 0.000054 0.000986 0.001210 
0.001026 0.000047 0.000954 0.001136 
0.001068 0.000067 0.000966 0.001261 
0.001050 0.000057 0.000959 0.001188 
0.001054 0.000054 0.000957 0.001184 
0.001075 0.000068 0.000961 0.001258 
0.001063 0.000034 0.000985 0.001136 
0.001048 0.000047 0.000920 0.001143 
0.001048 0.000033 0.000952 0.001103 
0.001036 0.000043 0.000929 0.001128 
0.001010 0.000042 0.000894 0.001091 
0.001067 0.000048 0.000929 0.001168 
0.001041 0.000051 0.000906 0.001150 
0.001054 0.000048 0.000874 0.001138 
0.001058 0.000042 0.000943 0.001142 
0.001081 0.000058 0.000944 0.001200 
0.001066 0.000052 0.000950 0.001176 
0.001064 0.000048 0.000895 0.001165 
0.000993 0.000064 0.000888 0.001123 
0.001017 0.000073 0.000917 0.001200 
0.001008 0.000072 0.000898 0.001148 
0.001028 0.000079 0.000937 0.001230 
0.001007 0.000070 0.000917 0.001185 
0.001014 0.000067 0.000901 0.001148 
0.000978 0.000058 0.000905 0.001107 
0.001003 0.000057 0.000926 0.001123 
0.001023 0.000067 0.000927 0.001152 
0.000985 0.000069 0.000890 0.001151 
0.001073 0.000040 0.000965 0.001173 
0.001027 0.000035 0.000935 0.001093 
0.001050 0.000033 0.000966 0.001127 
0.001061 0.000038 0.000956 0.001125 
0.001025 0.000054 0.000934 0.001170 
0.001071 0.000043 0.000959 0.001167 
0.001057 0.000050 0.000939 0.001159 
0.001057 0.000041 0.000922 0.001166 
0.001054 0.000044 0.000946 0.001158 
0.001054 0.000038 0.000965 0.001148 
0.001063 0.000042 0.000943 0.001144 
0.001051 0.000050 0.000948 0.001172 
0.001063 0.000036 0.000962 0.001124 
0.001065 0.000049 0.000940 0.001181 
0.001047 0.000033 0.000940 0.001105 
0.001062 0.000052 0.000941 0.001162 
0.001058 0.000081 0.000918 0.001266 
0.001079 0.000075 0.000967 0.001270 
0.001090 0.000086 0.000945 0.001331 
0.001038 0.000052 0.000893 0.001145 
0.001041 0.000069 0.000934 0.001221 
0.001054 0.000066 0.000855 0.001199 
0.001039 0.000072 0.000928 0.001231 
0.001100 0.000099 0.000948 0.001288 
0.001047 0.000056 0.000942 0.001169 
0.001053 0.000076 0.000942 0.001261 
0.001045 0.000071 0.000911 0.001190 
0.001065 0.000068 0.000926 0.001209 
0.001032 0.000060 0.000944 0.001156 
0.001049 0.000071 0.000948 0.001218 
0.001000 0.000056 0.000912 0.001156 
0.001019 0.000057 0.000917 0.001167 
0.000994 0.000054 0.000916 0.001145 
0.001000 0.000045 0.000900 0.001093 
0.000968 0.000051 0.000864 0.001118 
0.001003 0.000049 0.000928 0.001112 
0.000983 0.000059 0.000875 0.001108 
0.000996 0.000047 0.000914 0.001109 
0.000973 0.000053 0.000878 0.001067 
0.001002 0.000051 0.000916 0.001152 
0.001022 0.000057 0.000945 0.001167 
0.001023 0.000051 0.000941 0.001132 
0.000981 0.000043 0.000881 0.001101 
0.001009 0.000056 0.000919 0.001116 
0.001090 0.000044 0.000981 0.001175 
0.000973 0.000031 0.000903 0.001040 
0.000991 0.000036 0.000877 0.001078 
0.000969 0.000030 0.000886 0.001054 
0.001020 0.000038 0.000899 0.001077 
0.001023 0.000045 0.000918 0.001116 
0.001046 0.000042 0.000938 0.001121 
0.001035 0.000039 0.000938 0.001116 
0.000944 0.000021 0.000878 0.001013 
0.001017 0.000044 0.000901 0.001114 
0.001003 0.000042 0.000886 0.001101 
0.001035 0.000045 0.000943 0.001141 
0.001047 0.000043 0.000906 0.001112 
0.001033 0.000045 0.000951 0.001162 
0.001038 0.000076 0.000942 0.001277 
0.001025 0.000044 0.000922 0.001172 
0.001041 0.000061 0.000925 0.001379 
0.001034 0.000054 0.000904 0.001159 
0.001014 0.000065 0.000907 0.001200 
0.000988 0.000052 0.000886 0.001128 
0.001077 0.000048 0.000963 0.001178 
0.001017 0.000048 0.000939 0.001177 
0.001029 0.000052 0.000952 0.001203 
0.001036 0.000064 0.000906 0.001188 
0.001039 0.000051 0.000963 0.001282 
0.000979 0.000040 0.000917 0.001090 
0.000935 0.000048 0.000843 0.001048 
0.000955 0.000039 0.000889 0.001060 
0.000982 0.000045 0.000927 0.001073 
0.000978 0.000068 0.000881 0.001128 
0.001010 0.000047 0.000918 0.001088 
0.000961 0.000054 0.000899 0.001089 
0.000982 0.000053 0.000901 0.001101 
0.001022 0.000050 0.000885 0.001142 
0.001000 0.000047 0.000895 0.001096 
0.000973 0.000040 0.000918 0.001077 
0.001009 0.000060 0.000900 0.001133 
0.000969 0.000046 0.000869 0.001057 
0.001086 0.000063 0.000957 0.001285 
0.001093 0.000045 0.000995 0.001172 
0.001074 0.000062 0.000984 0.001206 
0.001096 0.000062 0.000997 0.001240 
0.001049 0.000070 0.000950 0.001203 
0.001048 0.000049 0.000934 0.001159 
0.001057 0.000051 0.000964 0.001175 
0.001080 0.000081 0.000961 0.001263 
0.001034 0.000053 0.000939 0.001156 
0.001054 0.000062 0.000949 0.001207 
0.001052 0.000065 0.000932 0.001223 
0.001075 0.000058 0.000986 0.001213 
0.001031 0.000055 0.000926 0.001155 
0.001050 0.000043 0.000974 0.001177 
0.001030 0.000045 0.000919 0.001116 
0.001030 0.000044 0.000933 0.001118 
0.001018 0.000038 0.000918 0.001097 
0.001007 0.000047 0.000932 0.001125 
0.001042 0.000032 0.000989 0.001135 
0.001035 0.000036 0.000966 0.001131 
0.001034 0.000057 0.000921 0.001175 
0.000989 0.000045 0.000896 0.001112 
0.001011 0.000032 0.000914 0.001092 
0.001019 0.000062 0.000891 0.001168 
0.001038 0.000049 0.000956 0.001173 
0.001033 0.000056 0.000962 0.001183 
0.001033 0.000053 0.000938 0.001151 
0.001006 0.000035 0.000952 0.001094 
0.000994 0.000050 0.000903 0.001104 
0.001033 0.000053 0.000948 0.001180 
0.001024 0.000041 0.000930 0.001126 
0.001035 0.000050 0.000925 0.001140 
0.001007 0.000063 0.000893 0.001130 
0.001023 0.000039 0.000929 0.001099 
0.000976 0.000053 0.000873 0.001118 
0.000999 0.000032 0.000939 0.001063 
0.000974 0.000032 0.000913 0.001061 
0.001018 0.000057 0.000895 0.001162 
0.001002 0.000038 0.000933 0.001086 
0.000990 0.000036 0.000922 0.001084 
