0.001051 0.000121 0.000772 0.001513 
0.001051 0.000099 0.000798 0.001428 
0.001026 0.000104 0.000791 0.001474 
0.001068 0.000128 0.000821 0.001608 
0.001044 0.000138 0.000782 0.001530 
0.001041 0.000109 0.000792 0.001474 
0.001064 0.000112 0.000820 0.001497 
0.000995 0.000095 0.000800 0.001419 
0.000996 0.000110 0.000773 0.001458 
0.001002 0.000121 0.000736 0.001451 
0.001041 0.000100 0.000803 0.001382 
0.000995 0.000089 0.000803 0.001391 
0.001067 0.000153 0.000777 0.001639 
0.001010 0.000120 0.000790 0.001474 
0.001031 0.000122 0.000789 0.001434 
0.001022 0.000113 0.000810 0.001373 
0.001014 0.000102 0.000802 0.001375 
0.001030 0.000122 0.000800 0.001555 
0.001020 0.000089 0.000817 0.001324 
0.001091 0.000139 0.000811 0.001414 
0.001045 0.000128 0.000806 0.001558 
0.001039 0.000105 0.000803 0.001418 
0.001006 0.000100 0.000835 0.001400 
0.000983 0.000091 0.000801 0.001284 
0.001016 0.000112 0.000783 0.001515 
0.000996 0.000094 0.000819 0.001412 
0.001045 0.000093 0.000831 0.001410 
0.001011 0.000077 0.000829 0.001275 
0.001078 0.000115 0.000846 0.001577 
0.001162 0.000105 0.000889 0.001470 
0.001151 0.000110 0.000870 0.001446 
0.001151 0.000118 0.000873 0.001496 
0.001106 0.000098 0.000845 0.001384 
0.001092 0.000105 0.000868 0.001577 
0.001110 0.000124 0.000836 0.001454 
0.001144 0.000126 0.000871 0.001704 
0.001087 0.000097 0.000838 0.001478 
0.001023 0.000094 0.000827 0.001493 
0.001048 0.000125 0.000820 0.001513 
0.001058 0.000128 0.000788 0.001581 
0.001073 0.000135 0.000842 0.001689 
0.001082 0.000156 0.000843 0.001839 
0.001073 0.000111 0.000847 0.001588 
0.001023 0.000120 0.000831 0.001495 
0.001057 0.000132 0.000814 0.001660 
0.001072 0.000136 0.000837 0.001666 
0.001075 0.000158 0.000808 0.001780 
0.001020 0.000107 0.000814 0.001568 
0.001037 0.000131 0.000807 0.001734 
0.001069 0.000107 0.000856 0.001426 
0.001084 0.000115 0.000780 0.001689 
0.001083 0.000130 0.000838 0.001498 
0.001060 0.000129 0.000812 0.001748 
0.001096 0.000115 0.000849 0.001459 
0.001072 0.000143 0.000831 0.001549 
0.001112 0.000166 0.000833 0.001700 
0.001067 0.000138 0.000803 0.001796 
0.001056 0.000117 0.000839 0.001705 
0.001076 0.000115 0.000850 0.001628 
0.001048 0.000090 0.000855 0.001378 
0.001046 0.000103 0.000788 0.001418 
0.001044 0.000120 0.000751 0.001460 
0.001056 0.000141 0.000749 0.001602 
0.001064 0.000111 0.000811 0.001528 
0.001022 0.000105 0.000742 0.001441 
0.001057 0.000109 0.000778 0.001465 
0.001050 0.000124 0.000730 0.001527 
0.000990 0.000117 0.000729 0.001515 
0.001001 0.000117 0.000725 0.001406 
0.001009 0.000122 0.000734 0.001527 
0.001072 0.000147 0.000784 0.001526 
0.001083 0.000161 0.000782 0.001736 
0.001070 0.000171 0.000771 0.001693 
0.001121 0.000159 0.000795 0.001698 
0.001145 0.000198 0.000803 0.001860 
0.001120 0.000138 0.000827 0.001547 
0.001114 0.000151 0.000841 0.001704 
0.001097 0.000150 0.000789 0.001514 
0.001109 0.000172 0.000801 0.001639 
0.001120 0.000182 0.000787 0.001876 
0.001113 0.000152 0.000828 0.001559 
0.001111 0.000153 0.000836 0.001684 
0.001105 0.000143 0.000806 0.001589 
0.001054 0.000140 0.000767 0.001549 
0.001163 0.000218 0.000791 0.001986 
0.001050 0.000179 0.000783 0.001754 
0.001077 0.000107 0.000813 0.001542 
0.001042 0.000097 0.000834 0.001547 
0.001074 0.000095 0.000863 0.001503 
0.001057 0.000078 0.000863 0.001310 
0.001054 0.000113 0.000863 0.001561 
0.001060 0.000139 0.000840 0.001600 
0.001091 0.000130 0.000840 0.001672 
0.001059 0.000115 0.000856 0.001537 
0.001014 0.000122 0.000819 0.001511 
0.001030 0.000154 0.000781 0.001670 
0.001040 0.000082 0.000859 0.001354 
0.001099 0.000126 0.000850 0.001592 
0.001072 0.000120 0.000855 0.001517 
0.001085 0.000114 0.000820 0.001532 
0.001039 0.000122 0.000824 0.001549 
0.001043 0.000126 0.000816 0.001556 
0.001065 0.000139 0.000832 0.001665 
0.001046 0.000104 0.000807 0.001486 
0.001068 0.000128 0.000840 0.001603 
0.001053 0.000127 0.000828 0.001699 
0.001061 0.000148 0.000802 0.001618 
0.001031 0.000105 0.000839 0.001585 
0.000999 0.000111 0.000794 0.001543 
0.001048 0.000112 0.000828 0.001484 
0.001047 0.000141 0.000826 0.001631 
0.001037 0.000155 0.000813 0.001669 
0.001105 0.000196 0.000819 0.001871 
0.001061 0.000109 0.000824 0.001486 
0.001037 0.000106 0.000809 0.001483 
0.001093 0.000121 0.000868 0.001480 
0.001089 0.000141 0.000820 0.001575 
0.001180 0.000137 0.000925 0.001571 
0.001062 0.000107 0.000863 0.001445 
0.001155 0.000163 0.000842 0.001725 
0.001068 0.000119 0.000827 0.001547 
0.001045 0.000081 0.000865 0.001428 
0.001060 0.000104 0.000852 0.001553 
0.001048 0.000114 0.000846 0.001460 
0.001104 0.000116 0.000875 0.001484 
0.001065 0.000123 0.000805 0.001504 
0.001046 0.000151 0.000776 0.001533 
0.001001 0.000097 0.000831 0.001317 
0.001011 0.000120 0.000800 0.001510 
0.001033 0.000094 0.000836 0.001272 
0.000994 0.000118 0.000793 0.001499 
0.001030 0.000086 0.000859 0.001410 
0.001013 0.000096 0.000821 0.001395 
0.000932 0.000104 0.000767 0.001312 
0.000999 0.000103 0.000816 0.001453 
0.000952 0.000092 0.000807 0.001326 
0.000988 0.000098 0.000817 0.001229 
0.001026 0.000119 0.000807 0.001417 
0.001002 0.000104 0.000836 0.001383 
0.001056 0.000105 0.000791 0.001567 
0.001035 0.000076 0.000811 0.001318 
0.001050 0.000113 0.000821 0.001376 
0.001083 0.000129 0.000788 0.001700 
0.001091 0.000114 0.000855 0.001516 
0.001059 0.000117 0.000793 0.001577 
0.001015 0.000094 0.000828 0.001495 
0.001060 0.000117 0.000808 0.001367 
0.001096 0.000103 0.000782 0.001444 
0.001073 0.000099 0.000799 0.001528 
0.001037 0.000101 0.000781 0.001353 
0.001042 0.000094 0.000839 0.001420 
0.001044 0.000120 0.000833 0.001435 
0.001066 0.000089 0.000863 0.001323 
0.001068 0.000102 0.000825 0.001355 
0.001037 0.000109 0.000798 0.001398 
0.001084 0.000121 0.000843 0.001542 
0.001091 0.000107 0.000868 0.001434 
0.001087 0.000102 0.000884 0.001377 
0.001115 0.000100 0.000900 0.001418 
0.001070 0.000080 0.000867 0.001290 
0.001028 0.000099 0.000809 0.001250 
0.001113 0.000093 0.000876 0.001412 
0.001060 0.000069 0.000895 0.001251 
0.001053 0.000095 0.000838 0.001327 
0.001012 0.000102 0.000813 0.001317 
0.001071 0.000129 0.000833 0.001627 
0.001049 0.000114 0.000841 0.001543 
0.001059 0.000122 0.000808 0.001570 
0.001085 0.000137 0.000842 0.001779 
0.001084 0.000126 0.000822 0.001506 
0.001093 0.000136 0.000810 0.001683 
0.001082 0.000094 0.000847 0.001405 
0.001054 0.000098 0.000807 0.001488 
0.001050 0.000139 0.000745 0.001624 
0.001067 0.000120 0.000789 0.001593 
0.001038 0.000138 0.000814 0.001629 
0.001051 0.000120 0.000825 0.001554 
0.001101 0.000109 0.000882 0.001613 
0.001051 0.000114 0.000832 0.001515 
0.001024 0.000106 0.000805 0.001380 
0.000978 0.000087 0.000782 0.001416 
0.000943 0.000078 0.000795 0.001266 
0.001017 0.000107 0.000805 0.001382 
0.001030 0.000107 0.000794 0.001508 
0.000973 0.000107 0.000776 0.001392 
0.000991 0.000147 0.000768 0.001510 
0.000998 0.000104 0.000796 0.001403 
0.001017 0.000155 0.000781 0.001633 
0.000995 0.000087 0.000807 0.001342 
0.001004 0.000088 0.000819 0.001323 
0.001060 0.000122 0.000831 0.001599 
0.000973 0.000121 0.000742 0.001504 
