0.001849 0.000150 0.001505 0.002187 
0.001807 0.000164 0.001397 0.002140 
0.001731 0.000190 0.001260 0.002200 
0.001809 0.000190 0.001374 0.002189 
0.001799 0.000166 0.001373 0.002206 
0.001798 0.000192 0.001394 0.002206 
0.001739 0.000182 0.001344 0.002180 
0.001817 0.000188 0.001418 0.002215 
0.001800 0.000180 0.001388 0.002229 
0.001824 0.000155 0.001428 0.002168 
0.001728 0.000181 0.001203 0.002177 
0.001772 0.000175 0.001318 0.002227 
0.001805 0.000193 0.001266 0.002221 
0.001990 0.000293 0.001344 0.002527 
0.002019 0.000278 0.001423 0.002869 
0.002020 0.000292 0.001379 0.002569 
0.001931 0.000268 0.001380 0.002717 
0.002099 0.000291 0.001407 0.002671 
0.002032 0.000276 0.001408 0.002836 
0.002095 0.000257 0.001412 0.002618 
0.002100 0.000275 0.001482 0.002840 
0.002036 0.000318 0.001310 0.002539 
0.002042 0.000298 0.001387 0.002711 
0.002028 0.000275 0.001363 0.002540 
0.002089 0.000319 0.001394 0.002727 
0.001991 0.000285 0.001359 0.002500 
0.001955 0.000209 0.001478 0.002459 
0.001912 0.000204 0.001401 0.002433 
0.001910 0.000212 0.000909 0.002282 
0.001922 0.000226 0.000865 0.002417 
0.001990 0.000248 0.000909 0.002579 
0.001980 0.000211 0.000891 0.002450 
0.001920 0.000224 0.000870 0.002328 
0.001997 0.000186 0.001634 0.002349 
0.001934 0.000177 0.000902 0.002316 
0.001867 0.000215 0.001406 0.002307 
0.001968 0.000213 0.000936 0.002582 
0.002121 0.000276 0.001650 0.002695 
0.002200 0.000352 0.001565 0.002869 
0.002148 0.000266 0.001585 0.002609 
0.002149 0.000278 0.001521 0.002646 
0.002123 0.000259 0.001637 0.002665 
0.002193 0.000302 0.001612 0.002684 
0.002138 0.000278 0.001615 0.002654 
0.002118 0.000286 0.001562 0.002600 
0.002099 0.000272 0.001538 0.002578 
0.002056 0.000338 0.001509 0.002719 
0.002187 0.000259 0.001776 0.002725 
0.002069 0.000323 0.001540 0.002766 
0.002113 0.000330 0.001344 0.002673 
0.002025 0.000351 0.001313 0.002611 
0.002074 0.000365 0.001288 0.002654 
0.002096 0.000348 0.001320 0.002717 
0.002087 0.000336 0.001340 0.002584 
0.002141 0.000388 0.001343 0.002999 
0.002084 0.000367 0.001310 0.002643 
0.002053 0.000320 0.001274 0.002495 
0.002122 0.000323 0.001374 0.002636 
0.002100 0.000370 0.001295 0.002817 
0.002130 0.000365 0.001360 0.002638 
0.001743 0.000156 0.001399 0.002254 
0.001684 0.000148 0.001349 0.002034 
0.001668 0.000141 0.000985 0.002083 
0.001696 0.000149 0.001295 0.002100 
0.001598 0.000187 0.001269 0.002229 
0.001703 0.000151 0.001356 0.002058 
0.001691 0.000195 0.001238 0.002434 
0.001704 0.000153 0.001364 0.002079 
0.001745 0.000232 0.001307 0.002763 
0.001661 0.000128 0.001291 0.002000 
0.001789 0.000227 0.001172 0.002438 
0.001725 0.000223 0.001165 0.002240 
0.001794 0.000221 0.001199 0.002315 
0.001822 0.000260 0.001196 0.002561 
0.001824 0.000315 0.001128 0.002475 
0.001807 0.000216 0.001127 0.002454 
0.001785 0.000260 0.001227 0.002410 
0.001750 0.000227 0.001137 0.002382 
0.001790 0.000265 0.001139 0.002633 
0.001816 0.000272 0.001250 0.002548 
0.001763 0.000253 0.001139 0.002356 
0.001880 0.000308 0.001184 0.002519 
0.001803 0.000233 0.001230 0.002444 
0.001677 0.000247 0.001165 0.002309 
0.001728 0.000250 0.001116 0.002268 
0.001781 0.000232 0.001188 0.002424 
0.001828 0.000146 0.001396 0.002166 
0.001734 0.000148 0.001247 0.002093 
0.001901 0.000137 0.001541 0.002186 
0.001780 0.000139 0.001403 0.002048 
0.001893 0.000130 0.001524 0.002130 
0.001858 0.000158 0.001419 0.002254 
0.001962 0.000134 0.001559 0.002241 
0.001937 0.000136 0.001506 0.002202 
0.001788 0.000158 0.001337 0.002112 
0.001930 0.000151 0.001584 0.002243 
0.001822 0.000150 0.001435 0.002131 
0.001900 0.000149 0.001528 0.002144 
0.001848 0.000149 0.001358 0.002220 
0.001795 0.000141 0.001403 0.002085 
0.002261 0.000343 0.001643 0.002967 
0.002283 0.000333 0.001607 0.002893 
0.002199 0.000394 0.001519 0.002985 
0.002296 0.000350 0.001614 0.002935 
0.002244 0.000351 0.001598 0.002913 
0.002283 0.000333 0.001623 0.002892 
0.002248 0.000313 0.001628 0.002951 
0.002247 0.000332 0.001623 0.002931 
0.002215 0.000356 0.001509 0.002912 
0.002393 0.000344 0.001706 0.002919 
0.002247 0.000362 0.001548 0.002903 
0.002314 0.000360 0.001529 0.002927 
0.002408 0.000360 0.001683 0.003027 
0.002233 0.000354 0.001590 0.002879 
0.001962 0.000194 0.001566 0.002772 
0.002009 0.000135 0.001703 0.002539 
0.002021 0.000173 0.001638 0.002414 
0.002001 0.000231 0.001607 0.002864 
0.002026 0.000116 0.001737 0.002476 
0.001933 0.000225 0.001540 0.002717 
0.002050 0.000188 0.001677 0.002601 
0.001965 0.000220 0.001538 0.002531 
0.002122 0.000127 0.001792 0.002485 
0.002103 0.000216 0.001694 0.002658 
0.001991 0.000190 0.001631 0.002434 
0.001952 0.000169 0.001555 0.002360 
0.002062 0.000201 0.001656 0.002719 
0.001930 0.000217 0.001503 0.002491 
0.001887 0.000161 0.001430 0.002276 
0.001900 0.000148 0.001577 0.002294 
0.001909 0.000289 0.001432 0.002791 
0.001940 0.000188 0.001496 0.002430 
0.001848 0.000150 0.001427 0.002336 
0.001749 0.000173 0.001324 0.002157 
0.001901 0.000139 0.001518 0.002342 
0.001886 0.000204 0.001450 0.002351 
0.001874 0.000184 0.001394 0.002371 
0.001886 0.000194 0.001456 0.002302 
0.001873 0.000186 0.001450 0.002291 
0.002180 0.000348 0.001523 0.002947 
0.002039 0.000358 0.001377 0.002825 
0.002159 0.000371 0.001454 0.002851 
0.002111 0.000332 0.001456 0.002851 
0.002156 0.000381 0.001460 0.002870 
0.002133 0.000354 0.001451 0.002782 
0.002178 0.000359 0.001427 0.002843 
0.002165 0.000353 0.001448 0.002833 
0.002195 0.000393 0.001319 0.002846 
0.002143 0.000332 0.001496 0.002842 
0.002076 0.000360 0.001416 0.002901 
0.002179 0.000406 0.001367 0.002802 
0.002219 0.000364 0.001467 0.002852 
0.001768 0.000222 0.001300 0.002362 
0.001863 0.000183 0.001426 0.002292 
0.001900 0.000183 0.001481 0.002347 
0.001967 0.000214 0.001428 0.002495 
0.001858 0.000218 0.001385 0.002299 
0.001770 0.000246 0.001318 0.002503 
0.001845 0.000227 0.001359 0.002505 
0.001736 0.000185 0.001336 0.002267 
0.001846 0.000190 0.001365 0.002531 
0.001761 0.000211 0.001358 0.002356 
0.001853 0.000169 0.001455 0.002296 
0.001860 0.000176 0.001413 0.002413 
0.001878 0.000215 0.001389 0.002533 
0.001853 0.000226 0.001365 0.002698 
0.001844 0.000195 0.001341 0.002294 
0.001865 0.000193 0.001423 0.002389 
0.001774 0.000149 0.001401 0.002147 
0.001804 0.000172 0.001340 0.002395 
0.001812 0.000144 0.001382 0.002220 
0.001772 0.000151 0.001364 0.002169 
0.001799 0.000153 0.001369 0.002215 
0.001817 0.000185 0.001342 0.002396 
0.001870 0.000244 0.001385 0.002463 
0.001756 0.000163 0.001337 0.002413 
0.001842 0.000156 0.001372 0.002215 
0.001742 0.000176 0.001234 0.002168 
0.001789 0.000164 0.001281 0.002098 
0.002114 0.000247 0.001612 0.002598 
0.002156 0.000255 0.001632 0.002843 
0.002010 0.000218 0.001536 0.002475 
0.002103 0.000235 0.001547 0.002886 
0.002150 0.000261 0.001659 0.002775 
0.002087 0.000247 0.001597 0.002753 
0.002089 0.000266 0.001645 0.002937 
0.002100 0.000224 0.001655 0.002575 
0.002131 0.000247 0.001606 0.002720 
0.002124 0.000305 0.001525 0.002844 
0.002044 0.000221 0.001546 0.002679 
0.002246 0.000292 0.001588 0.002931 
0.002182 0.000304 0.001522 0.002864 
