0.000958 0.000168 0.000664 0.001445 
0.000897 0.000134 0.000627 0.001393 
0.000873 0.000151 0.000627 0.001467 
0.000889 0.000169 0.000591 0.001510 
0.000902 0.000160 0.000567 0.001370 
0.000921 0.000190 0.000597 0.001567 
0.000907 0.000148 0.000612 0.001335 
0.000910 0.000165 0.000596 0.001404 
0.000925 0.000157 0.000617 0.001418 
0.000875 0.000171 0.000588 0.001528 
0.000895 0.000162 0.000622 0.001489 
0.000936 0.000209 0.000533 0.001565 
0.000917 0.000155 0.000614 0.001403 
0.000993 0.000250 0.000644 0.001878 
0.000979 0.000207 0.000674 0.001659 
0.001038 0.000265 0.000670 0.001953 
0.000936 0.000189 0.000640 0.001818 
0.000899 0.000165 0.000645 0.001563 
0.000947 0.000178 0.000646 0.001596 
0.000877 0.000181 0.000598 0.001536 
0.000922 0.000138 0.000586 0.001446 
0.000965 0.000192 0.000682 0.001731 
0.000924 0.000172 0.000618 0.001847 
0.000998 0.000173 0.000673 0.001723 
0.000991 0.000200 0.000674 0.001776 
0.000985 0.000216 0.000627 0.001863 
0.000942 0.000154 0.000588 0.001577 
0.000946 0.000130 0.000687 0.001649 
0.000899 0.000176 0.000604 0.001519 
0.000930 0.000156 0.000645 0.001623 
0.001011 0.000192 0.000625 0.001809 
0.000954 0.000168 0.000678 0.001699 
0.000917 0.000157 0.000627 0.001446 
0.001001 0.000149 0.000713 0.001515 
0.001013 0.000210 0.000610 0.001593 
0.000963 0.000162 0.000627 0.001739 
0.000940 0.000177 0.000612 0.001648 
0.000931 0.000172 0.000678 0.001816 
0.000937 0.000178 0.000650 0.001799 
0.000966 0.000138 0.000663 0.001544 
0.000977 0.000151 0.000722 0.001583 
0.000980 0.000132 0.000689 0.001450 
0.000962 0.000128 0.000699 0.001444 
0.000968 0.000170 0.000744 0.001681 
0.000961 0.000140 0.000710 0.001472 
0.000955 0.000158 0.000724 0.001549 
0.000956 0.000168 0.000699 0.002044 
0.000948 0.000134 0.000661 0.001522 
0.000934 0.000148 0.000650 0.001728 
0.000962 0.000091 0.000674 0.001220 
0.000886 0.000102 0.000708 0.001445 
0.000893 0.000098 0.000722 0.001329 
0.000921 0.000112 0.000649 0.001281 
0.000912 0.000103 0.000690 0.001345 
0.000934 0.000126 0.000658 0.001466 
0.000881 0.000080 0.000712 0.001141 
0.000929 0.000108 0.000707 0.001236 
0.000913 0.000098 0.000719 0.001151 
0.000939 0.000102 0.000733 0.001278 
0.000934 0.000091 0.000699 0.001501 
0.000989 0.000133 0.000697 0.001592 
0.000986 0.000171 0.000709 0.001856 
0.000987 0.000129 0.000728 0.001520 
0.001039 0.000202 0.000679 0.002056 
0.000954 0.000127 0.000667 0.001797 
0.000975 0.000138 0.000716 0.001650 
0.000992 0.000140 0.000704 0.001654 
0.000985 0.000152 0.000660 0.001657 
0.000986 0.000132 0.000688 0.001628 
0.000908 0.000136 0.000616 0.001487 
0.000898 0.000143 0.000690 0.001464 
0.000895 0.000119 0.000693 0.001406 
0.000926 0.000148 0.000652 0.001513 
0.000932 0.000164 0.000695 0.001571 
0.000880 0.000135 0.000680 0.001466 
0.000925 0.000141 0.000674 0.001407 
0.000955 0.000158 0.000718 0.001571 
0.000934 0.000141 0.000673 0.001370 
0.000927 0.000143 0.000649 0.001527 
0.000939 0.000128 0.000709 0.001403 
0.000921 0.000154 0.000685 0.001553 
0.000934 0.000153 0.000671 0.001522 
0.000922 0.000131 0.000695 0.001348 
0.000942 0.000135 0.000691 0.001466 
0.000923 0.000178 0.000675 0.001580 
0.000937 0.000101 0.000751 0.001303 
0.000927 0.000202 0.000614 0.001439 
0.000897 0.000160 0.000631 0.001301 
0.000965 0.000201 0.000619 0.001483 
0.000952 0.000248 0.000577 0.001524 
0.001007 0.000221 0.000608 0.001465 
0.001021 0.000169 0.000691 0.001421 
0.000993 0.000193 0.000617 0.001507 
0.000963 0.000203 0.000606 0.001437 
0.000977 0.000190 0.000615 0.001438 
0.000815 0.000170 0.000570 0.001314 
0.000955 0.000247 0.000539 0.001475 
0.000942 0.000178 0.000630 0.001365 
0.000951 0.000256 0.000576 0.001503 
0.000894 0.000220 0.000616 0.001511 
0.000986 0.000143 0.000637 0.001344 
0.001013 0.000155 0.000711 0.001513 
0.001003 0.000207 0.000646 0.001454 
0.001081 0.000163 0.000720 0.001489 
0.000980 0.000167 0.000674 0.001455 
0.000970 0.000172 0.000654 0.001481 
0.000887 0.000163 0.000592 0.001361 
0.000992 0.000177 0.000691 0.001508 
0.000912 0.000130 0.000657 0.001347 
0.000968 0.000190 0.000660 0.001521 
0.000964 0.000155 0.000694 0.001495 
0.000962 0.000146 0.000688 0.001341 
0.000955 0.000134 0.000688 0.001369 
0.000922 0.000116 0.000610 0.001302 
0.000838 0.000121 0.000630 0.001206 
0.000918 0.000117 0.000675 0.001261 
0.000890 0.000141 0.000524 0.001324 
0.000908 0.000168 0.000559 0.001348 
0.001032 0.000191 0.000622 0.001499 
0.000848 0.000149 0.000620 0.001336 
0.000904 0.000139 0.000657 0.001311 
0.000915 0.000139 0.000617 0.001340 
0.000878 0.000124 0.000658 0.001234 
0.000875 0.000147 0.000594 0.001341 
0.000890 0.000121 0.000621 0.001266 
0.000999 0.000184 0.000614 0.001538 
0.000839 0.000142 0.000621 0.001270 
0.000853 0.000182 0.000594 0.001625 
0.000870 0.000172 0.000653 0.001732 
0.000861 0.000195 0.000599 0.001439 
0.000805 0.000124 0.000565 0.001330 
0.000824 0.000159 0.000623 0.001508 
0.000831 0.000189 0.000622 0.001579 
0.000988 0.000269 0.000678 0.001677 
0.000807 0.000172 0.000553 0.001517 
0.000988 0.000294 0.000647 0.001890 
0.000967 0.000241 0.000637 0.001686 
0.000856 0.000158 0.000630 0.001601 
0.000947 0.000173 0.000721 0.001638 
0.000949 0.000128 0.000694 0.001419 
0.000951 0.000145 0.000665 0.001620 
0.001020 0.000146 0.000713 0.001595 
0.000922 0.000139 0.000661 0.001568 
0.000929 0.000138 0.000695 0.001490 
0.000972 0.000169 0.000659 0.001730 
0.000928 0.000141 0.000691 0.001547 
0.000902 0.000132 0.000672 0.001376 
0.001045 0.000217 0.000713 0.001827 
0.000938 0.000115 0.000714 0.001321 
0.000907 0.000142 0.000671 0.001623 
0.000942 0.000109 0.000721 0.001228 
0.000973 0.000125 0.000699 0.001477 
0.000920 0.000139 0.000629 0.001251 
0.000861 0.000131 0.000603 0.001242 
0.000828 0.000128 0.000617 0.001157 
0.000863 0.000126 0.000646 0.001262 
0.000840 0.000123 0.000589 0.001189 
0.000878 0.000121 0.000656 0.001223 
0.000820 0.000113 0.000624 0.001157 
0.000854 0.000146 0.000587 0.001336 
0.000788 0.000134 0.000593 0.001208 
0.000790 0.000099 0.000600 0.001077 
0.000798 0.000127 0.000564 0.001147 
0.000862 0.000122 0.000614 0.001230 
0.000819 0.000137 0.000581 0.001209 
0.000863 0.000132 0.000655 0.001291 
0.000909 0.000149 0.000708 0.001388 
0.000855 0.000145 0.000598 0.001482 
0.000858 0.000108 0.000683 0.001422 
0.000844 0.000124 0.000662 0.001368 
0.000822 0.000137 0.000664 0.001274 
0.000866 0.000164 0.000648 0.001379 
0.000841 0.000098 0.000678 0.001205 
0.000881 0.000163 0.000634 0.001432 
0.000879 0.000125 0.000656 0.001311 
0.000845 0.000116 0.000631 0.001328 
0.000852 0.000118 0.000637 0.001226 
0.000876 0.000125 0.000709 0.001516 
0.000882 0.000107 0.000680 0.001307 
0.001047 0.000172 0.000693 0.001526 
0.001008 0.000157 0.000658 0.001984 
0.000957 0.000140 0.000680 0.001311 
0.000948 0.000129 0.000726 0.001311 
0.001013 0.000180 0.000661 0.001757 
0.001051 0.000171 0.000735 0.001636 
0.000977 0.000146 0.000653 0.001569 
0.000919 0.000148 0.000668 0.001459 
0.000945 0.000160 0.000666 0.001756 
0.001014 0.000179 0.000664 0.001706 
0.001022 0.000148 0.000654 0.001453 
0.000942 0.000138 0.000680 0.001426 
0.001014 0.000160 0.000698 0.001589 
