0.001095 0.000156 0.000737 0.001481 
0.001120 0.000170 0.000629 0.001570 
0.001111 0.000188 0.000735 0.001614 
0.001091 0.000167 0.000729 0.001446 
0.001045 0.000152 0.000718 0.001440 
0.001068 0.000158 0.000701 0.001563 
0.001094 0.000174 0.000651 0.001412 
0.001118 0.000183 0.000655 0.001448 
0.001108 0.000184 0.000710 0.001561 
0.001059 0.000180 0.000613 0.001397 
0.001064 0.000172 0.000633 0.001365 
0.001033 0.000188 0.000618 0.001649 
0.001111 0.000151 0.000774 0.001483 
0.000992 0.000192 0.000659 0.001547 
0.000933 0.000124 0.000687 0.001328 
0.001041 0.000196 0.000737 0.001470 
0.001064 0.000181 0.000605 0.001393 
0.000978 0.000168 0.000675 0.001461 
0.000982 0.000123 0.000719 0.001343 
0.000958 0.000145 0.000663 0.001387 
0.000970 0.000149 0.000667 0.001430 
0.001027 0.000167 0.000733 0.001366 
0.001017 0.000186 0.000667 0.001320 
0.001048 0.000144 0.000642 0.001272 
0.001076 0.000160 0.000632 0.001334 
0.000994 0.000161 0.000680 0.001317 
0.001119 0.000187 0.000673 0.001623 
0.001170 0.000164 0.000769 0.001493 
0.001125 0.000139 0.000802 0.001531 
0.001149 0.000159 0.000784 0.001511 
0.001162 0.000159 0.000772 0.001475 
0.001129 0.000156 0.000773 0.001655 
0.001134 0.000142 0.000679 0.001523 
0.001072 0.000138 0.000702 0.001424 
0.001074 0.000164 0.000735 0.001446 
0.001106 0.000141 0.000658 0.001449 
0.001105 0.000175 0.000698 0.001657 
0.001055 0.000139 0.000739 0.001335 
0.001068 0.000154 0.000695 0.001395 
0.001115 0.000131 0.000818 0.001340 
0.001104 0.000127 0.000676 0.001339 
0.001082 0.000124 0.000744 0.001254 
0.001047 0.000128 0.000708 0.001293 
0.001072 0.000141 0.000641 0.001329 
0.001108 0.000135 0.000751 0.001393 
0.001075 0.000135 0.000654 0.001318 
0.001107 0.000146 0.000774 0.001412 
0.001107 0.000150 0.000787 0.001528 
0.001112 0.000147 0.000678 0.001413 
0.001029 0.000150 0.000608 0.001364 
0.001067 0.000165 0.000690 0.001376 
0.000969 0.000157 0.000707 0.001312 
0.001045 0.000167 0.000698 0.001400 
0.001071 0.000137 0.000753 0.001360 
0.001035 0.000143 0.000747 0.001354 
0.001076 0.000169 0.000722 0.001400 
0.001023 0.000137 0.000755 0.001348 
0.001049 0.000138 0.000774 0.001327 
0.001058 0.000136 0.000758 0.001289 
0.001081 0.000167 0.000721 0.001439 
0.001070 0.000175 0.000726 0.001399 
0.001054 0.000142 0.000697 0.001412 
0.001043 0.000157 0.000664 0.001375 
0.001007 0.000134 0.000654 0.001236 
0.001051 0.000136 0.000695 0.001344 
0.001013 0.000168 0.000710 0.001366 
0.001052 0.000136 0.000680 0.001326 
0.000940 0.000116 0.000687 0.001266 
0.001052 0.000170 0.000660 0.001417 
0.001006 0.000179 0.000669 0.001519 
0.001036 0.000139 0.000742 0.001364 
0.001077 0.000161 0.000738 0.001495 
0.001001 0.000135 0.000644 0.001364 
0.001033 0.000126 0.000731 0.001315 
0.001010 0.000151 0.000644 0.001308 
0.001037 0.000125 0.000784 0.001319 
0.001037 0.000123 0.000780 0.001383 
0.001054 0.000154 0.000710 0.001363 
0.001053 0.000117 0.000740 0.001331 
0.001017 0.000136 0.000672 0.001271 
0.001015 0.000137 0.000665 0.001300 
0.001057 0.000151 0.000703 0.001530 
0.001015 0.000122 0.000670 0.001264 
0.001036 0.000147 0.000632 0.001362 
0.001068 0.000146 0.000761 0.001500 
0.001068 0.000145 0.000709 0.001420 
0.001071 0.000136 0.000765 0.001451 
0.001052 0.000136 0.000702 0.001344 
0.001102 0.000140 0.000791 0.001434 
0.001021 0.000140 0.000715 0.001499 
0.001054 0.000136 0.000718 0.001394 
0.001136 0.000137 0.000790 0.001530 
0.001098 0.000166 0.000758 0.001599 
0.001101 0.000161 0.000778 0.001602 
0.001108 0.000155 0.000749 0.001475 
0.001089 0.000172 0.000704 0.001640 
0.001034 0.000131 0.000698 0.001381 
0.001122 0.000144 0.000792 0.001428 
0.001030 0.000129 0.000669 0.001301 
0.001011 0.000117 0.000749 0.001326 
0.000989 0.000147 0.000618 0.001295 
0.001039 0.000160 0.000663 0.001279 
0.001008 0.000158 0.000646 0.001370 
0.000955 0.000170 0.000679 0.001320 
0.000985 0.000140 0.000688 0.001272 
0.001021 0.000164 0.000695 0.001309 
0.000988 0.000146 0.000673 0.001379 
0.000973 0.000161 0.000656 0.001241 
0.000960 0.000171 0.000560 0.001460 
0.000979 0.000126 0.000630 0.001185 
0.000948 0.000145 0.000578 0.001295 
0.000965 0.000179 0.000656 0.001266 
0.000993 0.000161 0.000615 0.001395 
0.001026 0.000173 0.000675 0.001326 
0.001033 0.000205 0.000612 0.001403 
0.001125 0.000230 0.000637 0.001574 
0.001010 0.000186 0.000644 0.001469 
0.001042 0.000208 0.000510 0.001491 
0.001117 0.000214 0.000581 0.001531 
0.001024 0.000212 0.000630 0.001539 
0.001093 0.000224 0.000631 0.001662 
0.001040 0.000178 0.000673 0.001387 
0.001069 0.000202 0.000554 0.001536 
0.001068 0.000199 0.000675 0.001474 
0.001026 0.000198 0.000632 0.001462 
0.001028 0.000192 0.000633 0.001482 
0.001044 0.000189 0.000593 0.001427 
0.001005 0.000156 0.000616 0.001374 
0.001018 0.000152 0.000612 0.001366 
0.000887 0.000136 0.000596 0.001363 
0.000935 0.000166 0.000590 0.001291 
0.000964 0.000155 0.000608 0.001390 
0.000896 0.000182 0.000643 0.001506 
0.000894 0.000186 0.000599 0.001395 
0.001023 0.000163 0.000584 0.001366 
0.000978 0.000143 0.000619 0.001298 
0.000916 0.000159 0.000642 0.001335 
0.000875 0.000128 0.000663 0.001250 
0.000979 0.000151 0.000677 0.001313 
0.001000 0.000137 0.000695 0.001221 
0.001002 0.000169 0.000660 0.001265 
0.001030 0.000156 0.000659 0.001279 
0.000999 0.000150 0.000655 0.001401 
0.001039 0.000132 0.000733 0.001305 
0.001094 0.000157 0.000724 0.001348 
0.000985 0.000171 0.000636 0.001313 
0.001028 0.000164 0.000662 0.001425 
0.001063 0.000154 0.000731 0.001365 
0.001018 0.000170 0.000605 0.001289 
0.001011 0.000167 0.000667 0.001384 
0.001056 0.000143 0.000699 0.001291 
0.001094 0.000148 0.000641 0.001391 
0.001174 0.000171 0.000664 0.001525 
0.001139 0.000166 0.000768 0.001587 
0.001104 0.000187 0.000675 0.001487 
0.001152 0.000164 0.000676 0.001518 
0.001136 0.000190 0.000634 0.001478 
0.001115 0.000165 0.000728 0.001521 
0.001143 0.000172 0.000692 0.001568 
0.001138 0.000173 0.000652 0.001460 
0.001078 0.000150 0.000712 0.001347 
0.001146 0.000156 0.000713 0.001533 
0.001098 0.000173 0.000657 0.001501 
0.001205 0.000180 0.000816 0.001730 
0.001077 0.000163 0.000652 0.001394 
0.001095 0.000205 0.000633 0.001515 
0.001112 0.000187 0.000707 0.001491 
0.001048 0.000154 0.000739 0.001339 
0.001067 0.000172 0.000674 0.001372 
0.001069 0.000159 0.000718 0.001356 
0.001036 0.000182 0.000643 0.001364 
0.001029 0.000171 0.000682 0.001406 
0.001087 0.000187 0.000650 0.001432 
0.001042 0.000188 0.000608 0.001347 
0.001085 0.000175 0.000703 0.001556 
0.001187 0.000226 0.000710 0.001619 
0.001061 0.000156 0.000767 0.001373 
0.001150 0.000193 0.000685 0.001559 
0.001045 0.000150 0.000746 0.001320 
0.001042 0.000133 0.000773 0.001397 
0.001119 0.000178 0.000698 0.001464 
0.001080 0.000202 0.000701 0.001660 
0.001106 0.000218 0.000673 0.001644 
0.001116 0.000188 0.000754 0.001534 
0.001045 0.000149 0.000764 0.001431 
0.001085 0.000187 0.000751 0.001663 
0.001133 0.000208 0.000634 0.001603 
0.001142 0.000213 0.000655 0.001650 
0.001087 0.000189 0.000642 0.001515 
0.001105 0.000191 0.000640 0.001534 
0.001161 0.000210 0.000673 0.001693 
0.001166 0.000196 0.000654 0.001655 
