0.000489 0.000162 0.000260 0.001410 
0.000512 0.000151 0.000286 0.001339 
0.000499 0.000145 0.000302 0.001397 
0.000492 0.000169 0.000238 0.001404 
0.000495 0.000154 0.000259 0.001369 
0.000484 0.000162 0.000268 0.001447 
0.000496 0.000154 0.000265 0.001423 
0.000510 0.000158 0.000292 0.001323 
0.000505 0.000150 0.000287 0.001327 
0.000503 0.000149 0.000307 0.001290 
0.000500 0.000145 0.000300 0.001323 
0.000501 0.000136 0.000308 0.001194 
0.000493 0.000164 0.000255 0.001351 
0.000444 0.000183 0.000180 0.001356 
0.000456 0.000191 0.000171 0.001720 
0.000461 0.000156 0.000215 0.001236 
0.000466 0.000191 0.000205 0.001542 
0.000449 0.000171 0.000220 0.001542 
0.000456 0.000181 0.000211 0.001456 
0.000457 0.000238 0.000125 0.001740 
0.000460 0.000203 0.000179 0.001715 
0.000459 0.000161 0.000183 0.001351 
0.000447 0.000164 0.000216 0.001609 
0.000445 0.000200 0.000195 0.001941 
0.000455 0.000161 0.000186 0.001431 
0.000470 0.000186 0.000206 0.001540 
0.000511 0.000153 0.000282 0.001184 
0.000489 0.000165 0.000187 0.001358 
0.000512 0.000188 0.000254 0.001557 
0.000483 0.000201 0.000199 0.001653 
0.000477 0.000185 0.000223 0.001543 
0.000480 0.000168 0.000227 0.001354 
0.000480 0.000179 0.000235 0.001424 
0.000502 0.000155 0.000270 0.001175 
0.000476 0.000188 0.000257 0.001429 
0.000484 0.000190 0.000246 0.001393 
0.000507 0.000159 0.000266 0.001247 
0.000478 0.000127 0.000250 0.001180 
0.000474 0.000138 0.000285 0.001470 
0.000466 0.000116 0.000263 0.001132 
0.000468 0.000119 0.000266 0.001256 
0.000473 0.000133 0.000267 0.001234 
0.000466 0.000105 0.000262 0.001098 
0.000464 0.000125 0.000266 0.001219 
0.000477 0.000118 0.000267 0.001105 
0.000472 0.000117 0.000280 0.001174 
0.000487 0.000109 0.000304 0.001092 
0.000472 0.000123 0.000276 0.001154 
0.000473 0.000112 0.000281 0.001125 
0.000577 0.000240 0.000288 0.001723 
0.000578 0.000250 0.000281 0.001768 
0.000567 0.000286 0.000276 0.002152 
0.000621 0.000241 0.000312 0.001754 
0.000594 0.000269 0.000294 0.002077 
0.000583 0.000254 0.000303 0.001869 
0.000573 0.000267 0.000273 0.002125 
0.000576 0.000267 0.000274 0.002060 
0.000592 0.000264 0.000271 0.001833 
0.000588 0.000252 0.000268 0.001869 
0.000573 0.000280 0.000243 0.001889 
0.000441 0.000134 0.000227 0.001320 
0.000419 0.000132 0.000205 0.001104 
0.000437 0.000140 0.000216 0.001243 
0.000433 0.000134 0.000240 0.001257 
0.000434 0.000148 0.000220 0.001290 
0.000437 0.000145 0.000187 0.001398 
0.000445 0.000142 0.000235 0.001259 
0.000428 0.000144 0.000199 0.001278 
0.000421 0.000134 0.000210 0.001115 
0.000426 0.000138 0.000227 0.001167 
0.000526 0.000216 0.000241 0.001686 
0.000529 0.000227 0.000207 0.001787 
0.000525 0.000236 0.000228 0.001913 
0.000502 0.000230 0.000211 0.001852 
0.000502 0.000232 0.000178 0.001899 
0.000503 0.000237 0.000208 0.001846 
0.000538 0.000238 0.000225 0.001793 
0.000527 0.000229 0.000214 0.001813 
0.000522 0.000224 0.000257 0.001998 
0.000553 0.000250 0.000217 0.001769 
0.000524 0.000221 0.000247 0.001725 
0.000547 0.000226 0.000250 0.001701 
0.000526 0.000211 0.000240 0.001675 
0.000532 0.000204 0.000251 0.001678 
0.000530 0.000215 0.000183 0.001567 
0.000523 0.000225 0.000206 0.001794 
0.000513 0.000221 0.000211 0.001734 
0.000498 0.000196 0.000245 0.001586 
0.000516 0.000248 0.000229 0.002201 
0.000513 0.000222 0.000199 0.001882 
0.000516 0.000217 0.000253 0.001759 
0.000510 0.000220 0.000236 0.001575 
0.000503 0.000199 0.000268 0.001738 
0.000498 0.000221 0.000222 0.002053 
0.000526 0.000216 0.000238 0.001730 
0.000533 0.000220 0.000231 0.001904 
0.000506 0.000219 0.000183 0.001733 
0.000500 0.000208 0.000249 0.001708 
0.000498 0.000225 0.000252 0.001954 
0.000495 0.000232 0.000208 0.002226 
0.000530 0.000218 0.000217 0.001713 
0.000531 0.000224 0.000174 0.001777 
0.000556 0.000234 0.000171 0.001662 
0.000518 0.000198 0.000255 0.001562 
0.000545 0.000183 0.000286 0.001405 
0.000541 0.000218 0.000231 0.001550 
0.000540 0.000200 0.000218 0.001528 
0.000530 0.000222 0.000214 0.001671 
0.000539 0.000220 0.000205 0.001722 
0.000526 0.000214 0.000213 0.001564 
0.000541 0.000223 0.000200 0.001677 
0.000541 0.000208 0.000228 0.001551 
0.000544 0.000214 0.000255 0.001537 
0.000534 0.000214 0.000220 0.001725 
0.000503 0.000148 0.000217 0.001314 
0.000493 0.000143 0.000263 0.001195 
0.000495 0.000157 0.000246 0.001397 
0.000513 0.000165 0.000239 0.001387 
0.000501 0.000149 0.000264 0.001360 
0.000506 0.000152 0.000206 0.001343 
0.000510 0.000160 0.000192 0.001394 
0.000503 0.000162 0.000221 0.001383 
0.000485 0.000142 0.000261 0.001229 
0.000500 0.000143 0.000285 0.001277 
0.000496 0.000148 0.000285 0.001244 
0.000509 0.000159 0.000252 0.001220 
0.000496 0.000151 0.000232 0.001418 
0.000644 0.000200 0.000401 0.001679 
0.000659 0.000250 0.000362 0.002038 
0.000658 0.000233 0.000398 0.002003 
0.000615 0.000185 0.000388 0.001556 
0.000633 0.000188 0.000400 0.001553 
0.000655 0.000247 0.000386 0.002012 
0.000641 0.000250 0.000366 0.002002 
0.000651 0.000206 0.000417 0.001764 
0.000699 0.000232 0.000402 0.001788 
0.000651 0.000233 0.000361 0.001957 
0.000643 0.000229 0.000387 0.001934 
0.000629 0.000215 0.000367 0.001884 
0.000693 0.000375 0.000308 0.002680 
0.000655 0.000323 0.000276 0.002318 
0.000690 0.000338 0.000279 0.002483 
0.000693 0.000339 0.000298 0.002518 
0.000672 0.000316 0.000299 0.002346 
0.000673 0.000350 0.000258 0.002448 
0.000692 0.000339 0.000290 0.002375 
0.000687 0.000316 0.000327 0.002210 
0.000624 0.000320 0.000270 0.002420 
0.000667 0.000326 0.000281 0.002390 
0.000680 0.000323 0.000279 0.002222 
0.000674 0.000326 0.000286 0.002380 
0.000657 0.000284 0.000297 0.002162 
0.000435 0.000131 0.000239 0.001194 
0.000444 0.000160 0.000216 0.001374 
0.000442 0.000142 0.000196 0.001310 
0.000450 0.000145 0.000243 0.001185 
0.000437 0.000156 0.000207 0.001234 
0.000457 0.000127 0.000246 0.001076 
0.000454 0.000151 0.000226 0.001325 
0.000441 0.000132 0.000201 0.001207 
0.000451 0.000150 0.000186 0.001342 
0.000445 0.000125 0.000261 0.001000 
0.000459 0.000131 0.000246 0.001090 
0.000440 0.000147 0.000228 0.001335 
0.000431 0.000146 0.000166 0.001231 
0.000497 0.000205 0.000232 0.001687 
0.000488 0.000177 0.000243 0.001369 
0.000458 0.000175 0.000221 0.001299 
0.000493 0.000210 0.000223 0.001676 
0.000466 0.000194 0.000180 0.001668 
0.000472 0.000196 0.000204 0.001686 
0.000476 0.000194 0.000235 0.001531 
0.000473 0.000208 0.000190 0.001635 
0.000496 0.000183 0.000236 0.001489 
0.000487 0.000192 0.000204 0.001534 
0.000484 0.000167 0.000257 0.001211 
0.000494 0.000215 0.000222 0.001688 
0.000471 0.000186 0.000233 0.001547 
0.000490 0.000195 0.000224 0.001617 
0.000553 0.000219 0.000262 0.001574 
0.000526 0.000203 0.000278 0.001529 
0.000550 0.000208 0.000271 0.001568 
0.000534 0.000213 0.000274 0.001809 
0.000547 0.000203 0.000281 0.001769 
0.000540 0.000235 0.000243 0.001784 
0.000566 0.000237 0.000257 0.001905 
0.000546 0.000215 0.000229 0.001577 
0.000548 0.000237 0.000237 0.001968 
0.000559 0.000223 0.000270 0.001798 
0.000558 0.000232 0.000242 0.001828 
0.000524 0.000222 0.000235 0.001851 
0.000548 0.000213 0.000253 0.001671 
