0.000390 0.000093 0.000000 0.000733 
0.000373 0.000120 0.000000 0.000886 
0.000360 0.000097 0.000000 0.000763 
0.000366 0.000115 0.000000 0.000848 
0.000374 0.000105 0.000000 0.000860 
0.000404 0.000120 0.000000 0.000851 
0.000357 0.000096 0.000000 0.000827 
0.000379 0.000100 0.000000 0.000767 
0.000369 0.000126 0.000000 0.000988 
0.000382 0.000121 0.000000 0.000806 
0.000387 0.000128 0.000000 0.000884 
0.000374 0.000112 0.000000 0.000762 
0.000366 0.000098 0.000000 0.000719 
0.000400 0.000231 0.000000 0.001196 
0.000431 0.000210 0.000000 0.001186 
0.000435 0.000241 0.000000 0.001244 
0.000342 0.000129 0.000000 0.001024 
0.000395 0.000202 0.000000 0.001288 
0.000406 0.000235 0.000000 0.001360 
0.000386 0.000200 0.000000 0.001320 
0.000357 0.000203 0.000000 0.001373 
0.000385 0.000199 0.000000 0.001229 
0.000367 0.000194 0.000000 0.001327 
0.000409 0.000225 0.000000 0.001214 
0.000424 0.000231 0.000000 0.001226 
0.000416 0.000232 0.000000 0.001470 
0.000412 0.000169 0.000000 0.001143 
0.000401 0.000189 0.000000 0.001230 
0.000373 0.000147 0.000000 0.001118 
0.000393 0.000159 0.000000 0.001049 
0.000396 0.000180 0.000000 0.001124 
0.000402 0.000177 0.000000 0.001152 
0.000367 0.000135 0.000000 0.001040 
0.000404 0.000166 0.000000 0.001018 
0.000440 0.000184 0.000000 0.001045 
0.000390 0.000146 0.000000 0.001039 
0.000410 0.000177 0.000000 0.001154 
0.000421 0.000156 0.000000 0.001168 
0.000406 0.000142 0.000000 0.001082 
0.000420 0.000167 0.000000 0.001177 
0.000460 0.000156 0.000000 0.001159 
0.000420 0.000132 0.000000 0.001039 
0.000399 0.000092 0.000000 0.000886 
0.000423 0.000153 0.000000 0.001108 
0.000422 0.000142 0.000000 0.001099 
0.000407 0.000137 0.000000 0.001080 
0.000424 0.000173 0.000000 0.001316 
0.000418 0.000158 0.000000 0.001176 
0.000416 0.000151 0.000000 0.001128 
0.000405 0.000203 0.000000 0.001167 
0.000399 0.000146 0.000000 0.000982 
0.000383 0.000133 0.000000 0.000942 
0.000359 0.000100 0.000000 0.000766 
0.000406 0.000167 0.000000 0.001194 
0.000399 0.000163 0.000000 0.001121 
0.000383 0.000142 0.000000 0.001021 
0.000410 0.000136 0.000000 0.001017 
0.000365 0.000117 0.000000 0.001005 
0.000420 0.000143 0.000000 0.001002 
0.000401 0.000145 0.000000 0.001072 
0.000373 0.000111 0.000000 0.000854 
0.000369 0.000106 0.000000 0.000725 
0.000349 0.000091 0.000000 0.000751 
0.000431 0.000149 0.000000 0.001121 
0.000342 0.000105 0.000000 0.000726 
0.000367 0.000100 0.000000 0.000801 
0.000349 0.000108 0.000000 0.000737 
0.000353 0.000116 0.000000 0.000791 
0.000356 0.000091 0.000000 0.000712 
0.000326 0.000088 0.000000 0.000701 
0.000399 0.000090 0.000000 0.000842 
0.000386 0.000099 0.000000 0.000963 
0.000411 0.000087 0.000000 0.000792 
0.000438 0.000095 0.000000 0.000913 
0.000408 0.000111 0.000000 0.000925 
0.000376 0.000073 0.000000 0.000697 
0.000451 0.000088 0.000000 0.000792 
0.000421 0.000092 0.000000 0.000883 
0.000389 0.000105 0.000000 0.000870 
0.000412 0.000117 0.000000 0.000940 
0.000396 0.000104 0.000000 0.000918 
0.000420 0.000101 0.000000 0.000898 
0.000436 0.000083 0.000000 0.000831 
0.000423 0.000071 0.000000 0.000727 
0.000429 0.000110 0.000000 0.001014 
0.000423 0.000087 0.000000 0.000885 
0.000428 0.000105 0.000000 0.000821 
0.000423 0.000079 0.000000 0.000670 
0.000444 0.000118 0.000000 0.000842 
0.000423 0.000124 0.000000 0.000825 
0.000455 0.000119 0.000000 0.000839 
0.000454 0.000114 0.000000 0.000820 
0.000454 0.000107 0.000000 0.000777 
0.000423 0.000117 0.000000 0.000787 
0.000429 0.000109 0.000000 0.000749 
0.000366 0.000097 0.000000 0.000780 
0.000437 0.000124 0.000000 0.000847 
0.000423 0.000094 0.000000 0.000735 
0.000435 0.000137 0.000000 0.000802 
0.000421 0.000087 0.000000 0.000707 
0.000422 0.000157 0.000000 0.000941 
0.000408 0.000117 0.000000 0.000841 
0.000496 0.000180 0.000000 0.001098 
0.000512 0.000136 0.000000 0.000973 
0.000448 0.000162 0.000000 0.001015 
0.000409 0.000174 0.000000 0.000997 
0.000375 0.000130 0.000000 0.000939 
0.000434 0.000121 0.000000 0.000947 
0.000444 0.000157 0.000000 0.001027 
0.000455 0.000158 0.000000 0.000982 
0.000435 0.000129 0.000000 0.001057 
0.000426 0.000127 0.000000 0.000918 
0.000435 0.000101 0.000000 0.000805 
0.000390 0.000130 0.000000 0.000994 
0.000371 0.000154 0.000000 0.001033 
0.000368 0.000142 0.000000 0.000906 
0.000381 0.000166 0.000000 0.001039 
0.000371 0.000155 0.000000 0.000911 
0.000398 0.000151 0.000000 0.000896 
0.000348 0.000158 0.000000 0.001018 
0.000393 0.000193 0.000000 0.001271 
0.000378 0.000157 0.000000 0.000856 
0.000323 0.000094 0.000000 0.000752 
0.000340 0.000113 0.000000 0.000789 
0.000365 0.000156 0.000000 0.001102 
0.000413 0.000187 0.000000 0.001045 
0.000351 0.000119 0.000000 0.000803 
0.000437 0.000193 0.000000 0.001030 
0.000429 0.000191 0.000000 0.001157 
0.000449 0.000213 0.000000 0.001080 
0.000391 0.000174 0.000000 0.001272 
0.000432 0.000182 0.000000 0.001003 
0.000434 0.000212 0.000000 0.001037 
0.000500 0.000272 0.000000 0.001168 
0.000405 0.000190 0.000000 0.001132 
0.000509 0.000285 0.000000 0.001284 
0.000460 0.000221 0.000000 0.001154 
0.000425 0.000206 0.000000 0.001164 
0.000470 0.000197 0.000000 0.001145 
0.000428 0.000171 0.000000 0.001266 
0.000426 0.000188 0.000000 0.001219 
0.000472 0.000198 0.000000 0.001221 
0.000448 0.000201 0.000000 0.001173 
0.000417 0.000168 0.000000 0.001464 
0.000413 0.000209 0.000000 0.001237 
0.000397 0.000164 0.000000 0.001081 
0.000391 0.000173 0.000000 0.001182 
0.000433 0.000204 0.000000 0.001177 
0.000422 0.000165 0.000000 0.001063 
0.000395 0.000158 0.000000 0.001079 
0.000402 0.000155 0.000000 0.000999 
0.000399 0.000157 0.000000 0.001039 
0.000344 0.000105 0.000000 0.000786 
0.000350 0.000060 0.000000 0.000713 
0.000365 0.000116 0.000000 0.000936 
0.000365 0.000094 0.000000 0.000774 
0.000352 0.000123 0.000000 0.000900 
0.000357 0.000095 0.000000 0.000810 
0.000328 0.000063 0.000000 0.000605 
0.000342 0.000079 0.000000 0.000754 
0.000322 0.000061 0.000000 0.000683 
0.000343 0.000087 0.000000 0.000808 
0.000344 0.000091 0.000000 0.000752 
0.000354 0.000122 0.000000 0.000930 
0.000327 0.000086 0.000000 0.000811 
0.000373 0.000100 0.000000 0.000763 
0.000414 0.000125 0.000000 0.000825 
0.000369 0.000071 0.000000 0.000628 
0.000376 0.000081 0.000000 0.000638 
0.000380 0.000084 0.000000 0.000608 
0.000348 0.000056 0.000000 0.000622 
0.000363 0.000071 0.000000 0.000711 
0.000355 0.000063 0.000000 0.000570 
0.000412 0.000114 0.000000 0.000730 
0.000396 0.000098 0.000000 0.000713 
0.000387 0.000126 0.000000 0.000930 
0.000376 0.000089 0.000000 0.000635 
0.000376 0.000094 0.000000 0.000688 
0.000386 0.000085 0.000000 0.000674 
0.000451 0.000144 0.000000 0.000895 
0.000446 0.000168 0.000000 0.000931 
0.000448 0.000161 0.000000 0.000918 
0.000404 0.000125 0.000000 0.000828 
0.000447 0.000174 0.000000 0.000984 
0.000490 0.000189 0.000000 0.000989 
0.000473 0.000217 0.000000 0.001167 
0.000447 0.000175 0.000000 0.000924 
0.000429 0.000172 0.000000 0.001085 
0.000455 0.000165 0.000000 0.000918 
0.000443 0.000153 0.000000 0.000905 
0.000433 0.000148 0.000000 0.000896 
0.000455 0.000161 0.000000 0.000935 
