0.001052 0.000323 0.000549 0.002203 
0.001092 0.000296 0.000522 0.001933 
0.001102 0.000342 0.000465 0.002118 
0.001097 0.000364 0.000449 0.002113 
0.001082 0.000332 0.000531 0.002082 
0.001116 0.000369 0.000491 0.002184 
0.001086 0.000362 0.000461 0.002217 
0.001086 0.000345 0.000492 0.002078 
0.001045 0.000306 0.000481 0.001883 
0.001144 0.000366 0.000443 0.002253 
0.001131 0.000333 0.000546 0.002154 
0.001131 0.000360 0.000466 0.002195 
0.001055 0.000341 0.000470 0.002108 
0.001026 0.000331 0.000401 0.001945 
0.001051 0.000303 0.000474 0.001810 
0.000953 0.000270 0.000410 0.001766 
0.001020 0.000283 0.000453 0.001701 
0.001032 0.000323 0.000402 0.001808 
0.000987 0.000292 0.000464 0.001738 
0.000977 0.000304 0.000402 0.001802 
0.000962 0.000303 0.000353 0.001741 
0.000930 0.000266 0.000412 0.001837 
0.000925 0.000255 0.000411 0.001639 
0.000959 0.000295 0.000383 0.001685 
0.000927 0.000277 0.000423 0.001738 
0.000993 0.000287 0.000422 0.001863 
0.001089 0.000340 0.000353 0.001899 
0.001115 0.000369 0.000381 0.002136 
0.001055 0.000355 0.000327 0.002042 
0.001152 0.000415 0.000359 0.002257 
0.001114 0.000407 0.000344 0.002307 
0.001174 0.000428 0.000314 0.002203 
0.001149 0.000400 0.000359 0.002168 
0.000997 0.000294 0.000379 0.001737 
0.001137 0.000401 0.000321 0.002284 
0.000999 0.000311 0.000339 0.001748 
0.001121 0.000365 0.000372 0.002057 
0.001056 0.000289 0.000510 0.001815 
0.001056 0.000299 0.000511 0.001829 
0.001073 0.000310 0.000479 0.001912 
0.001043 0.000275 0.000498 0.001793 
0.001069 0.000276 0.000485 0.001800 
0.001109 0.000367 0.000427 0.002027 
0.001030 0.000288 0.000473 0.001795 
0.001084 0.000352 0.000452 0.002030 
0.001055 0.000292 0.000508 0.001826 
0.001104 0.000358 0.000483 0.002079 
0.001067 0.000315 0.000466 0.001848 
0.001058 0.000315 0.000492 0.001888 
0.001225 0.000342 0.000495 0.002091 
0.001138 0.000314 0.000459 0.001928 
0.001229 0.000335 0.000458 0.002084 
0.001208 0.000339 0.000461 0.002030 
0.001227 0.000330 0.000498 0.002225 
0.001217 0.000354 0.000467 0.002293 
0.001246 0.000358 0.000429 0.002055 
0.001263 0.000367 0.000498 0.002163 
0.001217 0.000367 0.000483 0.002215 
0.001198 0.000307 0.000527 0.002076 
0.001220 0.000353 0.000481 0.002112 
0.001005 0.000318 0.000462 0.001885 
0.001089 0.000335 0.000442 0.002149 
0.001022 0.000275 0.000448 0.001828 
0.000997 0.000284 0.000442 0.001788 
0.001154 0.000381 0.000405 0.002457 
0.001036 0.000294 0.000458 0.001888 
0.001062 0.000308 0.000475 0.001911 
0.001035 0.000303 0.000424 0.001751 
0.001098 0.000379 0.000440 0.002268 
0.001076 0.000337 0.000453 0.002118 
0.001043 0.000231 0.000482 0.001670 
0.000944 0.000200 0.000488 0.001529 
0.001011 0.000216 0.000493 0.001512 
0.000998 0.000200 0.000460 0.001494 
0.000945 0.000193 0.000429 0.001431 
0.001083 0.000259 0.000493 0.001911 
0.001001 0.000185 0.000519 0.001455 
0.000998 0.000198 0.000481 0.001490 
0.000972 0.000203 0.000463 0.001534 
0.000975 0.000214 0.000475 0.001514 
0.000962 0.000189 0.000481 0.001411 
0.001017 0.000201 0.000522 0.001521 
0.001042 0.000210 0.000510 0.001602 
0.001010 0.000226 0.000484 0.001630 
0.000969 0.000204 0.000485 0.001480 
0.000998 0.000230 0.000471 0.001683 
0.001134 0.000366 0.000384 0.002118 
0.001149 0.000377 0.000398 0.002131 
0.001145 0.000384 0.000426 0.002225 
0.001133 0.000392 0.000405 0.002219 
0.001104 0.000356 0.000441 0.002139 
0.001081 0.000378 0.000401 0.002248 
0.001100 0.000366 0.000409 0.002177 
0.001107 0.000344 0.000414 0.002011 
0.001137 0.000391 0.000393 0.002243 
0.001181 0.000399 0.000371 0.002250 
0.001106 0.000364 0.000383 0.002010 
0.001099 0.000359 0.000391 0.002079 
0.001151 0.000397 0.000375 0.002290 
0.001181 0.000371 0.000419 0.002039 
0.001279 0.000376 0.000481 0.002413 
0.001260 0.000367 0.000527 0.002253 
0.001321 0.000429 0.000511 0.002632 
0.001335 0.000404 0.000527 0.002431 
0.001357 0.000417 0.000584 0.002526 
0.001272 0.000383 0.000497 0.002441 
0.001240 0.000401 0.000545 0.002441 
0.001330 0.000458 0.000553 0.002575 
0.001357 0.000440 0.000580 0.002608 
0.001277 0.000388 0.000566 0.002428 
0.001267 0.000379 0.000576 0.002355 
0.001202 0.000373 0.000483 0.002381 
0.001228 0.000370 0.000491 0.002384 
0.001241 0.000366 0.000527 0.002284 
0.001160 0.000278 0.000584 0.001857 
0.001120 0.000274 0.000586 0.001882 
0.001211 0.000278 0.000512 0.001982 
0.001180 0.000292 0.000556 0.001932 
0.001189 0.000303 0.000513 0.001915 
0.001155 0.000282 0.000638 0.001934 
0.001323 0.000333 0.000612 0.002165 
0.001192 0.000288 0.000586 0.001923 
0.001240 0.000290 0.000624 0.002006 
0.001237 0.000327 0.000451 0.002042 
0.001158 0.000278 0.000622 0.001864 
0.001145 0.000287 0.000598 0.001909 
0.001230 0.000303 0.000608 0.001921 
0.001115 0.000317 0.000549 0.002035 
0.001067 0.000285 0.000543 0.001768 
0.001091 0.000261 0.000591 0.001767 
0.001052 0.000252 0.000632 0.001755 
0.001122 0.000305 0.000596 0.001927 
0.001094 0.000263 0.000615 0.001733 
0.001112 0.000250 0.000661 0.001760 
0.001134 0.000395 0.000473 0.002392 
0.001114 0.000277 0.000610 0.001830 
0.001136 0.000276 0.000646 0.001906 
0.001124 0.000276 0.000556 0.001827 
0.001134 0.000264 0.000579 0.001795 
0.001186 0.000331 0.000511 0.002040 
0.001122 0.000309 0.000497 0.001792 
0.001187 0.000365 0.000485 0.002126 
0.001236 0.000400 0.000482 0.002127 
0.001161 0.000350 0.000497 0.002072 
0.001168 0.000377 0.000474 0.002071 
0.001095 0.000350 0.000453 0.001897 
0.001283 0.000428 0.000472 0.002244 
0.001164 0.000405 0.000461 0.002093 
0.001249 0.000404 0.000481 0.002198 
0.001146 0.000354 0.000489 0.002019 
0.001273 0.000414 0.000497 0.002329 
0.001078 0.000318 0.000488 0.001796 
0.000896 0.000328 0.000409 0.001673 
0.000993 0.000392 0.000383 0.002040 
0.000969 0.000405 0.000407 0.001946 
0.001012 0.000426 0.000365 0.002085 
0.000971 0.000410 0.000353 0.002097 
0.000931 0.000338 0.000411 0.001825 
0.000931 0.000338 0.000416 0.001846 
0.000940 0.000385 0.000389 0.001973 
0.000902 0.000329 0.000376 0.001670 
0.000885 0.000344 0.000360 0.001684 
0.000876 0.000309 0.000392 0.001702 
0.000990 0.000420 0.000371 0.001996 
0.000969 0.000412 0.000329 0.002084 
0.001053 0.000290 0.000522 0.002015 
0.000991 0.000269 0.000455 0.001946 
0.001056 0.000313 0.000438 0.002006 
0.001045 0.000309 0.000455 0.002096 
0.001041 0.000282 0.000494 0.001781 
0.001031 0.000267 0.000519 0.001749 
0.001018 0.000265 0.000538 0.001963 
0.001012 0.000311 0.000472 0.002053 
0.001021 0.000282 0.000431 0.001946 
0.001041 0.000292 0.000486 0.001982 
0.001009 0.000273 0.000503 0.001855 
0.001090 0.000327 0.000448 0.002220 
0.001042 0.000300 0.000414 0.002070 
0.000946 0.000224 0.000498 0.001639 
0.001171 0.000402 0.000404 0.002205 
0.001087 0.000288 0.000502 0.001825 
0.001169 0.000363 0.000501 0.002053 
0.001127 0.000343 0.000474 0.002085 
0.001164 0.000365 0.000458 0.002282 
0.001123 0.000322 0.000505 0.001901 
0.001137 0.000337 0.000488 0.002073 
0.001169 0.000405 0.000430 0.002266 
0.001111 0.000304 0.000471 0.001835 
0.001192 0.000391 0.000453 0.002175 
0.001127 0.000299 0.000493 0.001926 
0.001061 0.000290 0.000488 0.001856 
0.001112 0.000301 0.000517 0.001892 
