0.000403 0.000061 0.000288 0.001000 
0.000395 0.000064 0.000279 0.000959 
0.000408 0.000065 0.000278 0.000955 
0.000412 0.000062 0.000284 0.000933 
0.000402 0.000070 0.000275 0.001091 
0.000405 0.000062 0.000277 0.000984 
0.000412 0.000064 0.000293 0.000951 
0.000415 0.000063 0.000290 0.000932 
0.000377 0.000069 0.000260 0.000989 
0.000413 0.000072 0.000280 0.001095 
0.000411 0.000062 0.000282 0.000952 
0.000406 0.000066 0.000292 0.000996 
0.000408 0.000067 0.000282 0.001000 
0.000374 0.000070 0.000257 0.001057 
0.000388 0.000076 0.000256 0.001035 
0.000369 0.000077 0.000243 0.001086 
0.000383 0.000079 0.000239 0.001233 
0.000400 0.000078 0.000263 0.001089 
0.000373 0.000073 0.000238 0.001018 
0.000383 0.000081 0.000254 0.001183 
0.000372 0.000074 0.000243 0.001107 
0.000368 0.000068 0.000241 0.001033 
0.000374 0.000074 0.000244 0.001140 
0.000361 0.000083 0.000215 0.001157 
0.000375 0.000074 0.000241 0.001093 
0.000392 0.000078 0.000261 0.001164 
0.000390 0.000071 0.000281 0.000967 
0.000354 0.000086 0.000234 0.001229 
0.000380 0.000082 0.000256 0.000960 
0.000355 0.000071 0.000241 0.001104 
0.000377 0.000068 0.000256 0.000999 
0.000369 0.000075 0.000255 0.001066 
0.000363 0.000069 0.000259 0.001061 
0.000383 0.000067 0.000271 0.000899 
0.000386 0.000071 0.000285 0.001146 
0.000373 0.000075 0.000252 0.001066 
0.000381 0.000075 0.000269 0.001097 
0.000401 0.000066 0.000258 0.000868 
0.000387 0.000074 0.000246 0.001013 
0.000401 0.000066 0.000273 0.000871 
0.000377 0.000072 0.000245 0.000896 
0.000392 0.000073 0.000247 0.001034 
0.000372 0.000071 0.000242 0.000951 
0.000389 0.000071 0.000262 0.000993 
0.000394 0.000072 0.000266 0.000952 
0.000396 0.000081 0.000266 0.001102 
0.000417 0.000061 0.000294 0.000849 
0.000384 0.000065 0.000246 0.000904 
0.000431 0.000060 0.000296 0.000826 
0.000459 0.000183 0.000226 0.002064 
0.000454 0.000171 0.000229 0.001739 
0.000440 0.000184 0.000223 0.001996 
0.000484 0.000187 0.000262 0.001683 
0.000443 0.000166 0.000240 0.001879 
0.000430 0.000175 0.000228 0.001963 
0.000453 0.000143 0.000246 0.001605 
0.000442 0.000172 0.000234 0.001880 
0.000458 0.000198 0.000236 0.001964 
0.000460 0.000196 0.000239 0.001880 
0.000444 0.000197 0.000225 0.002107 
0.000373 0.000055 0.000255 0.000932 
0.000363 0.000064 0.000253 0.001021 
0.000378 0.000059 0.000252 0.000944 
0.000374 0.000059 0.000263 0.000968 
0.000357 0.000062 0.000257 0.000959 
0.000368 0.000058 0.000269 0.000939 
0.000376 0.000060 0.000273 0.001074 
0.000367 0.000067 0.000260 0.001077 
0.000350 0.000073 0.000233 0.001086 
0.000367 0.000062 0.000266 0.001028 
0.000420 0.000073 0.000291 0.001078 
0.000390 0.000079 0.000257 0.001252 
0.000419 0.000066 0.000301 0.001094 
0.000394 0.000077 0.000254 0.001018 
0.000418 0.000070 0.000283 0.001105 
0.000420 0.000066 0.000292 0.001023 
0.000425 0.000068 0.000305 0.001028 
0.000420 0.000070 0.000297 0.001087 
0.000412 0.000070 0.000275 0.001019 
0.000429 0.000075 0.000304 0.001130 
0.000417 0.000083 0.000278 0.001045 
0.000427 0.000072 0.000307 0.001180 
0.000412 0.000071 0.000271 0.001076 
0.000391 0.000073 0.000252 0.001009 
0.000423 0.000078 0.000275 0.001086 
0.000381 0.000074 0.000260 0.001049 
0.000397 0.000071 0.000279 0.001072 
0.000375 0.000075 0.000249 0.001097 
0.000395 0.000088 0.000263 0.001302 
0.000383 0.000075 0.000263 0.001132 
0.000381 0.000076 0.000249 0.001090 
0.000379 0.000081 0.000254 0.001291 
0.000379 0.000070 0.000267 0.001008 
0.000371 0.000079 0.000250 0.001276 
0.000389 0.000082 0.000251 0.001247 
0.000388 0.000086 0.000243 0.001262 
0.000379 0.000076 0.000254 0.001139 
0.000394 0.000073 0.000277 0.001100 
0.000383 0.000072 0.000249 0.001080 
0.000380 0.000078 0.000255 0.001185 
0.000416 0.000118 0.000244 0.002015 
0.000409 0.000141 0.000221 0.001968 
0.000468 0.000121 0.000310 0.001753 
0.000418 0.000114 0.000241 0.001685 
0.000429 0.000128 0.000247 0.001630 
0.000429 0.000129 0.000238 0.001701 
0.000436 0.000115 0.000245 0.001659 
0.000404 0.000147 0.000207 0.002039 
0.000436 0.000124 0.000265 0.001850 
0.000408 0.000135 0.000233 0.001807 
0.000433 0.000121 0.000244 0.001563 
0.000400 0.000122 0.000221 0.001570 
0.000428 0.000109 0.000245 0.001589 
0.000428 0.000135 0.000229 0.001820 
0.000392 0.000084 0.000232 0.001259 
0.000388 0.000087 0.000219 0.001314 
0.000394 0.000086 0.000229 0.001301 
0.000398 0.000082 0.000228 0.001121 
0.000400 0.000083 0.000241 0.001393 
0.000394 0.000075 0.000235 0.001112 
0.000410 0.000078 0.000246 0.001221 
0.000410 0.000084 0.000233 0.001196 
0.000400 0.000087 0.000232 0.001336 
0.000400 0.000077 0.000237 0.001204 
0.000379 0.000082 0.000210 0.001317 
0.000387 0.000087 0.000223 0.001219 
0.000384 0.000085 0.000214 0.001106 
0.000418 0.000088 0.000264 0.001326 
0.000395 0.000099 0.000218 0.001361 
0.000407 0.000087 0.000238 0.001312 
0.000411 0.000083 0.000249 0.001136 
0.000423 0.000084 0.000272 0.001253 
0.000405 0.000096 0.000247 0.001353 
0.000414 0.000088 0.000250 0.001523 
0.000432 0.000089 0.000265 0.001313 
0.000403 0.000087 0.000240 0.001358 
0.000405 0.000089 0.000250 0.001308 
0.000418 0.000086 0.000263 0.001288 
0.000396 0.000090 0.000242 0.001346 
0.000448 0.000215 0.000221 0.002287 
0.000428 0.000219 0.000204 0.002336 
0.000441 0.000232 0.000213 0.002187 
0.000451 0.000213 0.000217 0.001959 
0.000418 0.000194 0.000200 0.002258 
0.000414 0.000188 0.000182 0.001910 
0.000441 0.000209 0.000219 0.002161 
0.000440 0.000211 0.000220 0.001969 
0.000393 0.000184 0.000204 0.002254 
0.000436 0.000223 0.000214 0.002154 
0.000437 0.000198 0.000196 0.001988 
0.000444 0.000214 0.000212 0.002080 
0.000415 0.000195 0.000209 0.002088 
0.000393 0.000086 0.000229 0.001369 
0.000387 0.000079 0.000240 0.001143 
0.000396 0.000090 0.000239 0.001448 
0.000422 0.000080 0.000273 0.001224 
0.000392 0.000076 0.000240 0.001094 
0.000392 0.000083 0.000239 0.001184 
0.000392 0.000074 0.000251 0.001119 
0.000383 0.000081 0.000238 0.001335 
0.000385 0.000083 0.000239 0.001143 
0.000392 0.000085 0.000231 0.001235 
0.000393 0.000078 0.000236 0.001062 
0.000372 0.000091 0.000216 0.001360 
0.000385 0.000076 0.000243 0.001166 
0.000398 0.000096 0.000233 0.001252 
0.000388 0.000105 0.000220 0.001352 
0.000387 0.000087 0.000217 0.001089 
0.000398 0.000109 0.000244 0.001221 
0.000384 0.000086 0.000225 0.001028 
0.000388 0.000081 0.000240 0.001093 
0.000387 0.000093 0.000209 0.001193 
0.000375 0.000106 0.000216 0.001333 
0.000394 0.000086 0.000237 0.001042 
0.000401 0.000083 0.000246 0.001153 
0.000385 0.000098 0.000232 0.001402 
0.000386 0.000092 0.000226 0.001080 
0.000389 0.000091 0.000227 0.001093 
0.000390 0.000100 0.000220 0.001174 
0.000490 0.000111 0.000305 0.001523 
0.000418 0.000113 0.000232 0.001662 
0.000457 0.000124 0.000256 0.001789 
0.000460 0.000112 0.000279 0.001610 
0.000455 0.000115 0.000260 0.001643 
0.000436 0.000120 0.000243 0.001646 
0.000529 0.000146 0.000330 0.001788 
0.000451 0.000111 0.000261 0.001569 
0.000480 0.000122 0.000277 0.001686 
0.000462 0.000121 0.000274 0.001642 
0.000478 0.000126 0.000288 0.001745 
0.000429 0.000102 0.000239 0.001569 
0.000445 0.000118 0.000249 0.001729 
