0.000348 0.000068 0.000000 0.000696 
0.000360 0.000094 0.000000 0.000800 
0.000404 0.000106 0.000000 0.000849 
0.000332 0.000092 0.000000 0.000834 
0.000330 0.000081 0.000000 0.000767 
0.000330 0.000071 0.000000 0.000669 
0.000396 0.000095 0.000000 0.000924 
0.000394 0.000102 0.000000 0.000880 
0.000398 0.000108 0.000000 0.000941 
0.000324 0.000089 0.000000 0.000759 
0.000366 0.000083 0.000000 0.000756 
0.000353 0.000108 0.000000 0.000870 
0.000345 0.000083 0.000000 0.000771 
0.000322 0.000079 0.000000 0.000768 
0.000327 0.000064 0.000000 0.000622 
0.000367 0.000087 0.000000 0.000814 
0.000384 0.000102 0.000000 0.000850 
0.000353 0.000087 0.000000 0.000766 
0.000322 0.000063 0.000000 0.000657 
0.000324 0.000063 0.000000 0.000602 
0.000294 0.000057 0.000000 0.000562 
0.000326 0.000082 0.000000 0.000803 
0.000366 0.000094 0.000000 0.000852 
0.000320 0.000070 0.000000 0.000626 
0.000327 0.000091 0.000000 0.000722 
0.000327 0.000065 0.000000 0.000700 
0.000338 0.000096 0.000000 0.000799 
0.000343 0.000103 0.000000 0.000838 
0.000324 0.000093 0.000000 0.000716 
0.000341 0.000099 0.000000 0.000781 
0.000293 0.000073 0.000000 0.000609 
0.000317 0.000086 0.000000 0.000670 
0.000329 0.000090 0.000000 0.000761 
0.000335 0.000096 0.000000 0.000779 
0.000297 0.000078 0.000000 0.000585 
0.000327 0.000084 0.000000 0.000731 
0.000343 0.000100 0.000000 0.000876 
0.000364 0.000108 0.000000 0.000884 
0.000359 0.000085 0.000000 0.000748 
0.000337 0.000076 0.000000 0.000735 
0.000378 0.000085 0.000000 0.000732 
0.000355 0.000070 0.000000 0.000751 
0.000342 0.000075 0.000000 0.000756 
0.000349 0.000094 0.000000 0.000732 
0.000364 0.000078 0.000000 0.000758 
0.000364 0.000082 0.000000 0.000714 
0.000397 0.000100 0.000000 0.000900 
0.000356 0.000077 0.000000 0.000763 
0.000368 0.000088 0.000000 0.000789 
0.000371 0.000116 0.000000 0.000949 
0.000399 0.000100 0.000000 0.000919 
0.000386 0.000106 0.000000 0.000892 
0.000434 0.000126 0.000000 0.001033 
0.000445 0.000104 0.000000 0.000932 
0.000432 0.000098 0.000000 0.000915 
0.000412 0.000109 0.000000 0.000931 
0.000393 0.000082 0.000000 0.000800 
0.000397 0.000089 0.000000 0.000811 
0.000392 0.000080 0.000000 0.000823 
0.000417 0.000110 0.000000 0.000943 
0.000374 0.000098 0.000000 0.000848 
0.000361 0.000091 0.000000 0.000763 
0.000379 0.000109 0.000000 0.000885 
0.000357 0.000087 0.000000 0.000720 
0.000370 0.000098 0.000000 0.000801 
0.000375 0.000096 0.000000 0.000846 
0.000349 0.000077 0.000000 0.000690 
0.000307 0.000069 0.000000 0.000637 
0.000354 0.000090 0.000000 0.000812 
0.000356 0.000090 0.000000 0.000812 
0.000375 0.000086 0.000000 0.000863 
0.000413 0.000094 0.000000 0.000875 
0.000356 0.000069 0.000000 0.000643 
0.000379 0.000085 0.000000 0.000810 
0.000348 0.000075 0.000000 0.000710 
0.000344 0.000066 0.000000 0.000751 
0.000379 0.000084 0.000000 0.000817 
0.000364 0.000089 0.000000 0.000772 
0.000364 0.000072 0.000000 0.000690 
0.000361 0.000075 0.000000 0.000778 
0.000357 0.000077 0.000000 0.000715 
0.000381 0.000093 0.000000 0.000842 
0.000360 0.000057 0.000000 0.000647 
0.000356 0.000078 0.000000 0.000780 
0.000411 0.000094 0.000000 0.000848 
0.000378 0.000076 0.000000 0.000725 
0.000366 0.000076 0.000000 0.000654 
0.000361 0.000081 0.000000 0.000669 
0.000368 0.000078 0.000000 0.000712 
0.000374 0.000092 0.000000 0.000749 
0.000334 0.000071 0.000000 0.000603 
0.000397 0.000098 0.000000 0.000808 
0.000400 0.000106 0.000000 0.000825 
0.000371 0.000094 0.000000 0.000748 
0.000348 0.000087 0.000000 0.000679 
0.000394 0.000115 0.000000 0.000822 
0.000339 0.000076 0.000000 0.000673 
0.000363 0.000080 0.000000 0.000747 
0.000303 0.000053 0.000000 0.000518 
0.000366 0.000082 0.000000 0.000719 
0.000310 0.000079 0.000000 0.000797 
0.000341 0.000092 0.000000 0.000772 
0.000375 0.000085 0.000000 0.000766 
0.000351 0.000079 0.000000 0.000719 
0.000332 0.000061 0.000000 0.000668 
0.000354 0.000092 0.000000 0.000768 
0.000359 0.000083 0.000000 0.000770 
0.000352 0.000083 0.000000 0.000734 
0.000320 0.000083 0.000000 0.000711 
0.000324 0.000059 0.000000 0.000604 
0.000353 0.000070 0.000000 0.000632 
0.000337 0.000081 0.000000 0.000728 
0.000378 0.000088 0.000000 0.000724 
0.000372 0.000088 0.000000 0.000722 
0.000361 0.000092 0.000000 0.000746 
0.000472 0.000177 0.000000 0.001233 
0.000327 0.000095 0.000000 0.000810 
0.000329 0.000097 0.000000 0.000696 
0.000332 0.000077 0.000000 0.000631 
0.000346 0.000096 0.000000 0.000784 
0.000331 0.000112 0.000000 0.001006 
0.000339 0.000093 0.000000 0.000803 
0.000405 0.000116 0.000000 0.000847 
0.000404 0.000125 0.000000 0.001038 
0.000357 0.000100 0.000000 0.000842 
0.000371 0.000156 0.000000 0.001062 
0.000323 0.000082 0.000000 0.000647 
0.000372 0.000107 0.000000 0.000894 
0.000439 0.000128 0.000000 0.000963 
0.000334 0.000086 0.000000 0.000700 
0.000399 0.000112 0.000000 0.000870 
0.000383 0.000115 0.000000 0.000840 
0.000347 0.000110 0.000000 0.000869 
0.000329 0.000087 0.000000 0.000714 
0.000369 0.000122 0.000000 0.000877 
0.000312 0.000092 0.000000 0.000783 
0.000365 0.000086 0.000000 0.000718 
0.000349 0.000085 0.000000 0.000734 
0.000384 0.000104 0.000000 0.000787 
0.000341 0.000077 0.000000 0.000739 
0.000357 0.000092 0.000000 0.000837 
0.000343 0.000086 0.000000 0.000718 
0.000345 0.000095 0.000000 0.000814 
0.000325 0.000104 0.000000 0.000841 
0.000320 0.000080 0.000000 0.000674 
0.000319 0.000088 0.000000 0.000715 
0.000335 0.000073 0.000000 0.000729 
0.000312 0.000083 0.000000 0.000683 
0.000350 0.000089 0.000000 0.000721 
0.000351 0.000083 0.000000 0.000774 
0.000353 0.000079 0.000000 0.000777 
0.000332 0.000085 0.000000 0.000696 
0.000341 0.000083 0.000000 0.000826 
0.000348 0.000085 0.000000 0.000786 
0.000370 0.000097 0.000000 0.000876 
0.000402 0.000114 0.000000 0.000897 
0.000367 0.000105 0.000000 0.000863 
0.000339 0.000086 0.000000 0.000809 
0.000396 0.000110 0.000000 0.000902 
0.000365 0.000107 0.000000 0.000913 
0.000346 0.000100 0.000000 0.000803 
0.000418 0.000095 0.000000 0.000872 
0.000366 0.000092 0.000000 0.000827 
0.000406 0.000114 0.000000 0.000921 
0.000334 0.000095 0.000000 0.000810 
0.000361 0.000084 0.000000 0.000763 
0.000348 0.000071 0.000000 0.000745 
0.000338 0.000098 0.000000 0.000878 
0.000364 0.000092 0.000000 0.000818 
0.000343 0.000092 0.000000 0.000866 
0.000327 0.000078 0.000000 0.000715 
0.000328 0.000086 0.000000 0.000783 
0.000327 0.000088 0.000000 0.000805 
0.000303 0.000060 0.000000 0.000630 
0.000337 0.000081 0.000000 0.000796 
0.000417 0.000121 0.000000 0.001053 
0.000320 0.000059 0.000000 0.000709 
0.000354 0.000101 0.000000 0.000880 
0.000323 0.000081 0.000000 0.000799 
0.000386 0.000114 0.000000 0.000946 
0.000409 0.000125 0.000000 0.000929 
0.000382 0.000121 0.000000 0.000958 
0.000409 0.000124 0.000000 0.000955 
0.000427 0.000119 0.000000 0.000939 
0.000369 0.000131 0.000000 0.000897 
0.000374 0.000118 0.000000 0.000871 
0.000444 0.000138 0.000000 0.001056 
0.000461 0.000148 0.000000 0.001048 
0.000342 0.000092 0.000000 0.000792 
0.000400 0.000139 0.000000 0.000982 
0.000457 0.000131 0.000000 0.001005 
0.000420 0.000148 0.000000 0.001066 
