0.000405 0.000081 0.000244 0.000622 
0.000413 0.000076 0.000261 0.000612 
0.000396 0.000077 0.000231 0.000576 
0.000401 0.000086 0.000201 0.000643 
0.000406 0.000073 0.000246 0.000642 
0.000396 0.000082 0.000237 0.000651 
0.000422 0.000075 0.000254 0.000670 
0.000420 0.000075 0.000258 0.000621 
0.000388 0.000075 0.000222 0.000598 
0.000412 0.000083 0.000214 0.000635 
0.000408 0.000088 0.000187 0.000629 
0.000417 0.000089 0.000173 0.000717 
0.000406 0.000076 0.000239 0.000620 
0.000375 0.000076 0.000225 0.000609 
0.000381 0.000082 0.000222 0.000638 
0.000376 0.000079 0.000197 0.000603 
0.000386 0.000074 0.000226 0.000599 
0.000395 0.000071 0.000239 0.000599 
0.000375 0.000082 0.000210 0.000630 
0.000380 0.000082 0.000199 0.000678 
0.000381 0.000078 0.000228 0.000627 
0.000372 0.000076 0.000215 0.000599 
0.000378 0.000076 0.000224 0.000611 
0.000376 0.000074 0.000218 0.000576 
0.000391 0.000074 0.000239 0.000592 
0.000382 0.000074 0.000229 0.000612 
0.000421 0.000092 0.000242 0.000894 
0.000382 0.000095 0.000199 0.000819 
0.000405 0.000089 0.000225 0.000893 
0.000368 0.000091 0.000197 0.000725 
0.000386 0.000086 0.000227 0.000767 
0.000377 0.000079 0.000231 0.000732 
0.000386 0.000089 0.000202 0.000655 
0.000395 0.000090 0.000215 0.000765 
0.000377 0.000110 0.000153 0.000751 
0.000397 0.000085 0.000217 0.000790 
0.000403 0.000089 0.000227 0.000925 
0.000427 0.000098 0.000203 0.000768 
0.000431 0.000091 0.000209 0.000811 
0.000423 0.000090 0.000214 0.000739 
0.000426 0.000088 0.000219 0.000685 
0.000431 0.000089 0.000215 0.000785 
0.000420 0.000088 0.000199 0.000800 
0.000428 0.000098 0.000186 0.000845 
0.000428 0.000084 0.000230 0.000760 
0.000428 0.000095 0.000211 0.000772 
0.000421 0.000075 0.000249 0.000670 
0.000416 0.000095 0.000186 0.000755 
0.000427 0.000082 0.000232 0.000683 
0.000426 0.000091 0.000237 0.000850 
0.000430 0.000083 0.000254 0.000953 
0.000428 0.000094 0.000225 0.001062 
0.000440 0.000086 0.000244 0.001046 
0.000436 0.000082 0.000253 0.000974 
0.000445 0.000088 0.000251 0.000936 
0.000448 0.000075 0.000276 0.000879 
0.000437 0.000077 0.000262 0.000915 
0.000430 0.000086 0.000227 0.000827 
0.000438 0.000095 0.000238 0.001041 
0.000443 0.000101 0.000236 0.001152 
0.000397 0.000084 0.000249 0.000748 
0.000371 0.000078 0.000206 0.000605 
0.000390 0.000075 0.000236 0.000676 
0.000397 0.000095 0.000203 0.000830 
0.000372 0.000086 0.000190 0.000610 
0.000388 0.000081 0.000226 0.000694 
0.000392 0.000075 0.000227 0.000729 
0.000384 0.000085 0.000197 0.000720 
0.000367 0.000076 0.000217 0.000664 
0.000373 0.000087 0.000179 0.000641 
0.000401 0.000085 0.000195 0.000717 
0.000403 0.000087 0.000223 0.000844 
0.000412 0.000078 0.000239 0.000755 
0.000393 0.000085 0.000187 0.000770 
0.000400 0.000075 0.000182 0.000631 
0.000400 0.000085 0.000230 0.000819 
0.000425 0.000084 0.000231 0.000829 
0.000407 0.000084 0.000208 0.000724 
0.000405 0.000090 0.000206 0.000770 
0.000430 0.000076 0.000245 0.000715 
0.000406 0.000090 0.000189 0.000831 
0.000414 0.000089 0.000234 0.000841 
0.000409 0.000091 0.000212 0.000790 
0.000405 0.000075 0.000219 0.000780 
0.000423 0.000075 0.000239 0.000776 
0.000406 0.000087 0.000224 0.000824 
0.000417 0.000072 0.000242 0.000622 
0.000412 0.000077 0.000220 0.000605 
0.000411 0.000076 0.000245 0.000623 
0.000410 0.000077 0.000231 0.000616 
0.000397 0.000087 0.000202 0.000600 
0.000401 0.000084 0.000193 0.000612 
0.000401 0.000086 0.000214 0.000649 
0.000388 0.000088 0.000181 0.000605 
0.000412 0.000076 0.000238 0.000586 
0.000402 0.000071 0.000239 0.000623 
0.000399 0.000081 0.000213 0.000672 
0.000408 0.000076 0.000231 0.000581 
0.000392 0.000080 0.000208 0.000576 
0.000410 0.000075 0.000242 0.000627 
0.000421 0.000087 0.000250 0.000829 
0.000419 0.000084 0.000247 0.000769 
0.000445 0.000070 0.000292 0.000768 
0.000432 0.000098 0.000203 0.000739 
0.000428 0.000084 0.000267 0.000779 
0.000406 0.000087 0.000231 0.000751 
0.000436 0.000080 0.000282 0.000849 
0.000410 0.000090 0.000176 0.000820 
0.000417 0.000088 0.000230 0.000723 
0.000416 0.000081 0.000252 0.000757 
0.000438 0.000081 0.000241 0.000714 
0.000412 0.000076 0.000235 0.000696 
0.000433 0.000080 0.000256 0.000851 
0.000414 0.000086 0.000225 0.000703 
0.000412 0.000075 0.000234 0.000678 
0.000402 0.000077 0.000212 0.000748 
0.000377 0.000080 0.000213 0.000655 
0.000385 0.000078 0.000225 0.000716 
0.000394 0.000080 0.000234 0.000736 
0.000366 0.000077 0.000169 0.000625 
0.000390 0.000084 0.000200 0.000718 
0.000388 0.000082 0.000209 0.000673 
0.000423 0.000077 0.000244 0.000743 
0.000365 0.000089 0.000144 0.000638 
0.000378 0.000077 0.000214 0.000649 
0.000368 0.000090 0.000157 0.000695 
0.000378 0.000084 0.000178 0.000773 
0.000420 0.000090 0.000221 0.000803 
0.000403 0.000089 0.000220 0.000874 
0.000412 0.000088 0.000213 0.000809 
0.000412 0.000091 0.000200 0.000924 
0.000424 0.000081 0.000223 0.000752 
0.000404 0.000086 0.000216 0.000757 
0.000414 0.000097 0.000214 0.000933 
0.000426 0.000081 0.000238 0.000789 
0.000410 0.000097 0.000176 0.000894 
0.000426 0.000101 0.000199 0.000865 
0.000421 0.000086 0.000221 0.000798 
0.000423 0.000083 0.000234 0.000823 
0.000430 0.000106 0.000209 0.001170 
0.000425 0.000114 0.000217 0.001418 
0.000428 0.000111 0.000222 0.001327 
0.000433 0.000125 0.000222 0.001434 
0.000428 0.000116 0.000192 0.001289 
0.000419 0.000120 0.000188 0.001314 
0.000435 0.000119 0.000185 0.001351 
0.000425 0.000121 0.000209 0.001417 
0.000409 0.000123 0.000178 0.001310 
0.000409 0.000103 0.000211 0.001377 
0.000427 0.000102 0.000184 0.001278 
0.000432 0.000112 0.000209 0.001299 
0.000450 0.000121 0.000206 0.001345 
0.000414 0.000082 0.000244 0.000660 
0.000422 0.000082 0.000234 0.000666 
0.000418 0.000077 0.000251 0.000606 
0.000447 0.000077 0.000271 0.000642 
0.000415 0.000075 0.000247 0.000611 
0.000425 0.000075 0.000256 0.000618 
0.000417 0.000083 0.000230 0.000646 
0.000412 0.000078 0.000257 0.000642 
0.000411 0.000082 0.000240 0.000640 
0.000416 0.000071 0.000248 0.000608 
0.000405 0.000082 0.000224 0.000649 
0.000406 0.000078 0.000235 0.000612 
0.000404 0.000079 0.000237 0.000628 
0.000425 0.000094 0.000192 0.000724 
0.000429 0.000082 0.000229 0.000832 
0.000413 0.000103 0.000169 0.000854 
0.000424 0.000094 0.000199 0.000884 
0.000402 0.000096 0.000171 0.000721 
0.000409 0.000101 0.000204 0.000743 
0.000410 0.000096 0.000166 0.000711 
0.000401 0.000093 0.000183 0.000706 
0.000420 0.000083 0.000223 0.000717 
0.000421 0.000091 0.000203 0.000762 
0.000412 0.000085 0.000207 0.000731 
0.000421 0.000098 0.000211 0.000842 
0.000405 0.000094 0.000173 0.000709 
0.000421 0.000097 0.000169 0.000736 
0.000448 0.000079 0.000269 0.000824 
0.000428 0.000077 0.000232 0.000820 
0.000433 0.000083 0.000243 0.000836 
0.000442 0.000084 0.000250 0.000784 
0.000439 0.000084 0.000241 0.000713 
0.000429 0.000087 0.000208 0.000743 
0.000464 0.000081 0.000285 0.000819 
0.000439 0.000082 0.000247 0.000821 
0.000438 0.000082 0.000229 0.000742 
0.000432 0.000082 0.000241 0.000765 
0.000440 0.000077 0.000256 0.000801 
0.000440 0.000077 0.000252 0.000761 
0.000440 0.000076 0.000247 0.000787 
