0.000481 0.000079 0.000320 0.001103 
0.000484 0.000083 0.000361 0.001018 
0.000486 0.000086 0.000356 0.001007 
0.000480 0.000081 0.000337 0.001091 
0.000475 0.000089 0.000328 0.001105 
0.000478 0.000084 0.000353 0.001142 
0.000492 0.000093 0.000360 0.001086 
0.000490 0.000086 0.000352 0.001221 
0.000448 0.000084 0.000302 0.001013 
0.000477 0.000082 0.000349 0.001112 
0.000490 0.000081 0.000342 0.001124 
0.000481 0.000082 0.000350 0.001096 
0.000480 0.000094 0.000327 0.001093 
0.000458 0.000102 0.000295 0.001325 
0.000478 0.000093 0.000347 0.001089 
0.000465 0.000096 0.000322 0.001116 
0.000475 0.000098 0.000356 0.001208 
0.000465 0.000096 0.000335 0.001298 
0.000459 0.000097 0.000305 0.001131 
0.000456 0.000084 0.000323 0.001107 
0.000471 0.000100 0.000337 0.001233 
0.000461 0.000099 0.000339 0.001211 
0.000462 0.000098 0.000339 0.001135 
0.000453 0.000094 0.000320 0.001060 
0.000483 0.000099 0.000351 0.001061 
0.000475 0.000091 0.000344 0.001134 
0.000530 0.000150 0.000354 0.001541 
0.000490 0.000142 0.000293 0.001431 
0.000532 0.000160 0.000339 0.001555 
0.000480 0.000142 0.000320 0.001604 
0.000482 0.000130 0.000324 0.001494 
0.000489 0.000154 0.000305 0.001575 
0.000499 0.000156 0.000313 0.001746 
0.000518 0.000149 0.000342 0.001597 
0.000488 0.000150 0.000290 0.001618 
0.000511 0.000147 0.000330 0.001381 
0.000513 0.000153 0.000316 0.001495 
0.000458 0.000056 0.000332 0.000724 
0.000458 0.000054 0.000330 0.000768 
0.000463 0.000057 0.000350 0.000746 
0.000443 0.000053 0.000315 0.000740 
0.000454 0.000054 0.000328 0.000752 
0.000444 0.000056 0.000324 0.000768 
0.000439 0.000055 0.000318 0.000763 
0.000457 0.000052 0.000342 0.000744 
0.000450 0.000055 0.000331 0.000742 
0.000469 0.000053 0.000354 0.000844 
0.000441 0.000052 0.000314 0.000701 
0.000470 0.000054 0.000353 0.000751 
0.000581 0.000162 0.000366 0.001599 
0.000600 0.000203 0.000345 0.001815 
0.000576 0.000195 0.000279 0.001752 
0.000615 0.000201 0.000379 0.001684 
0.000608 0.000217 0.000322 0.001874 
0.000559 0.000163 0.000342 0.001561 
0.000639 0.000227 0.000368 0.001969 
0.000610 0.000208 0.000369 0.001777 
0.000577 0.000177 0.000349 0.001711 
0.000581 0.000194 0.000385 0.001771 
0.000575 0.000178 0.000342 0.001620 
0.000436 0.000077 0.000299 0.001074 
0.000423 0.000073 0.000286 0.000940 
0.000436 0.000072 0.000297 0.000951 
0.000431 0.000067 0.000323 0.000976 
0.000428 0.000070 0.000306 0.000956 
0.000424 0.000062 0.000318 0.000876 
0.000427 0.000066 0.000289 0.000928 
0.000422 0.000067 0.000307 0.000914 
0.000409 0.000076 0.000245 0.000916 
0.000434 0.000071 0.000304 0.000919 
0.000513 0.000121 0.000368 0.001278 
0.000478 0.000138 0.000299 0.001550 
0.000493 0.000113 0.000340 0.001299 
0.000487 0.000117 0.000323 0.001264 
0.000513 0.000112 0.000334 0.001259 
0.000491 0.000111 0.000326 0.001481 
0.000510 0.000135 0.000337 0.001362 
0.000517 0.000116 0.000366 0.001375 
0.000517 0.000135 0.000353 0.001333 
0.000515 0.000115 0.000368 0.001220 
0.000515 0.000129 0.000360 0.001498 
0.000503 0.000126 0.000340 0.001414 
0.000497 0.000147 0.000332 0.001606 
0.000526 0.000128 0.000354 0.001472 
0.000521 0.000143 0.000348 0.001477 
0.000479 0.000140 0.000301 0.001330 
0.000469 0.000069 0.000336 0.001010 
0.000455 0.000074 0.000342 0.001144 
0.000456 0.000068 0.000324 0.000958 
0.000472 0.000076 0.000345 0.001053 
0.000454 0.000063 0.000326 0.000876 
0.000451 0.000068 0.000309 0.001004 
0.000455 0.000071 0.000323 0.000923 
0.000458 0.000073 0.000317 0.001079 
0.000460 0.000063 0.000328 0.000927 
0.000463 0.000079 0.000339 0.001007 
0.000455 0.000068 0.000342 0.000952 
0.000463 0.000067 0.000316 0.000914 
0.000456 0.000071 0.000311 0.001077 
0.000470 0.000076 0.000336 0.001216 
0.000533 0.000120 0.000372 0.001315 
0.000520 0.000134 0.000355 0.001318 
0.000549 0.000126 0.000386 0.001256 
0.000549 0.000127 0.000372 0.001340 
0.000537 0.000119 0.000372 0.001244 
0.000535 0.000130 0.000369 0.001317 
0.000549 0.000133 0.000360 0.001305 
0.000516 0.000125 0.000353 0.001291 
0.000536 0.000116 0.000370 0.001147 
0.000508 0.000115 0.000354 0.001249 
0.000533 0.000119 0.000370 0.001294 
0.000521 0.000130 0.000374 0.001488 
0.000553 0.000150 0.000377 0.001425 
0.000547 0.000139 0.000369 0.001347 
0.000475 0.000084 0.000320 0.001009 
0.000485 0.000104 0.000338 0.001183 
0.000518 0.000105 0.000368 0.001220 
0.000508 0.000106 0.000363 0.001232 
0.000508 0.000100 0.000368 0.001180 
0.000506 0.000114 0.000340 0.001296 
0.000538 0.000108 0.000389 0.001294 
0.000506 0.000098 0.000371 0.001284 
0.000503 0.000104 0.000376 0.001279 
0.000498 0.000094 0.000370 0.001140 
0.000492 0.000103 0.000327 0.001304 
0.000499 0.000110 0.000327 0.001274 
0.000492 0.000107 0.000318 0.001209 
0.000575 0.000153 0.000369 0.001622 
0.000573 0.000171 0.000339 0.001778 
0.000580 0.000178 0.000387 0.001832 
0.000580 0.000173 0.000352 0.001796 
0.000598 0.000157 0.000421 0.001727 
0.000576 0.000162 0.000362 0.001575 
0.000574 0.000144 0.000369 0.001719 
0.000596 0.000165 0.000376 0.001701 
0.000570 0.000157 0.000361 0.001927 
0.000571 0.000152 0.000366 0.001654 
0.000559 0.000153 0.000382 0.001634 
0.000546 0.000144 0.000351 0.001576 
0.000580 0.000193 0.000316 0.001686 
0.000576 0.000199 0.000329 0.001709 
0.000592 0.000214 0.000331 0.001797 
0.000598 0.000211 0.000311 0.001779 
0.000570 0.000186 0.000365 0.001697 
0.000559 0.000188 0.000290 0.001705 
0.000598 0.000214 0.000325 0.001824 
0.000577 0.000192 0.000310 0.001783 
0.000556 0.000192 0.000301 0.001876 
0.000581 0.000229 0.000328 0.001880 
0.000570 0.000191 0.000314 0.001697 
0.000601 0.000219 0.000354 0.001868 
0.000595 0.000220 0.000311 0.001757 
0.000495 0.000111 0.000344 0.001260 
0.000505 0.000104 0.000324 0.001151 
0.000491 0.000096 0.000337 0.001240 
0.000513 0.000101 0.000332 0.001209 
0.000490 0.000120 0.000335 0.001336 
0.000505 0.000099 0.000356 0.001271 
0.000497 0.000105 0.000343 0.001349 
0.000499 0.000111 0.000314 0.001218 
0.000486 0.000102 0.000330 0.001210 
0.000505 0.000116 0.000333 0.001365 
0.000510 0.000115 0.000347 0.001277 
0.000498 0.000123 0.000337 0.001445 
0.000486 0.000097 0.000332 0.001183 
0.000482 0.000126 0.000310 0.001423 
0.000477 0.000138 0.000299 0.001296 
0.000459 0.000136 0.000260 0.001410 
0.000470 0.000128 0.000314 0.001392 
0.000470 0.000133 0.000296 0.001365 
0.000470 0.000117 0.000264 0.001364 
0.000480 0.000133 0.000339 0.001392 
0.000454 0.000129 0.000221 0.001375 
0.000475 0.000113 0.000297 0.001276 
0.000479 0.000129 0.000279 0.001516 
0.000487 0.000144 0.000295 0.001358 
0.000460 0.000122 0.000311 0.001461 
0.000480 0.000155 0.000287 0.001637 
0.000475 0.000143 0.000328 0.001452 
0.000626 0.000173 0.000408 0.001640 
0.000615 0.000197 0.000376 0.001733 
0.000617 0.000163 0.000409 0.001547 
0.000612 0.000176 0.000392 0.001699 
0.000603 0.000167 0.000372 0.001552 
0.000650 0.000215 0.000371 0.001855 
0.000666 0.000164 0.000438 0.001459 
0.000604 0.000171 0.000385 0.001688 
0.000622 0.000174 0.000413 0.001634 
0.000594 0.000163 0.000393 0.001650 
0.000607 0.000167 0.000379 0.001472 
0.000608 0.000187 0.000365 0.001642 
0.000606 0.000171 0.000381 0.001507 
