0.000356 0.000111 0.000158 0.000876 
0.000381 0.000119 0.000172 0.000936 
0.000341 0.000126 0.000107 0.000886 
0.000349 0.000129 0.000130 0.000830 
0.000368 0.000109 0.000106 0.000881 
0.000366 0.000117 0.000152 0.000836 
0.000365 0.000122 0.000158 0.000887 
0.000355 0.000123 0.000118 0.000883 
0.000352 0.000112 0.000165 0.000780 
0.000350 0.000122 0.000141 0.000898 
0.000359 0.000132 0.000125 0.000929 
0.000374 0.000113 0.000137 0.000898 
0.000340 0.000119 0.000110 0.000807 
0.000307 0.000102 0.000137 0.000782 
0.000311 0.000104 0.000142 0.000739 
0.000324 0.000105 0.000150 0.000832 
0.000333 0.000102 0.000157 0.000803 
0.000304 0.000107 0.000086 0.000756 
0.000310 0.000102 0.000137 0.000741 
0.000324 0.000093 0.000146 0.000681 
0.000307 0.000110 0.000115 0.000764 
0.000305 0.000105 0.000131 0.000825 
0.000316 0.000105 0.000136 0.000818 
0.000310 0.000114 0.000117 0.000839 
0.000304 0.000117 0.000063 0.000775 
0.000310 0.000111 0.000122 0.000786 
0.000337 0.000123 0.000066 0.000864 
0.000331 0.000123 0.000076 0.000865 
0.000324 0.000118 0.000020 0.000849 
0.000297 0.000129 0.000025 0.000823 
0.000305 0.000128 0.000013 0.000818 
0.000300 0.000134 0.000014 0.000818 
0.000329 0.000115 0.000124 0.000795 
0.000332 0.000128 0.000052 0.000914 
0.000339 0.000121 0.000140 0.000893 
0.000314 0.000131 -0.000004 0.000860 
0.000331 0.000117 0.000130 0.000863 
0.000358 0.000128 0.000147 0.000883 
0.000369 0.000120 0.000143 0.000871 
0.000359 0.000140 0.000132 0.001054 
0.000360 0.000130 0.000144 0.000898 
0.000372 0.000119 0.000167 0.000840 
0.000349 0.000136 0.000135 0.000933 
0.000369 0.000125 0.000136 0.000915 
0.000368 0.000140 0.000139 0.001045 
0.000364 0.000125 0.000166 0.000928 
0.000358 0.000148 0.000113 0.001047 
0.000367 0.000132 0.000155 0.000913 
0.000367 0.000147 0.000113 0.001102 
0.000369 0.000126 0.000152 0.000946 
0.000410 0.000126 0.000205 0.000953 
0.000380 0.000125 0.000168 0.000951 
0.000402 0.000129 0.000181 0.000913 
0.000410 0.000130 0.000200 0.000989 
0.000387 0.000120 0.000174 0.000857 
0.000384 0.000134 0.000121 0.000954 
0.000395 0.000117 0.000177 0.000845 
0.000390 0.000122 0.000184 0.000896 
0.000409 0.000114 0.000214 0.000864 
0.000400 0.000120 0.000186 0.000893 
0.000332 0.000119 0.000132 0.000955 
0.000334 0.000104 0.000153 0.000875 
0.000343 0.000115 0.000105 0.000948 
0.000337 0.000102 0.000156 0.000880 
0.000335 0.000106 0.000150 0.000818 
0.000331 0.000112 0.000142 0.000892 
0.000335 0.000106 0.000151 0.000886 
0.000331 0.000102 0.000166 0.000850 
0.000328 0.000107 0.000147 0.000907 
0.000336 0.000110 0.000166 0.000923 
0.000375 0.000128 0.000133 0.000855 
0.000380 0.000121 0.000164 0.000835 
0.000385 0.000120 0.000179 0.000828 
0.000380 0.000132 0.000135 0.000941 
0.000354 0.000135 0.000065 0.000939 
0.000369 0.000126 0.000120 0.000849 
0.000395 0.000127 0.000172 0.000926 
0.000397 0.000131 0.000164 0.000901 
0.000363 0.000128 0.000128 0.000892 
0.000396 0.000138 0.000139 0.000960 
0.000381 0.000118 0.000149 0.000811 
0.000394 0.000125 0.000183 0.000868 
0.000376 0.000120 0.000154 0.000805 
0.000386 0.000131 0.000145 0.000867 
0.000369 0.000135 0.000122 0.000874 
0.000374 0.000123 0.000145 0.000786 
0.000368 0.000145 0.000111 0.000900 
0.000366 0.000135 0.000108 0.000882 
0.000396 0.000131 0.000164 0.000880 
0.000374 0.000126 0.000175 0.000871 
0.000368 0.000142 0.000099 0.000905 
0.000354 0.000142 0.000097 0.000910 
0.000383 0.000132 0.000173 0.000874 
0.000384 0.000135 0.000179 0.000894 
0.000366 0.000134 0.000147 0.000918 
0.000387 0.000139 0.000152 0.000944 
0.000380 0.000121 0.000185 0.000835 
0.000359 0.000149 0.000101 0.000950 
0.000358 0.000129 0.000126 0.000801 
0.000369 0.000133 0.000130 0.000845 
0.000368 0.000130 0.000133 0.000886 
0.000378 0.000121 0.000172 0.000939 
0.000370 0.000118 0.000166 0.000911 
0.000371 0.000137 0.000107 0.000886 
0.000366 0.000145 0.000115 0.000944 
0.000367 0.000145 0.000120 0.000985 
0.000351 0.000151 0.000054 0.001049 
0.000360 0.000122 0.000157 0.000985 
0.000358 0.000126 0.000155 0.000987 
0.000373 0.000125 0.000147 0.000959 
0.000372 0.000115 0.000175 0.000832 
0.000365 0.000111 0.000153 0.000860 
0.000367 0.000137 0.000142 0.001052 
0.000385 0.000128 0.000179 0.001010 
0.000381 0.000120 0.000188 0.000917 
0.000335 0.000123 0.000133 0.000825 
0.000341 0.000138 0.000088 0.000897 
0.000352 0.000139 0.000104 0.000863 
0.000364 0.000123 0.000170 0.000845 
0.000341 0.000130 0.000109 0.000927 
0.000360 0.000117 0.000157 0.000883 
0.000362 0.000118 0.000169 0.000905 
0.000348 0.000129 0.000128 0.000896 
0.000354 0.000133 0.000078 0.000886 
0.000337 0.000127 0.000135 0.000867 
0.000347 0.000116 0.000126 0.000836 
0.000354 0.000116 0.000168 0.000919 
0.000361 0.000140 0.000158 0.001223 
0.000369 0.000126 0.000162 0.001149 
0.000338 0.000153 0.000121 0.001169 
0.000342 0.000143 0.000059 0.001113 
0.000346 0.000153 0.000121 0.001131 
0.000328 0.000152 0.000099 0.001108 
0.000335 0.000133 0.000117 0.001036 
0.000364 0.000169 0.000044 0.001372 
0.000337 0.000145 0.000095 0.001131 
0.000359 0.000153 0.000139 0.001247 
0.000339 0.000149 0.000103 0.001113 
0.000378 0.000136 0.000162 0.001054 
0.000387 0.000111 0.000215 0.000844 
0.000354 0.000123 0.000154 0.000869 
0.000359 0.000121 0.000151 0.000844 
0.000372 0.000120 0.000178 0.000907 
0.000367 0.000135 0.000140 0.000939 
0.000340 0.000121 0.000147 0.000966 
0.000359 0.000120 0.000185 0.000903 
0.000363 0.000133 0.000157 0.000982 
0.000328 0.000129 0.000137 0.000995 
0.000361 0.000135 0.000153 0.000956 
0.000367 0.000124 0.000171 0.000938 
0.000378 0.000121 0.000191 0.000936 
0.000361 0.000124 0.000155 0.000925 
0.000349 0.000122 0.000143 0.000839 
0.000378 0.000125 0.000166 0.000909 
0.000360 0.000121 0.000159 0.000836 
0.000374 0.000131 0.000142 0.000900 
0.000336 0.000128 0.000117 0.000879 
0.000365 0.000135 0.000153 0.000973 
0.000361 0.000122 0.000133 0.000869 
0.000364 0.000127 0.000143 0.000901 
0.000346 0.000121 0.000134 0.000846 
0.000359 0.000124 0.000135 0.000834 
0.000344 0.000113 0.000159 0.000768 
0.000354 0.000125 0.000144 0.000908 
0.000337 0.000121 0.000112 0.000826 
0.000339 0.000112 0.000160 0.000895 
0.000345 0.000104 0.000162 0.000810 
0.000339 0.000091 0.000169 0.000743 
0.000344 0.000103 0.000161 0.000794 
0.000339 0.000097 0.000157 0.000798 
0.000343 0.000101 0.000135 0.000758 
0.000343 0.000101 0.000153 0.000737 
0.000343 0.000101 0.000171 0.000795 
0.000325 0.000106 0.000122 0.000760 
0.000330 0.000106 0.000144 0.000866 
0.000341 0.000117 0.000124 0.000809 
0.000353 0.000091 0.000169 0.000731 
0.000330 0.000112 0.000135 0.000826 
0.000364 0.000098 0.000193 0.000825 
0.000431 0.000137 0.000193 0.001053 
0.000386 0.000141 0.000142 0.000970 
0.000401 0.000144 0.000152 0.001037 
0.000413 0.000143 0.000148 0.001019 
0.000432 0.000160 0.000165 0.001039 
0.000416 0.000150 0.000128 0.000959 
0.000421 0.000156 0.000147 0.001037 
0.000408 0.000160 0.000151 0.001112 
0.000406 0.000134 0.000172 0.001011 
0.000402 0.000150 0.000105 0.001028 
0.000417 0.000143 0.000171 0.001056 
0.000397 0.000158 0.000129 0.001064 
0.000396 0.000149 0.000121 0.001024 
