0.000450 0.000068 0.000312 0.001050 
0.000457 0.000079 0.000317 0.001264 
0.000457 0.000071 0.000310 0.001106 
0.000454 0.000073 0.000292 0.001125 
0.000451 0.000075 0.000319 0.001107 
0.000451 0.000073 0.000289 0.001163 
0.000456 0.000064 0.000303 0.001021 
0.000453 0.000066 0.000301 0.001027 
0.000447 0.000073 0.000311 0.001097 
0.000453 0.000081 0.000334 0.001140 
0.000466 0.000072 0.000327 0.001093 
0.000455 0.000082 0.000337 0.001202 
0.000446 0.000072 0.000308 0.001125 
0.000386 0.000071 0.000267 0.001040 
0.000410 0.000066 0.000269 0.000986 
0.000404 0.000072 0.000290 0.001050 
0.000411 0.000062 0.000293 0.001011 
0.000409 0.000058 0.000301 0.000947 
0.000398 0.000069 0.000289 0.001050 
0.000403 0.000073 0.000291 0.001189 
0.000384 0.000068 0.000263 0.001041 
0.000398 0.000068 0.000288 0.001032 
0.000401 0.000070 0.000278 0.000998 
0.000384 0.000080 0.000263 0.001181 
0.000405 0.000055 0.000290 0.000972 
0.000414 0.000074 0.000301 0.001097 
0.000431 0.000085 0.000294 0.001091 
0.000396 0.000078 0.000261 0.001036 
0.000413 0.000078 0.000291 0.001084 
0.000403 0.000106 0.000247 0.001469 
0.000415 0.000083 0.000269 0.001053 
0.000400 0.000097 0.000256 0.001254 
0.000404 0.000079 0.000275 0.001014 
0.000432 0.000080 0.000316 0.001131 
0.000430 0.000085 0.000290 0.001201 
0.000412 0.000092 0.000287 0.001170 
0.000428 0.000081 0.000293 0.001061 
0.000465 0.000080 0.000318 0.001100 
0.000453 0.000075 0.000324 0.001145 
0.000457 0.000085 0.000324 0.001197 
0.000459 0.000092 0.000310 0.001153 
0.000467 0.000090 0.000322 0.001184 
0.000424 0.000082 0.000278 0.001114 
0.000450 0.000083 0.000329 0.001145 
0.000443 0.000090 0.000298 0.001161 
0.000458 0.000090 0.000330 0.001164 
0.000464 0.000078 0.000315 0.001072 
0.000454 0.000096 0.000315 0.001311 
0.000465 0.000076 0.000347 0.001160 
0.000526 0.000167 0.000295 0.001767 
0.000519 0.000167 0.000306 0.001617 
0.000513 0.000174 0.000297 0.001778 
0.000530 0.000169 0.000313 0.001607 
0.000513 0.000172 0.000287 0.001787 
0.000502 0.000164 0.000288 0.001837 
0.000507 0.000170 0.000330 0.001666 
0.000518 0.000164 0.000319 0.001739 
0.000504 0.000171 0.000293 0.001997 
0.000522 0.000170 0.000325 0.001759 
0.000505 0.000182 0.000296 0.001736 
0.000434 0.000105 0.000245 0.001353 
0.000437 0.000122 0.000234 0.001359 
0.000454 0.000111 0.000290 0.001218 
0.000442 0.000104 0.000292 0.001157 
0.000422 0.000116 0.000224 0.001336 
0.000435 0.000108 0.000287 0.001213 
0.000443 0.000110 0.000269 0.001378 
0.000442 0.000120 0.000269 0.001304 
0.000415 0.000122 0.000218 0.001453 
0.000431 0.000114 0.000233 0.001445 
0.000473 0.000079 0.000312 0.001080 
0.000442 0.000070 0.000311 0.000952 
0.000469 0.000083 0.000305 0.001099 
0.000465 0.000087 0.000327 0.001043 
0.000470 0.000081 0.000287 0.001001 
0.000461 0.000084 0.000270 0.001102 
0.000490 0.000086 0.000304 0.001035 
0.000475 0.000079 0.000309 0.000968 
0.000465 0.000081 0.000303 0.001011 
0.000468 0.000068 0.000311 0.000885 
0.000471 0.000084 0.000310 0.000978 
0.000481 0.000075 0.000299 0.000920 
0.000470 0.000079 0.000311 0.001016 
0.000462 0.000081 0.000310 0.000996 
0.000463 0.000068 0.000320 0.000891 
0.000455 0.000085 0.000296 0.001101 
0.000451 0.000089 0.000310 0.001118 
0.000436 0.000110 0.000282 0.001327 
0.000438 0.000106 0.000291 0.001274 
0.000453 0.000107 0.000293 0.001310 
0.000428 0.000093 0.000287 0.001202 
0.000431 0.000102 0.000282 0.001199 
0.000438 0.000096 0.000298 0.001140 
0.000444 0.000110 0.000297 0.001279 
0.000443 0.000096 0.000282 0.001152 
0.000450 0.000130 0.000237 0.001464 
0.000444 0.000100 0.000291 0.001238 
0.000444 0.000098 0.000293 0.001170 
0.000434 0.000099 0.000266 0.001238 
0.000443 0.000110 0.000264 0.001212 
0.000541 0.000193 0.000289 0.001667 
0.000537 0.000200 0.000302 0.001718 
0.000525 0.000164 0.000323 0.001634 
0.000512 0.000183 0.000281 0.001853 
0.000526 0.000194 0.000263 0.001885 
0.000540 0.000188 0.000297 0.001669 
0.000501 0.000180 0.000242 0.001954 
0.000516 0.000205 0.000287 0.001849 
0.000532 0.000187 0.000328 0.001729 
0.000525 0.000203 0.000265 0.001789 
0.000535 0.000188 0.000308 0.001727 
0.000524 0.000197 0.000297 0.001761 
0.000529 0.000181 0.000313 0.001654 
0.000554 0.000199 0.000276 0.001754 
0.000500 0.000101 0.000300 0.001192 
0.000479 0.000099 0.000267 0.001203 
0.000499 0.000115 0.000271 0.001325 
0.000491 0.000104 0.000287 0.001226 
0.000500 0.000101 0.000324 0.001248 
0.000488 0.000106 0.000251 0.001324 
0.000500 0.000098 0.000304 0.001196 
0.000496 0.000108 0.000269 0.001333 
0.000502 0.000106 0.000296 0.001202 
0.000496 0.000119 0.000273 0.001275 
0.000505 0.000103 0.000313 0.001256 
0.000490 0.000104 0.000290 0.001433 
0.000497 0.000110 0.000275 0.001360 
0.000505 0.000075 0.000362 0.001011 
0.000481 0.000079 0.000333 0.001129 
0.000492 0.000090 0.000352 0.001067 
0.000503 0.000070 0.000368 0.000991 
0.000502 0.000082 0.000370 0.001155 
0.000499 0.000090 0.000347 0.001161 
0.000514 0.000087 0.000341 0.001075 
0.000483 0.000077 0.000349 0.001064 
0.000504 0.000086 0.000358 0.001198 
0.000511 0.000081 0.000370 0.001137 
0.000500 0.000082 0.000353 0.001099 
0.000506 0.000084 0.000361 0.001093 
0.000545 0.000153 0.000312 0.001374 
0.000515 0.000153 0.000344 0.001375 
0.000513 0.000165 0.000318 0.001588 
0.000496 0.000167 0.000242 0.001523 
0.000500 0.000153 0.000273 0.001436 
0.000478 0.000133 0.000276 0.001410 
0.000477 0.000138 0.000273 0.001370 
0.000491 0.000153 0.000245 0.001544 
0.000450 0.000144 0.000191 0.001438 
0.000478 0.000170 0.000260 0.001694 
0.000515 0.000143 0.000320 0.001467 
0.000489 0.000174 0.000239 0.001857 
0.000494 0.000118 0.000301 0.001177 
0.000455 0.000109 0.000310 0.001235 
0.000453 0.000108 0.000273 0.001185 
0.000442 0.000114 0.000291 0.001361 
0.000451 0.000102 0.000280 0.001261 
0.000442 0.000104 0.000269 0.001154 
0.000454 0.000115 0.000283 0.001309 
0.000457 0.000102 0.000303 0.001097 
0.000446 0.000101 0.000296 0.001160 
0.000440 0.000108 0.000282 0.001232 
0.000460 0.000117 0.000309 0.001195 
0.000460 0.000100 0.000301 0.001169 
0.000437 0.000123 0.000237 0.001316 
0.000447 0.000113 0.000276 0.001200 
0.000413 0.000089 0.000269 0.001139 
0.000404 0.000103 0.000258 0.001121 
0.000394 0.000095 0.000248 0.001142 
0.000401 0.000090 0.000283 0.001064 
0.000404 0.000103 0.000244 0.001172 
0.000402 0.000088 0.000269 0.001050 
0.000401 0.000095 0.000235 0.001017 
0.000390 0.000100 0.000239 0.001085 
0.000407 0.000095 0.000239 0.001026 
0.000410 0.000094 0.000285 0.001039 
0.000406 0.000104 0.000235 0.001221 
0.000396 0.000094 0.000256 0.001031 
0.000400 0.000096 0.000261 0.001035 
0.000427 0.000107 0.000261 0.001232 
0.000510 0.000119 0.000368 0.001318 
0.000491 0.000124 0.000330 0.001274 
0.000522 0.000126 0.000346 0.001347 
0.000505 0.000120 0.000372 0.001395 
0.000524 0.000135 0.000342 0.001359 
0.000500 0.000136 0.000318 0.001641 
0.000535 0.000144 0.000343 0.001615 
0.000492 0.000133 0.000305 0.001357 
0.000521 0.000126 0.000370 0.001342 
0.000493 0.000124 0.000347 0.001438 
0.000528 0.000126 0.000350 0.001355 
0.000491 0.000119 0.000343 0.001195 
0.000491 0.000132 0.000346 0.001409 
