0.000471 0.000067 0.000298 0.000722 
0.000471 0.000065 0.000332 0.000700 
0.000465 0.000065 0.000316 0.000685 
0.000475 0.000070 0.000304 0.000681 
0.000467 0.000058 0.000335 0.000697 
0.000465 0.000062 0.000297 0.000656 
0.000476 0.000062 0.000330 0.000694 
0.000480 0.000069 0.000313 0.000698 
0.000459 0.000067 0.000307 0.000674 
0.000473 0.000065 0.000309 0.000687 
0.000483 0.000072 0.000320 0.000712 
0.000473 0.000065 0.000325 0.000707 
0.000467 0.000069 0.000297 0.000686 
0.000413 0.000058 0.000286 0.000606 
0.000429 0.000056 0.000294 0.000615 
0.000419 0.000064 0.000283 0.000604 
0.000423 0.000061 0.000273 0.000625 
0.000431 0.000062 0.000299 0.000630 
0.000417 0.000060 0.000277 0.000613 
0.000426 0.000061 0.000307 0.000620 
0.000409 0.000065 0.000262 0.000628 
0.000413 0.000062 0.000261 0.000612 
0.000421 0.000068 0.000266 0.000626 
0.000411 0.000068 0.000250 0.000598 
0.000413 0.000065 0.000248 0.000618 
0.000420 0.000067 0.000278 0.000619 
0.000467 0.000060 0.000313 0.000631 
0.000429 0.000055 0.000281 0.000607 
0.000446 0.000064 0.000234 0.000613 
0.000436 0.000060 0.000293 0.000638 
0.000448 0.000061 0.000317 0.000639 
0.000433 0.000061 0.000306 0.000650 
0.000455 0.000061 0.000321 0.000628 
0.000472 0.000063 0.000334 0.000659 
0.000458 0.000050 0.000347 0.000636 
0.000449 0.000055 0.000315 0.000607 
0.000456 0.000058 0.000283 0.000659 
0.000483 0.000056 0.000371 0.000659 
0.000474 0.000060 0.000308 0.000671 
0.000499 0.000064 0.000371 0.000688 
0.000472 0.000063 0.000314 0.000678 
0.000484 0.000058 0.000366 0.000669 
0.000478 0.000062 0.000336 0.000649 
0.000464 0.000059 0.000343 0.000697 
0.000482 0.000059 0.000363 0.000661 
0.000483 0.000062 0.000346 0.000678 
0.000498 0.000061 0.000367 0.000670 
0.000484 0.000067 0.000349 0.000719 
0.000492 0.000063 0.000335 0.000686 
0.000473 0.000064 0.000302 0.000656 
0.000485 0.000066 0.000325 0.000684 
0.000465 0.000066 0.000326 0.000674 
0.000481 0.000073 0.000301 0.000718 
0.000485 0.000070 0.000310 0.000731 
0.000471 0.000071 0.000263 0.000684 
0.000475 0.000066 0.000327 0.000702 
0.000469 0.000071 0.000274 0.000700 
0.000465 0.000066 0.000303 0.000650 
0.000484 0.000063 0.000335 0.000677 
0.000462 0.000072 0.000308 0.000668 
0.000464 0.000067 0.000329 0.000721 
0.000447 0.000069 0.000305 0.000723 
0.000465 0.000069 0.000322 0.000717 
0.000457 0.000067 0.000299 0.000705 
0.000439 0.000069 0.000287 0.000728 
0.000449 0.000068 0.000276 0.000707 
0.000453 0.000070 0.000317 0.000752 
0.000447 0.000066 0.000300 0.000682 
0.000427 0.000073 0.000291 0.000751 
0.000449 0.000065 0.000310 0.000666 
0.000489 0.000062 0.000330 0.000667 
0.000452 0.000059 0.000307 0.000633 
0.000489 0.000064 0.000287 0.000642 
0.000468 0.000060 0.000323 0.000640 
0.000488 0.000064 0.000304 0.000665 
0.000482 0.000059 0.000302 0.000649 
0.000490 0.000060 0.000336 0.000661 
0.000483 0.000058 0.000327 0.000648 
0.000474 0.000060 0.000328 0.000641 
0.000496 0.000067 0.000307 0.000668 
0.000474 0.000060 0.000322 0.000630 
0.000491 0.000059 0.000334 0.000656 
0.000480 0.000064 0.000308 0.000649 
0.000469 0.000058 0.000339 0.000633 
0.000479 0.000063 0.000328 0.000644 
0.000461 0.000057 0.000324 0.000638 
0.000461 0.000062 0.000319 0.000655 
0.000449 0.000066 0.000308 0.000674 
0.000462 0.000068 0.000318 0.000683 
0.000461 0.000058 0.000338 0.000678 
0.000453 0.000068 0.000307 0.000708 
0.000454 0.000065 0.000308 0.000645 
0.000467 0.000064 0.000342 0.000729 
0.000458 0.000069 0.000320 0.000698 
0.000456 0.000061 0.000317 0.000688 
0.000469 0.000063 0.000333 0.000706 
0.000461 0.000060 0.000338 0.000676 
0.000464 0.000063 0.000325 0.000673 
0.000452 0.000070 0.000311 0.000708 
0.000454 0.000064 0.000331 0.000689 
0.000491 0.000085 0.000335 0.000813 
0.000480 0.000079 0.000341 0.000767 
0.000502 0.000073 0.000352 0.000807 
0.000485 0.000068 0.000323 0.000732 
0.000504 0.000080 0.000320 0.000880 
0.000480 0.000078 0.000339 0.000811 
0.000492 0.000073 0.000334 0.000786 
0.000476 0.000083 0.000286 0.000796 
0.000488 0.000081 0.000293 0.000781 
0.000473 0.000079 0.000336 0.000804 
0.000473 0.000074 0.000322 0.000837 
0.000475 0.000080 0.000329 0.000917 
0.000494 0.000082 0.000342 0.000800 
0.000495 0.000076 0.000346 0.000789 
0.000450 0.000063 0.000301 0.000623 
0.000442 0.000054 0.000315 0.000641 
0.000465 0.000057 0.000330 0.000640 
0.000468 0.000059 0.000318 0.000663 
0.000473 0.000057 0.000318 0.000664 
0.000462 0.000056 0.000304 0.000659 
0.000485 0.000061 0.000330 0.000686 
0.000465 0.000064 0.000317 0.000695 
0.000480 0.000061 0.000343 0.000717 
0.000463 0.000059 0.000338 0.000647 
0.000467 0.000056 0.000288 0.000664 
0.000464 0.000056 0.000335 0.000647 
0.000457 0.000058 0.000301 0.000661 
0.000487 0.000059 0.000327 0.000651 
0.000473 0.000062 0.000335 0.000679 
0.000480 0.000073 0.000307 0.000699 
0.000482 0.000064 0.000322 0.000713 
0.000477 0.000058 0.000323 0.000643 
0.000473 0.000058 0.000350 0.000646 
0.000478 0.000063 0.000286 0.000664 
0.000487 0.000060 0.000336 0.000660 
0.000476 0.000068 0.000297 0.000643 
0.000486 0.000063 0.000301 0.000691 
0.000478 0.000062 0.000327 0.000662 
0.000488 0.000062 0.000353 0.000713 
0.000473 0.000072 0.000271 0.000686 
0.000472 0.000077 0.000290 0.000693 
0.000457 0.000075 0.000251 0.000643 
0.000456 0.000071 0.000279 0.000651 
0.000465 0.000071 0.000280 0.000682 
0.000439 0.000069 0.000261 0.000669 
0.000448 0.000069 0.000265 0.000647 
0.000477 0.000087 0.000260 0.000758 
0.000443 0.000074 0.000288 0.000645 
0.000453 0.000071 0.000283 0.000654 
0.000464 0.000074 0.000241 0.000664 
0.000467 0.000070 0.000305 0.000663 
0.000462 0.000067 0.000286 0.000680 
0.000475 0.000064 0.000335 0.000698 
0.000481 0.000067 0.000322 0.000682 
0.000475 0.000062 0.000331 0.000673 
0.000493 0.000068 0.000328 0.000696 
0.000473 0.000062 0.000309 0.000678 
0.000473 0.000064 0.000329 0.000666 
0.000477 0.000060 0.000342 0.000675 
0.000471 0.000063 0.000302 0.000648 
0.000462 0.000061 0.000321 0.000677 
0.000465 0.000056 0.000325 0.000662 
0.000466 0.000060 0.000298 0.000631 
0.000458 0.000070 0.000259 0.000660 
0.000469 0.000066 0.000289 0.000698 
0.000464 0.000068 0.000313 0.000628 
0.000447 0.000066 0.000288 0.000634 
0.000457 0.000069 0.000305 0.000642 
0.000460 0.000056 0.000321 0.000603 
0.000450 0.000063 0.000308 0.000656 
0.000449 0.000057 0.000314 0.000618 
0.000450 0.000064 0.000316 0.000641 
0.000434 0.000065 0.000290 0.000631 
0.000458 0.000071 0.000299 0.000632 
0.000479 0.000077 0.000299 0.000659 
0.000435 0.000058 0.000270 0.000586 
0.000448 0.000064 0.000291 0.000623 
0.000437 0.000064 0.000303 0.000629 
0.000451 0.000057 0.000321 0.000607 
0.000519 0.000055 0.000362 0.000678 
0.000498 0.000061 0.000350 0.000669 
0.000534 0.000056 0.000375 0.000679 
0.000530 0.000053 0.000363 0.000674 
0.000522 0.000054 0.000363 0.000674 
0.000506 0.000065 0.000341 0.000767 
0.000539 0.000063 0.000337 0.000742 
0.000506 0.000060 0.000348 0.000686 
0.000528 0.000058 0.000375 0.000718 
0.000508 0.000058 0.000356 0.000689 
0.000511 0.000054 0.000365 0.000647 
0.000503 0.000059 0.000350 0.000693 
0.000495 0.000065 0.000359 0.000679 
