0.000526 0.000071 0.000292 0.000734 
0.000526 0.000070 0.000293 0.000759 
0.000521 0.000070 0.000288 0.000754 
0.000527 0.000073 0.000288 0.000733 
0.000514 0.000064 0.000296 0.000678 
0.000519 0.000072 0.000280 0.000698 
0.000527 0.000066 0.000294 0.000690 
0.000538 0.000070 0.000299 0.000706 
0.000510 0.000066 0.000274 0.000694 
0.000536 0.000072 0.000295 0.000737 
0.000535 0.000075 0.000280 0.000743 
0.000522 0.000071 0.000296 0.000712 
0.000523 0.000071 0.000288 0.000725 
0.000471 0.000067 0.000259 0.000633 
0.000488 0.000067 0.000270 0.000653 
0.000486 0.000065 0.000247 0.000617 
0.000490 0.000062 0.000281 0.000658 
0.000490 0.000063 0.000290 0.000631 
0.000472 0.000067 0.000253 0.000614 
0.000481 0.000065 0.000266 0.000627 
0.000479 0.000069 0.000248 0.000644 
0.000482 0.000070 0.000262 0.000652 
0.000483 0.000068 0.000265 0.000619 
0.000474 0.000064 0.000222 0.000608 
0.000483 0.000060 0.000253 0.000638 
0.000491 0.000065 0.000268 0.000632 
0.000522 0.000057 0.000326 0.000650 
0.000500 0.000057 0.000301 0.000630 
0.000513 0.000056 0.000316 0.000643 
0.000497 0.000061 0.000287 0.000631 
0.000508 0.000065 0.000298 0.000641 
0.000502 0.000060 0.000288 0.000630 
0.000512 0.000063 0.000297 0.000643 
0.000515 0.000063 0.000296 0.000642 
0.000504 0.000064 0.000315 0.000664 
0.000509 0.000055 0.000312 0.000691 
0.000507 0.000050 0.000343 0.000636 
0.000530 0.000065 0.000313 0.000661 
0.000531 0.000064 0.000278 0.000662 
0.000533 0.000068 0.000297 0.000675 
0.000545 0.000070 0.000272 0.000682 
0.000532 0.000069 0.000257 0.000669 
0.000511 0.000064 0.000263 0.000637 
0.000521 0.000063 0.000295 0.000665 
0.000530 0.000064 0.000297 0.000656 
0.000530 0.000069 0.000284 0.000663 
0.000540 0.000066 0.000315 0.000682 
0.000532 0.000070 0.000276 0.000689 
0.000543 0.000069 0.000300 0.000688 
0.000533 0.000068 0.000260 0.000707 
0.000531 0.000068 0.000254 0.000686 
0.000526 0.000067 0.000268 0.000662 
0.000539 0.000069 0.000279 0.000683 
0.000533 0.000061 0.000280 0.000682 
0.000533 0.000062 0.000291 0.000678 
0.000542 0.000065 0.000264 0.000679 
0.000541 0.000070 0.000271 0.000689 
0.000526 0.000064 0.000274 0.000681 
0.000536 0.000067 0.000257 0.000665 
0.000531 0.000069 0.000249 0.000701 
0.000508 0.000070 0.000298 0.000656 
0.000494 0.000072 0.000271 0.000636 
0.000505 0.000069 0.000288 0.000658 
0.000498 0.000069 0.000294 0.000654 
0.000500 0.000079 0.000259 0.000660 
0.000504 0.000070 0.000287 0.000661 
0.000506 0.000073 0.000288 0.000662 
0.000494 0.000068 0.000268 0.000646 
0.000478 0.000063 0.000269 0.000618 
0.000488 0.000068 0.000271 0.000634 
0.000537 0.000065 0.000304 0.000659 
0.000531 0.000068 0.000281 0.000656 
0.000545 0.000071 0.000319 0.000684 
0.000533 0.000066 0.000281 0.000673 
0.000541 0.000069 0.000289 0.000676 
0.000544 0.000072 0.000291 0.000691 
0.000560 0.000064 0.000318 0.000696 
0.000554 0.000070 0.000305 0.000693 
0.000537 0.000072 0.000288 0.000672 
0.000557 0.000066 0.000313 0.000687 
0.000533 0.000067 0.000281 0.000669 
0.000554 0.000071 0.000321 0.000692 
0.000544 0.000076 0.000283 0.000684 
0.000536 0.000061 0.000286 0.000654 
0.000546 0.000061 0.000319 0.000681 
0.000537 0.000070 0.000274 0.000672 
0.000536 0.000057 0.000312 0.000699 
0.000554 0.000074 0.000263 0.000702 
0.000547 0.000068 0.000282 0.000689 
0.000529 0.000064 0.000288 0.000671 
0.000547 0.000076 0.000256 0.000701 
0.000545 0.000070 0.000293 0.000695 
0.000545 0.000072 0.000286 0.000702 
0.000545 0.000079 0.000270 0.000714 
0.000543 0.000065 0.000305 0.000702 
0.000522 0.000064 0.000294 0.000683 
0.000522 0.000067 0.000285 0.000677 
0.000549 0.000067 0.000282 0.000727 
0.000545 0.000075 0.000266 0.000710 
0.000561 0.000073 0.000282 0.000714 
0.000521 0.000066 0.000265 0.000656 
0.000519 0.000066 0.000275 0.000659 
0.000528 0.000062 0.000306 0.000686 
0.000546 0.000079 0.000273 0.000725 
0.000524 0.000061 0.000283 0.000673 
0.000511 0.000067 0.000269 0.000675 
0.000520 0.000067 0.000248 0.000658 
0.000520 0.000070 0.000236 0.000694 
0.000516 0.000067 0.000274 0.000665 
0.000521 0.000065 0.000277 0.000676 
0.000524 0.000061 0.000268 0.000687 
0.000515 0.000062 0.000259 0.000638 
0.000519 0.000061 0.000268 0.000663 
0.000520 0.000071 0.000237 0.000711 
0.000519 0.000058 0.000237 0.000672 
0.000516 0.000063 0.000249 0.000691 
0.000529 0.000071 0.000225 0.000715 
0.000516 0.000068 0.000241 0.000708 
0.000506 0.000062 0.000256 0.000701 
0.000513 0.000065 0.000238 0.000662 
0.000529 0.000074 0.000235 0.000744 
0.000526 0.000070 0.000212 0.000685 
0.000527 0.000064 0.000242 0.000713 
0.000524 0.000069 0.000243 0.000668 
0.000511 0.000069 0.000212 0.000697 
0.000521 0.000073 0.000235 0.000698 
0.000494 0.000056 0.000243 0.000643 
0.000541 0.000066 0.000285 0.000687 
0.000524 0.000062 0.000265 0.000676 
0.000541 0.000070 0.000265 0.000684 
0.000550 0.000067 0.000273 0.000697 
0.000550 0.000065 0.000278 0.000681 
0.000533 0.000063 0.000277 0.000666 
0.000534 0.000068 0.000269 0.000691 
0.000527 0.000054 0.000300 0.000731 
0.000533 0.000067 0.000249 0.000694 
0.000552 0.000073 0.000267 0.000705 
0.000536 0.000067 0.000266 0.000705 
0.000556 0.000072 0.000267 0.000712 
0.000553 0.000071 0.000240 0.000696 
0.000558 0.000077 0.000233 0.000705 
0.000562 0.000076 0.000240 0.000724 
0.000549 0.000073 0.000250 0.000716 
0.000561 0.000081 0.000222 0.000740 
0.000534 0.000069 0.000255 0.000681 
0.000531 0.000065 0.000261 0.000660 
0.000559 0.000076 0.000241 0.000712 
0.000541 0.000084 0.000202 0.000715 
0.000548 0.000072 0.000246 0.000698 
0.000546 0.000064 0.000259 0.000685 
0.000542 0.000068 0.000245 0.000680 
0.000539 0.000062 0.000242 0.000663 
0.000545 0.000081 0.000242 0.000796 
0.000565 0.000080 0.000260 0.000799 
0.000552 0.000074 0.000265 0.000761 
0.000586 0.000077 0.000295 0.000782 
0.000545 0.000075 0.000271 0.000769 
0.000557 0.000070 0.000275 0.000746 
0.000544 0.000076 0.000257 0.000830 
0.000549 0.000076 0.000274 0.000808 
0.000537 0.000069 0.000270 0.000740 
0.000537 0.000066 0.000278 0.000711 
0.000535 0.000073 0.000248 0.000723 
0.000536 0.000073 0.000266 0.000743 
0.000541 0.000076 0.000268 0.000734 
0.000542 0.000077 0.000249 0.000700 
0.000524 0.000066 0.000253 0.000662 
0.000517 0.000079 0.000218 0.000672 
0.000528 0.000075 0.000268 0.000689 
0.000515 0.000075 0.000226 0.000679 
0.000535 0.000085 0.000241 0.000714 
0.000529 0.000080 0.000234 0.000688 
0.000508 0.000072 0.000237 0.000667 
0.000525 0.000072 0.000251 0.000680 
0.000528 0.000072 0.000242 0.000690 
0.000511 0.000070 0.000241 0.000665 
0.000528 0.000078 0.000222 0.000693 
0.000519 0.000073 0.000233 0.000667 
0.000528 0.000074 0.000240 0.000695 
0.000567 0.000057 0.000337 0.000737 
0.000549 0.000056 0.000274 0.000754 
0.000550 0.000058 0.000279 0.000695 
0.000552 0.000057 0.000279 0.000675 
0.000554 0.000063 0.000270 0.000689 
0.000548 0.000061 0.000254 0.000674 
0.000576 0.000054 0.000324 0.000762 
0.000561 0.000061 0.000281 0.000688 
0.000561 0.000059 0.000301 0.000709 
0.000547 0.000063 0.000283 0.000674 
0.000554 0.000055 0.000328 0.000815 
0.000556 0.000061 0.000236 0.000713 
0.000558 0.000059 0.000261 0.000723 
