0.000337 0.000103 0.000154 0.000842 
0.000376 0.000102 0.000186 0.000946 
0.000349 0.000100 0.000177 0.000845 
0.000344 0.000095 0.000160 0.000749 
0.000345 0.000115 0.000138 0.000825 
0.000349 0.000099 0.000182 0.000824 
0.000348 0.000109 0.000169 0.000849 
0.000348 0.000102 0.000166 0.000819 
0.000346 0.000101 0.000145 0.000843 
0.000348 0.000098 0.000177 0.000897 
0.000369 0.000102 0.000164 0.000882 
0.000372 0.000111 0.000138 0.000994 
0.000340 0.000106 0.000146 0.000781 
0.000307 0.000092 0.000142 0.000702 
0.000316 0.000088 0.000158 0.000713 
0.000323 0.000090 0.000163 0.000759 
0.000325 0.000089 0.000170 0.000712 
0.000312 0.000094 0.000137 0.000716 
0.000311 0.000094 0.000156 0.000696 
0.000304 0.000098 0.000126 0.000670 
0.000298 0.000097 0.000130 0.000715 
0.000312 0.000097 0.000139 0.000786 
0.000325 0.000086 0.000164 0.000758 
0.000308 0.000091 0.000147 0.000668 
0.000308 0.000093 0.000136 0.000669 
0.000327 0.000089 0.000150 0.000753 
0.000340 0.000108 0.000138 0.000905 
0.000325 0.000108 0.000154 0.000772 
0.000320 0.000118 0.000095 0.000908 
0.000308 0.000101 0.000130 0.000783 
0.000312 0.000112 0.000055 0.000773 
0.000323 0.000102 0.000145 0.000738 
0.000332 0.000113 0.000133 0.000904 
0.000328 0.000120 0.000083 0.001030 
0.000321 0.000122 0.000110 0.000907 
0.000307 0.000120 0.000079 0.000866 
0.000330 0.000114 0.000125 0.000913 
0.000353 0.000116 0.000140 0.000945 
0.000357 0.000124 0.000113 0.000882 
0.000351 0.000102 0.000173 0.000827 
0.000362 0.000112 0.000170 0.000937 
0.000370 0.000110 0.000173 0.000822 
0.000349 0.000099 0.000156 0.000731 
0.000356 0.000120 0.000140 0.000936 
0.000358 0.000107 0.000164 0.000816 
0.000369 0.000106 0.000168 0.000842 
0.000351 0.000111 0.000145 0.000875 
0.000375 0.000100 0.000180 0.000812 
0.000360 0.000108 0.000161 0.000851 
0.000366 0.000096 0.000154 0.000730 
0.000387 0.000101 0.000169 0.000800 
0.000374 0.000091 0.000197 0.000755 
0.000380 0.000107 0.000180 0.000791 
0.000390 0.000110 0.000191 0.000835 
0.000361 0.000104 0.000153 0.000740 
0.000379 0.000102 0.000173 0.000756 
0.000384 0.000091 0.000208 0.000752 
0.000364 0.000097 0.000180 0.000729 
0.000386 0.000098 0.000193 0.000748 
0.000380 0.000092 0.000172 0.000704 
0.000333 0.000107 0.000154 0.000856 
0.000336 0.000097 0.000197 0.000823 
0.000326 0.000113 0.000150 0.000933 
0.000336 0.000099 0.000158 0.000891 
0.000334 0.000086 0.000180 0.000762 
0.000334 0.000102 0.000167 0.000887 
0.000327 0.000096 0.000184 0.000845 
0.000330 0.000106 0.000152 0.000889 
0.000305 0.000123 0.000089 0.000895 
0.000329 0.000097 0.000170 0.000881 
0.000360 0.000106 0.000133 0.000752 
0.000367 0.000116 0.000164 0.000874 
0.000373 0.000104 0.000175 0.000792 
0.000360 0.000116 0.000119 0.000808 
0.000336 0.000112 0.000127 0.000814 
0.000358 0.000107 0.000138 0.000780 
0.000383 0.000110 0.000169 0.000788 
0.000370 0.000097 0.000171 0.000776 
0.000368 0.000117 0.000114 0.000832 
0.000367 0.000119 0.000167 0.000923 
0.000375 0.000117 0.000153 0.000839 
0.000384 0.000109 0.000174 0.000874 
0.000367 0.000094 0.000153 0.000698 
0.000357 0.000104 0.000158 0.000795 
0.000363 0.000128 0.000112 0.000923 
0.000369 0.000099 0.000185 0.000708 
0.000331 0.000129 0.000047 0.000834 
0.000352 0.000100 0.000178 0.000840 
0.000350 0.000114 0.000115 0.000794 
0.000343 0.000117 0.000086 0.000786 
0.000346 0.000100 0.000161 0.000753 
0.000333 0.000118 0.000077 0.000822 
0.000362 0.000121 0.000160 0.000855 
0.000364 0.000102 0.000146 0.000832 
0.000343 0.000104 0.000159 0.000757 
0.000350 0.000109 0.000164 0.000818 
0.000337 0.000116 0.000116 0.000786 
0.000352 0.000116 0.000096 0.000861 
0.000360 0.000103 0.000161 0.000797 
0.000381 0.000094 0.000188 0.000865 
0.000344 0.000111 0.000155 0.000801 
0.000364 0.000104 0.000177 0.000813 
0.000345 0.000124 0.000060 0.000805 
0.000356 0.000107 0.000023 0.000877 
0.000346 0.000106 0.000169 0.000811 
0.000355 0.000113 0.000172 0.000881 
0.000344 0.000100 0.000161 0.000862 
0.000353 0.000089 0.000173 0.000778 
0.000340 0.000094 0.000162 0.000743 
0.000355 0.000103 0.000174 0.000844 
0.000362 0.000116 0.000126 0.000815 
0.000370 0.000104 0.000171 0.000833 
0.000357 0.000126 0.000101 0.000899 
0.000374 0.000097 0.000212 0.000792 
0.000358 0.000104 0.000185 0.000819 
0.000342 0.000102 0.000125 0.000712 
0.000366 0.000085 0.000208 0.000665 
0.000339 0.000096 0.000166 0.000704 
0.000358 0.000110 0.000160 0.000756 
0.000338 0.000097 0.000150 0.000746 
0.000361 0.000086 0.000204 0.000700 
0.000365 0.000089 0.000207 0.000697 
0.000338 0.000098 0.000175 0.000863 
0.000359 0.000092 0.000190 0.000699 
0.000341 0.000099 0.000164 0.000693 
0.000341 0.000087 0.000156 0.000680 
0.000341 0.000105 0.000164 0.000736 
0.000355 0.000109 0.000186 0.000896 
0.000352 0.000123 0.000113 0.000928 
0.000340 0.000127 0.000118 0.000988 
0.000333 0.000119 0.000076 0.000863 
0.000356 0.000108 0.000179 0.000995 
0.000339 0.000113 0.000160 0.000904 
0.000340 0.000114 0.000152 0.000890 
0.000338 0.000132 0.000040 0.000888 
0.000343 0.000109 0.000162 0.000870 
0.000348 0.000116 0.000159 0.000947 
0.000338 0.000114 0.000150 0.000868 
0.000368 0.000105 0.000169 0.000925 
0.000365 0.000116 0.000169 0.000864 
0.000355 0.000095 0.000161 0.000839 
0.000349 0.000097 0.000177 0.000784 
0.000360 0.000112 0.000152 0.000874 
0.000355 0.000101 0.000179 0.000874 
0.000323 0.000121 0.000090 0.000904 
0.000343 0.000125 0.000141 0.000913 
0.000351 0.000111 0.000175 0.000888 
0.000324 0.000101 0.000153 0.000906 
0.000361 0.000108 0.000171 0.000802 
0.000350 0.000119 0.000151 0.000828 
0.000355 0.000110 0.000173 0.000876 
0.000346 0.000119 0.000107 0.000975 
0.000337 0.000112 0.000163 0.000838 
0.000363 0.000094 0.000198 0.000826 
0.000345 0.000108 0.000164 0.000851 
0.000372 0.000095 0.000179 0.000920 
0.000321 0.000111 0.000137 0.000869 
0.000344 0.000114 0.000143 0.000920 
0.000350 0.000112 0.000174 0.000856 
0.000347 0.000103 0.000176 0.000784 
0.000323 0.000106 0.000141 0.000798 
0.000339 0.000110 0.000138 0.000888 
0.000328 0.000105 0.000159 0.000819 
0.000336 0.000107 0.000150 0.000855 
0.000322 0.000105 0.000124 0.000803 
0.000334 0.000082 0.000170 0.000702 
0.000341 0.000095 0.000158 0.000714 
0.000331 0.000079 0.000176 0.000668 
0.000330 0.000087 0.000171 0.000729 
0.000329 0.000089 0.000159 0.000759 
0.000347 0.000081 0.000174 0.000736 
0.000350 0.000079 0.000183 0.000654 
0.000322 0.000091 0.000123 0.000720 
0.000321 0.000093 0.000138 0.000710 
0.000314 0.000092 0.000132 0.000756 
0.000321 0.000094 0.000149 0.000722 
0.000341 0.000082 0.000182 0.000690 
0.000329 0.000090 0.000170 0.000718 
0.000352 0.000087 0.000178 0.000692 
0.000416 0.000131 0.000176 0.000951 
0.000389 0.000123 0.000165 0.000884 
0.000394 0.000123 0.000164 0.000861 
0.000399 0.000124 0.000184 0.000921 
0.000411 0.000127 0.000212 0.000954 
0.000407 0.000121 0.000216 0.000935 
0.000405 0.000121 0.000189 0.000939 
0.000397 0.000124 0.000170 0.000876 
0.000409 0.000127 0.000170 0.001025 
0.000390 0.000123 0.000172 0.000905 
0.000400 0.000130 0.000164 0.000890 
0.000413 0.000134 0.000166 0.000937 
0.000394 0.000116 0.000194 0.000870 
