0.000432 0.000072 0.000293 0.000592 
0.000429 0.000065 0.000299 0.000583 
0.000437 0.000068 0.000313 0.000613 
0.000448 0.000075 0.000301 0.000619 
0.000434 0.000085 0.000267 0.000627 
0.000441 0.000082 0.000290 0.000631 
0.000453 0.000078 0.000315 0.000639 
0.000444 0.000077 0.000299 0.000620 
0.000403 0.000067 0.000262 0.000550 
0.000444 0.000073 0.000298 0.000623 
0.000448 0.000061 0.000319 0.000584 
0.000438 0.000071 0.000285 0.000591 
0.000449 0.000077 0.000296 0.000622 
0.000417 0.000081 0.000276 0.000651 
0.000427 0.000078 0.000297 0.000629 
0.000424 0.000085 0.000283 0.000655 
0.000423 0.000084 0.000295 0.000644 
0.000436 0.000088 0.000297 0.000732 
0.000431 0.000089 0.000288 0.000671 
0.000413 0.000077 0.000293 0.000639 
0.000414 0.000073 0.000288 0.000624 
0.000411 0.000078 0.000281 0.000607 
0.000427 0.000087 0.000288 0.000678 
0.000420 0.000085 0.000272 0.000671 
0.000431 0.000091 0.000290 0.000685 
0.000440 0.000087 0.000300 0.000754 
0.000484 0.000168 0.000277 0.000984 
0.000434 0.000151 0.000247 0.000892 
0.000505 0.000188 0.000269 0.001082 
0.000429 0.000123 0.000256 0.000768 
0.000438 0.000125 0.000296 0.000882 
0.000462 0.000140 0.000277 0.000984 
0.000423 0.000101 0.000279 0.000843 
0.000459 0.000120 0.000308 0.000884 
0.000456 0.000120 0.000287 0.000882 
0.000475 0.000147 0.000269 0.000931 
0.000488 0.000190 0.000277 0.001085 
0.000458 0.000108 0.000284 0.000706 
0.000467 0.000124 0.000271 0.000745 
0.000454 0.000094 0.000298 0.000735 
0.000448 0.000092 0.000292 0.000683 
0.000467 0.000093 0.000302 0.000693 
0.000442 0.000101 0.000269 0.000699 
0.000455 0.000105 0.000276 0.000684 
0.000462 0.000105 0.000282 0.000710 
0.000460 0.000107 0.000283 0.000736 
0.000460 0.000089 0.000310 0.000726 
0.000444 0.000075 0.000288 0.000607 
0.000475 0.000086 0.000338 0.000700 
0.000632 0.000259 0.000276 0.001428 
0.000656 0.000279 0.000317 0.001419 
0.000648 0.000312 0.000276 0.001483 
0.000669 0.000298 0.000315 0.001660 
0.000656 0.000302 0.000273 0.001525 
0.000666 0.000291 0.000272 0.001482 
0.000628 0.000225 0.000321 0.001292 
0.000659 0.000289 0.000288 0.001551 
0.000646 0.000282 0.000272 0.001455 
0.000669 0.000303 0.000291 0.001529 
0.000721 0.000349 0.000260 0.001549 
0.000413 0.000068 0.000301 0.000588 
0.000401 0.000062 0.000298 0.000551 
0.000424 0.000068 0.000311 0.000599 
0.000417 0.000068 0.000302 0.000598 
0.000403 0.000068 0.000282 0.000587 
0.000409 0.000069 0.000291 0.000583 
0.000428 0.000070 0.000310 0.000632 
0.000412 0.000065 0.000293 0.000572 
0.000385 0.000079 0.000253 0.000606 
0.000417 0.000063 0.000290 0.000594 
0.000498 0.000117 0.000286 0.000829 
0.000490 0.000152 0.000315 0.001025 
0.000489 0.000111 0.000346 0.000876 
0.000481 0.000122 0.000267 0.000869 
0.000448 0.000077 0.000285 0.000633 
0.000479 0.000120 0.000297 0.000921 
0.000498 0.000135 0.000278 0.000895 
0.000494 0.000112 0.000321 0.000814 
0.000497 0.000116 0.000333 0.000872 
0.000490 0.000120 0.000308 0.000817 
0.000509 0.000162 0.000301 0.001108 
0.000531 0.000144 0.000340 0.000963 
0.000489 0.000129 0.000302 0.000880 
0.000462 0.000122 0.000266 0.000870 
0.000487 0.000122 0.000289 0.000836 
0.000480 0.000150 0.000274 0.000910 
0.000430 0.000078 0.000290 0.000608 
0.000420 0.000057 0.000302 0.000542 
0.000430 0.000069 0.000292 0.000586 
0.000425 0.000074 0.000287 0.000588 
0.000423 0.000078 0.000278 0.000628 
0.000413 0.000071 0.000280 0.000572 
0.000429 0.000073 0.000283 0.000597 
0.000416 0.000071 0.000277 0.000572 
0.000430 0.000086 0.000281 0.000618 
0.000430 0.000080 0.000284 0.000605 
0.000422 0.000080 0.000275 0.000599 
0.000433 0.000076 0.000298 0.000593 
0.000422 0.000075 0.000278 0.000606 
0.000426 0.000068 0.000303 0.000574 
0.000476 0.000115 0.000315 0.000884 
0.000486 0.000125 0.000305 0.000898 
0.000509 0.000101 0.000364 0.000873 
0.000494 0.000100 0.000324 0.000757 
0.000472 0.000104 0.000302 0.000831 
0.000485 0.000109 0.000325 0.000854 
0.000511 0.000119 0.000330 0.000864 
0.000479 0.000123 0.000289 0.000823 
0.000486 0.000092 0.000332 0.000827 
0.000469 0.000125 0.000291 0.000818 
0.000486 0.000102 0.000315 0.000753 
0.000455 0.000096 0.000292 0.000743 
0.000523 0.000125 0.000337 0.000859 
0.000482 0.000103 0.000327 0.000819 
0.000411 0.000075 0.000257 0.000584 
0.000425 0.000084 0.000245 0.000604 
0.000438 0.000083 0.000250 0.000607 
0.000432 0.000081 0.000275 0.000605 
0.000431 0.000082 0.000265 0.000612 
0.000444 0.000089 0.000261 0.000630 
0.000453 0.000078 0.000288 0.000638 
0.000443 0.000083 0.000280 0.000618 
0.000443 0.000084 0.000281 0.000616 
0.000435 0.000095 0.000260 0.000680 
0.000439 0.000080 0.000262 0.000655 
0.000437 0.000083 0.000241 0.000639 
0.000423 0.000093 0.000231 0.000722 
0.000460 0.000094 0.000297 0.000761 
0.000463 0.000117 0.000278 0.000857 
0.000453 0.000085 0.000310 0.000805 
0.000460 0.000121 0.000279 0.000904 
0.000476 0.000093 0.000332 0.000751 
0.000457 0.000105 0.000284 0.000796 
0.000456 0.000116 0.000288 0.000888 
0.000469 0.000109 0.000289 0.000813 
0.000457 0.000115 0.000296 0.000876 
0.000456 0.000101 0.000319 0.000791 
0.000465 0.000090 0.000315 0.000802 
0.000453 0.000096 0.000281 0.000773 
0.000704 0.000310 0.000279 0.001662 
0.000659 0.000318 0.000312 0.001650 
0.000729 0.000356 0.000262 0.001715 
0.000750 0.000364 0.000299 0.001724 
0.000676 0.000304 0.000280 0.001580 
0.000716 0.000334 0.000271 0.001567 
0.000788 0.000355 0.000289 0.001770 
0.000730 0.000364 0.000271 0.001682 
0.000698 0.000358 0.000256 0.001869 
0.000732 0.000375 0.000263 0.001737 
0.000668 0.000310 0.000292 0.001501 
0.000746 0.000346 0.000307 0.001805 
0.000688 0.000318 0.000267 0.001541 
0.000443 0.000066 0.000303 0.000633 
0.000437 0.000070 0.000303 0.000622 
0.000440 0.000063 0.000330 0.000612 
0.000468 0.000060 0.000352 0.000623 
0.000423 0.000059 0.000311 0.000611 
0.000437 0.000063 0.000314 0.000610 
0.000429 0.000060 0.000310 0.000611 
0.000425 0.000058 0.000299 0.000592 
0.000423 0.000068 0.000296 0.000640 
0.000433 0.000063 0.000320 0.000614 
0.000440 0.000065 0.000305 0.000628 
0.000427 0.000071 0.000271 0.000630 
0.000420 0.000066 0.000294 0.000613 
0.000496 0.000118 0.000302 0.000828 
0.000516 0.000160 0.000254 0.000925 
0.000526 0.000163 0.000293 0.001029 
0.000540 0.000154 0.000287 0.000972 
0.000477 0.000121 0.000287 0.000889 
0.000481 0.000140 0.000280 0.000927 
0.000479 0.000104 0.000316 0.000789 
0.000491 0.000130 0.000279 0.000864 
0.000499 0.000141 0.000281 0.000940 
0.000480 0.000116 0.000301 0.000874 
0.000498 0.000147 0.000259 0.000921 
0.000500 0.000177 0.000274 0.001057 
0.000513 0.000151 0.000272 0.000918 
0.000517 0.000133 0.000302 0.000933 
0.000537 0.000099 0.000388 0.000875 
0.000491 0.000118 0.000296 0.000902 
0.000524 0.000133 0.000317 0.000934 
0.000521 0.000134 0.000336 0.000926 
0.000509 0.000119 0.000335 0.000910 
0.000498 0.000121 0.000327 0.000865 
0.000590 0.000145 0.000401 0.001146 
0.000501 0.000119 0.000324 0.000823 
0.000542 0.000122 0.000355 0.000899 
0.000527 0.000128 0.000337 0.000898 
0.000528 0.000130 0.000334 0.000923 
0.000494 0.000127 0.000310 0.000871 
0.000507 0.000118 0.000317 0.000869 
