0.000512 0.000056 0.000386 0.000680 
0.000530 0.000048 0.000407 0.000673 
0.000500 0.000052 0.000352 0.000628 
0.000508 0.000057 0.000375 0.000664 
0.000503 0.000055 0.000374 0.000634 
0.000512 0.000050 0.000387 0.000677 
0.000518 0.000054 0.000396 0.000682 
0.000520 0.000055 0.000390 0.000696 
0.000536 0.000046 0.000423 0.000655 
0.000518 0.000054 0.000392 0.000673 
0.000517 0.000048 0.000387 0.000654 
0.000535 0.000044 0.000417 0.000687 
0.000509 0.000061 0.000360 0.000700 
0.000457 0.000083 0.000287 0.000760 
0.000478 0.000082 0.000312 0.000718 
0.000493 0.000080 0.000320 0.000717 
0.000491 0.000081 0.000316 0.000742 
0.000476 0.000085 0.000311 0.000744 
0.000478 0.000079 0.000314 0.000735 
0.000484 0.000088 0.000331 0.000760 
0.000466 0.000089 0.000305 0.000773 
0.000477 0.000075 0.000322 0.000675 
0.000489 0.000088 0.000327 0.000804 
0.000476 0.000099 0.000266 0.000806 
0.000483 0.000087 0.000295 0.000764 
0.000490 0.000079 0.000343 0.000709 
0.000529 0.000044 0.000422 0.000638 
0.000522 0.000043 0.000438 0.000652 
0.000507 0.000051 0.000395 0.000651 
0.000490 0.000054 0.000394 0.000668 
0.000499 0.000055 0.000362 0.000656 
0.000496 0.000045 0.000388 0.000616 
0.000506 0.000051 0.000385 0.000657 
0.000526 0.000045 0.000417 0.000639 
0.000507 0.000057 0.000383 0.000662 
0.000500 0.000051 0.000415 0.000653 
0.000512 0.000034 0.000416 0.000604 
0.000530 0.000068 0.000385 0.000725 
0.000544 0.000076 0.000397 0.000767 
0.000520 0.000088 0.000362 0.000802 
0.000539 0.000077 0.000387 0.000734 
0.000532 0.000070 0.000386 0.000712 
0.000524 0.000084 0.000346 0.000764 
0.000527 0.000071 0.000399 0.000733 
0.000531 0.000073 0.000372 0.000745 
0.000533 0.000070 0.000386 0.000727 
0.000520 0.000072 0.000369 0.000739 
0.000528 0.000078 0.000366 0.000746 
0.000528 0.000078 0.000388 0.000737 
0.000523 0.000063 0.000359 0.000699 
0.000540 0.000060 0.000422 0.000716 
0.000518 0.000058 0.000366 0.000681 
0.000548 0.000046 0.000430 0.000700 
0.000537 0.000059 0.000413 0.000699 
0.000522 0.000059 0.000374 0.000686 
0.000536 0.000063 0.000380 0.000700 
0.000540 0.000055 0.000386 0.000676 
0.000530 0.000067 0.000380 0.000714 
0.000543 0.000064 0.000413 0.000719 
0.000522 0.000065 0.000354 0.000672 
0.000479 0.000063 0.000356 0.000667 
0.000473 0.000060 0.000340 0.000620 
0.000489 0.000065 0.000341 0.000655 
0.000489 0.000074 0.000351 0.000779 
0.000465 0.000070 0.000292 0.000653 
0.000485 0.000069 0.000343 0.000702 
0.000486 0.000065 0.000342 0.000660 
0.000479 0.000066 0.000342 0.000667 
0.000477 0.000070 0.000327 0.000670 
0.000459 0.000060 0.000324 0.000622 
0.000524 0.000070 0.000374 0.000712 
0.000521 0.000059 0.000413 0.000716 
0.000540 0.000077 0.000392 0.000796 
0.000538 0.000073 0.000393 0.000739 
0.000502 0.000066 0.000382 0.000728 
0.000514 0.000072 0.000345 0.000723 
0.000563 0.000073 0.000431 0.000771 
0.000529 0.000069 0.000383 0.000737 
0.000542 0.000067 0.000411 0.000744 
0.000546 0.000065 0.000418 0.000754 
0.000550 0.000069 0.000401 0.000752 
0.000543 0.000070 0.000439 0.000776 
0.000535 0.000069 0.000417 0.000788 
0.000520 0.000082 0.000345 0.000785 
0.000536 0.000068 0.000407 0.000747 
0.000512 0.000064 0.000353 0.000675 
0.000544 0.000062 0.000366 0.000695 
0.000560 0.000057 0.000373 0.000685 
0.000553 0.000065 0.000344 0.000706 
0.000550 0.000061 0.000382 0.000680 
0.000543 0.000058 0.000407 0.000709 
0.000535 0.000068 0.000359 0.000730 
0.000553 0.000052 0.000428 0.000679 
0.000541 0.000064 0.000366 0.000704 
0.000534 0.000064 0.000399 0.000696 
0.000522 0.000056 0.000345 0.000682 
0.000548 0.000060 0.000390 0.000681 
0.000531 0.000072 0.000339 0.000705 
0.000522 0.000065 0.000368 0.000688 
0.000539 0.000060 0.000383 0.000679 
0.000517 0.000081 0.000373 0.000793 
0.000526 0.000071 0.000395 0.000765 
0.000514 0.000074 0.000372 0.000705 
0.000523 0.000075 0.000379 0.000731 
0.000486 0.000084 0.000342 0.000762 
0.000490 0.000071 0.000328 0.000718 
0.000484 0.000091 0.000340 0.000785 
0.000522 0.000071 0.000395 0.000739 
0.000514 0.000070 0.000393 0.000732 
0.000514 0.000077 0.000365 0.000725 
0.000545 0.000075 0.000416 0.000752 
0.000524 0.000067 0.000379 0.000741 
0.000527 0.000076 0.000385 0.000798 
0.000506 0.000076 0.000358 0.000726 
0.000539 0.000055 0.000405 0.000725 
0.000489 0.000062 0.000350 0.000644 
0.000501 0.000061 0.000396 0.000686 
0.000500 0.000061 0.000401 0.000676 
0.000508 0.000066 0.000377 0.000687 
0.000481 0.000077 0.000307 0.000678 
0.000526 0.000058 0.000421 0.000687 
0.000495 0.000069 0.000361 0.000691 
0.000530 0.000049 0.000454 0.000720 
0.000498 0.000056 0.000399 0.000651 
0.000498 0.000071 0.000348 0.000676 
0.000509 0.000069 0.000357 0.000705 
0.000499 0.000064 0.000386 0.000678 
0.000584 0.000061 0.000453 0.000840 
0.000586 0.000056 0.000445 0.000825 
0.000566 0.000065 0.000422 0.000800 
0.000582 0.000066 0.000414 0.000884 
0.000569 0.000063 0.000418 0.000803 
0.000554 0.000054 0.000444 0.000759 
0.000544 0.000050 0.000421 0.000725 
0.000589 0.000082 0.000407 0.000868 
0.000564 0.000054 0.000424 0.000759 
0.000563 0.000054 0.000403 0.000766 
0.000583 0.000061 0.000463 0.000837 
0.000594 0.000054 0.000447 0.000859 
0.000545 0.000046 0.000430 0.000643 
0.000504 0.000045 0.000406 0.000610 
0.000529 0.000052 0.000404 0.000651 
0.000527 0.000052 0.000386 0.000646 
0.000512 0.000057 0.000353 0.000644 
0.000489 0.000067 0.000333 0.000636 
0.000522 0.000050 0.000378 0.000635 
0.000525 0.000051 0.000370 0.000648 
0.000478 0.000056 0.000340 0.000644 
0.000513 0.000051 0.000374 0.000622 
0.000533 0.000050 0.000411 0.000640 
0.000528 0.000047 0.000409 0.000648 
0.000527 0.000052 0.000378 0.000643 
0.000564 0.000047 0.000472 0.000714 
0.000596 0.000048 0.000485 0.000743 
0.000588 0.000041 0.000506 0.000702 
0.000603 0.000047 0.000495 0.000732 
0.000569 0.000048 0.000470 0.000713 
0.000584 0.000043 0.000463 0.000713 
0.000598 0.000038 0.000515 0.000711 
0.000607 0.000042 0.000483 0.000758 
0.000572 0.000039 0.000502 0.000691 
0.000578 0.000044 0.000500 0.000713 
0.000563 0.000039 0.000488 0.000682 
0.000587 0.000041 0.000469 0.000711 
0.000567 0.000040 0.000490 0.000679 
0.000524 0.000059 0.000390 0.000691 
0.000540 0.000051 0.000421 0.000685 
0.000503 0.000056 0.000362 0.000639 
0.000522 0.000053 0.000405 0.000659 
0.000506 0.000048 0.000413 0.000642 
0.000497 0.000065 0.000344 0.000652 
0.000511 0.000060 0.000376 0.000656 
0.000498 0.000055 0.000341 0.000648 
0.000511 0.000053 0.000400 0.000669 
0.000511 0.000058 0.000399 0.000672 
0.000489 0.000049 0.000364 0.000611 
0.000515 0.000047 0.000421 0.000640 
0.000502 0.000053 0.000393 0.000665 
0.000516 0.000049 0.000383 0.000652 
0.000594 0.000034 0.000512 0.000720 
0.000561 0.000045 0.000435 0.000708 
0.000541 0.000050 0.000414 0.000695 
0.000559 0.000050 0.000460 0.000725 
0.000560 0.000055 0.000457 0.000711 
0.000525 0.000064 0.000411 0.000732 
0.000554 0.000052 0.000460 0.000720 
0.000540 0.000053 0.000434 0.000712 
0.000585 0.000036 0.000500 0.000699 
0.000550 0.000052 0.000453 0.000723 
0.000567 0.000042 0.000478 0.000703 
0.000567 0.000052 0.000445 0.000717 
0.000556 0.000047 0.000476 0.000709 
