0.000459 0.000076 0.000307 0.000991 
0.000470 0.000084 0.000298 0.001043 
0.000473 0.000080 0.000308 0.001095 
0.000468 0.000075 0.000307 0.000978 
0.000463 0.000083 0.000294 0.001089 
0.000461 0.000075 0.000308 0.000984 
0.000467 0.000076 0.000317 0.000953 
0.000469 0.000076 0.000311 0.000964 
0.000463 0.000083 0.000293 0.001137 
0.000467 0.000085 0.000303 0.001145 
0.000473 0.000076 0.000304 0.000951 
0.000470 0.000076 0.000318 0.001029 
0.000455 0.000081 0.000294 0.001039 
0.000417 0.000092 0.000280 0.001210 
0.000435 0.000093 0.000279 0.001179 
0.000426 0.000089 0.000294 0.001190 
0.000435 0.000097 0.000273 0.001295 
0.000430 0.000077 0.000276 0.001279 
0.000431 0.000094 0.000294 0.001206 
0.000420 0.000090 0.000259 0.001258 
0.000409 0.000106 0.000257 0.001296 
0.000422 0.000089 0.000282 0.001199 
0.000417 0.000094 0.000263 0.001203 
0.000403 0.000093 0.000266 0.001213 
0.000427 0.000086 0.000278 0.001280 
0.000435 0.000089 0.000281 0.001226 
0.000475 0.000102 0.000325 0.001239 
0.000447 0.000112 0.000271 0.001324 
0.000458 0.000112 0.000293 0.001225 
0.000441 0.000130 0.000269 0.001426 
0.000453 0.000108 0.000280 0.001293 
0.000434 0.000119 0.000281 0.001457 
0.000444 0.000109 0.000284 0.001167 
0.000469 0.000098 0.000307 0.001098 
0.000462 0.000108 0.000291 0.001292 
0.000435 0.000104 0.000296 0.001294 
0.000467 0.000116 0.000287 0.001388 
0.000474 0.000080 0.000343 0.000985 
0.000468 0.000101 0.000299 0.001118 
0.000474 0.000080 0.000344 0.000979 
0.000453 0.000091 0.000306 0.001055 
0.000470 0.000099 0.000284 0.001131 
0.000457 0.000084 0.000296 0.001034 
0.000464 0.000101 0.000295 0.001126 
0.000471 0.000089 0.000317 0.001047 
0.000470 0.000093 0.000317 0.001174 
0.000491 0.000077 0.000337 0.000937 
0.000463 0.000095 0.000314 0.001101 
0.000481 0.000068 0.000347 0.000886 
0.000525 0.000184 0.000274 0.001937 
0.000538 0.000184 0.000286 0.001766 
0.000515 0.000194 0.000266 0.001947 
0.000551 0.000174 0.000366 0.001669 
0.000529 0.000189 0.000272 0.001924 
0.000518 0.000195 0.000263 0.002041 
0.000522 0.000175 0.000285 0.001754 
0.000521 0.000190 0.000271 0.001938 
0.000533 0.000205 0.000285 0.001894 
0.000543 0.000198 0.000282 0.001929 
0.000517 0.000225 0.000264 0.002209 
0.000445 0.000114 0.000277 0.001229 
0.000433 0.000117 0.000260 0.001221 
0.000444 0.000114 0.000275 0.001106 
0.000438 0.000103 0.000282 0.001090 
0.000428 0.000116 0.000283 0.001206 
0.000427 0.000101 0.000269 0.001107 
0.000448 0.000118 0.000281 0.001194 
0.000432 0.000121 0.000260 0.001282 
0.000416 0.000126 0.000226 0.001224 
0.000447 0.000128 0.000285 0.001313 
0.000470 0.000086 0.000311 0.001213 
0.000447 0.000103 0.000272 0.001307 
0.000466 0.000088 0.000305 0.001179 
0.000440 0.000087 0.000275 0.001168 
0.000456 0.000083 0.000282 0.001166 
0.000467 0.000085 0.000304 0.001214 
0.000478 0.000096 0.000323 0.001230 
0.000470 0.000087 0.000313 0.001252 
0.000459 0.000090 0.000299 0.001151 
0.000479 0.000091 0.000302 0.001224 
0.000467 0.000106 0.000299 0.001291 
0.000474 0.000093 0.000303 0.001347 
0.000474 0.000090 0.000288 0.001167 
0.000448 0.000079 0.000306 0.001145 
0.000459 0.000085 0.000261 0.001135 
0.000449 0.000096 0.000306 0.001171 
0.000462 0.000110 0.000258 0.001246 
0.000463 0.000119 0.000294 0.001308 
0.000461 0.000125 0.000278 0.001403 
0.000467 0.000129 0.000281 0.001382 
0.000465 0.000131 0.000307 0.001444 
0.000453 0.000120 0.000283 0.001343 
0.000463 0.000107 0.000296 0.001178 
0.000461 0.000119 0.000286 0.001339 
0.000466 0.000122 0.000278 0.001346 
0.000477 0.000137 0.000247 0.001384 
0.000461 0.000127 0.000274 0.001370 
0.000459 0.000124 0.000293 0.001418 
0.000457 0.000121 0.000288 0.001356 
0.000458 0.000117 0.000276 0.001232 
0.000534 0.000226 0.000259 0.002103 
0.000533 0.000242 0.000248 0.002207 
0.000549 0.000210 0.000321 0.001953 
0.000527 0.000197 0.000293 0.001760 
0.000549 0.000192 0.000284 0.001749 
0.000535 0.000208 0.000253 0.001890 
0.000536 0.000177 0.000290 0.001752 
0.000530 0.000238 0.000269 0.002222 
0.000563 0.000247 0.000292 0.001897 
0.000515 0.000231 0.000279 0.001977 
0.000535 0.000199 0.000283 0.001835 
0.000528 0.000205 0.000256 0.001810 
0.000527 0.000200 0.000256 0.001869 
0.000559 0.000227 0.000255 0.001943 
0.000502 0.000125 0.000283 0.001484 
0.000481 0.000121 0.000250 0.001389 
0.000512 0.000127 0.000274 0.001425 
0.000515 0.000120 0.000270 0.001256 
0.000506 0.000122 0.000301 0.001438 
0.000503 0.000122 0.000265 0.001327 
0.000517 0.000118 0.000264 0.001410 
0.000514 0.000126 0.000286 0.001358 
0.000496 0.000119 0.000295 0.001396 
0.000502 0.000118 0.000271 0.001370 
0.000495 0.000123 0.000270 0.001419 
0.000505 0.000131 0.000271 0.001408 
0.000506 0.000119 0.000294 0.001268 
0.000532 0.000122 0.000334 0.001429 
0.000502 0.000148 0.000266 0.001651 
0.000513 0.000132 0.000326 0.001573 
0.000517 0.000108 0.000353 0.001451 
0.000536 0.000127 0.000321 0.001520 
0.000516 0.000129 0.000302 0.001414 
0.000525 0.000139 0.000300 0.001709 
0.000538 0.000129 0.000346 0.001564 
0.000535 0.000132 0.000324 0.001605 
0.000533 0.000120 0.000330 0.001535 
0.000514 0.000129 0.000319 0.001621 
0.000504 0.000118 0.000323 0.001410 
0.000549 0.000278 0.000238 0.002368 
0.000546 0.000272 0.000233 0.002353 
0.000566 0.000268 0.000248 0.002155 
0.000568 0.000248 0.000223 0.002035 
0.000552 0.000256 0.000227 0.002450 
0.000533 0.000245 0.000221 0.002133 
0.000560 0.000263 0.000261 0.002214 
0.000557 0.000246 0.000242 0.002061 
0.000501 0.000235 0.000189 0.002171 
0.000545 0.000271 0.000238 0.002580 
0.000547 0.000226 0.000271 0.002026 
0.000563 0.000248 0.000252 0.002138 
0.000542 0.000231 0.000249 0.002052 
0.000492 0.000149 0.000265 0.001451 
0.000484 0.000156 0.000250 0.001560 
0.000490 0.000149 0.000240 0.001409 
0.000506 0.000151 0.000284 0.001423 
0.000484 0.000148 0.000245 0.001449 
0.000500 0.000144 0.000283 0.001316 
0.000502 0.000156 0.000275 0.001420 
0.000492 0.000147 0.000276 0.001442 
0.000489 0.000153 0.000266 0.001546 
0.000500 0.000151 0.000263 0.001378 
0.000512 0.000157 0.000287 0.001381 
0.000488 0.000160 0.000243 0.001535 
0.000484 0.000140 0.000240 0.001426 
0.000435 0.000117 0.000274 0.001368 
0.000421 0.000123 0.000232 0.001292 
0.000423 0.000117 0.000240 0.001442 
0.000427 0.000109 0.000240 0.001231 
0.000425 0.000117 0.000247 0.001473 
0.000429 0.000100 0.000262 0.001183 
0.000424 0.000116 0.000265 0.001394 
0.000410 0.000120 0.000218 0.001331 
0.000435 0.000111 0.000256 0.001303 
0.000437 0.000112 0.000269 0.001362 
0.000425 0.000108 0.000246 0.001356 
0.000425 0.000125 0.000250 0.001483 
0.000423 0.000107 0.000228 0.001122 
0.000436 0.000137 0.000242 0.001527 
0.000527 0.000157 0.000320 0.001627 
0.000498 0.000195 0.000279 0.001860 
0.000538 0.000192 0.000301 0.001818 
0.000511 0.000170 0.000320 0.001723 
0.000512 0.000176 0.000302 0.001758 
0.000512 0.000190 0.000269 0.001807 
0.000567 0.000204 0.000306 0.001957 
0.000519 0.000172 0.000300 0.001707 
0.000536 0.000180 0.000295 0.001786 
0.000521 0.000188 0.000302 0.001755 
0.000550 0.000197 0.000292 0.001943 
0.000483 0.000183 0.000272 0.001816 
0.000519 0.000196 0.000286 0.001863 
