0.000618 0.000264 0.000000 0.001524 
0.000643 0.000279 0.000000 0.001638 
0.000638 0.000254 0.000000 0.001448 
0.000633 0.000294 0.000000 0.001649 
0.000624 0.000272 0.000000 0.001507 
0.000623 0.000283 0.000000 0.001519 
0.000657 0.000264 0.000000 0.001483 
0.000641 0.000256 0.000000 0.001540 
0.000628 0.000249 0.000000 0.001493 
0.000607 0.000246 0.000000 0.001502 
0.000626 0.000255 0.000000 0.001496 
0.000601 0.000244 0.000000 0.001389 
0.000622 0.000274 0.000000 0.001483 
0.000496 0.000210 0.000000 0.001303 
0.000548 0.000245 0.000000 0.001329 
0.000518 0.000201 0.000000 0.001264 
0.000543 0.000243 0.000000 0.001531 
0.000515 0.000206 0.000000 0.001221 
0.000508 0.000210 0.000000 0.001301 
0.000512 0.000210 0.000000 0.001217 
0.000482 0.000200 0.000000 0.001242 
0.000528 0.000231 0.000000 0.001458 
0.000512 0.000218 0.000000 0.001385 
0.000547 0.000230 0.000000 0.001433 
0.000521 0.000223 0.000000 0.001411 
0.000541 0.000233 0.000000 0.001375 
0.000629 0.000263 0.000000 0.001435 
0.000605 0.000270 0.000000 0.001592 
0.000612 0.000246 0.000000 0.001521 
0.000574 0.000267 0.000000 0.001452 
0.000559 0.000264 0.000000 0.001518 
0.000569 0.000264 0.000000 0.001426 
0.000603 0.000239 0.000000 0.001434 
0.000613 0.000245 0.000000 0.001415 
0.000584 0.000252 0.000000 0.001338 
0.000559 0.000229 0.000000 0.001364 
0.000615 0.000256 0.000000 0.001451 
0.000538 0.000224 0.000000 0.001506 
0.000532 0.000201 0.000000 0.001315 
0.000541 0.000242 0.000000 0.001552 
0.000563 0.000231 0.000000 0.001536 
0.000540 0.000209 0.000000 0.001333 
0.000532 0.000217 0.000000 0.001414 
0.000513 0.000193 0.000000 0.001318 
0.000528 0.000237 0.000000 0.001640 
0.000521 0.000217 0.000000 0.001456 
0.000514 0.000207 0.000000 0.001400 
0.000504 0.000223 0.000000 0.001590 
0.000509 0.000226 0.000000 0.001614 
0.000580 0.000196 0.000000 0.001228 
0.000572 0.000175 0.000000 0.001229 
0.000582 0.000200 0.000000 0.001253 
0.000593 0.000200 0.000000 0.001296 
0.000599 0.000178 0.000000 0.001209 
0.000601 0.000190 0.000000 0.001213 
0.000590 0.000188 0.000000 0.001294 
0.000595 0.000198 0.000000 0.001232 
0.000592 0.000197 0.000000 0.001245 
0.000596 0.000193 0.000000 0.001246 
0.000606 0.000203 0.000000 0.001277 
0.000500 0.000228 0.000000 0.001511 
0.000514 0.000234 0.000000 0.001409 
0.000533 0.000243 0.000000 0.001509 
0.000498 0.000221 0.000000 0.001505 
0.000514 0.000242 0.000000 0.001470 
0.000515 0.000245 0.000000 0.001436 
0.000507 0.000253 0.000000 0.001486 
0.000518 0.000236 0.000000 0.001329 
0.000484 0.000217 0.000000 0.001543 
0.000517 0.000248 0.000000 0.001500 
0.000544 0.000205 0.000000 0.001337 
0.000552 0.000171 0.000000 0.001152 
0.000528 0.000190 0.000000 0.001196 
0.000588 0.000192 0.000000 0.001233 
0.000548 0.000181 0.000000 0.001208 
0.000542 0.000216 0.000000 0.001336 
0.000589 0.000204 0.000000 0.001274 
0.000556 0.000199 0.000000 0.001333 
0.000546 0.000208 0.000000 0.001291 
0.000546 0.000186 0.000000 0.001270 
0.000545 0.000189 0.000000 0.001246 
0.000561 0.000205 0.000000 0.001358 
0.000552 0.000199 0.000000 0.001235 
0.000566 0.000209 0.000000 0.001364 
0.000568 0.000189 0.000000 0.001231 
0.000591 0.000209 0.000000 0.001281 
0.000603 0.000217 0.000000 0.001313 
0.000624 0.000219 0.000000 0.001314 
0.000621 0.000205 0.000000 0.001394 
0.000587 0.000213 0.000000 0.001280 
0.000604 0.000229 0.000000 0.001409 
0.000620 0.000242 0.000000 0.001488 
0.000644 0.000230 0.000000 0.001361 
0.000642 0.000254 0.000000 0.001504 
0.000607 0.000227 0.000000 0.001384 
0.000598 0.000251 0.000000 0.001426 
0.000588 0.000210 0.000000 0.001246 
0.000588 0.000216 0.000000 0.001410 
0.000581 0.000237 0.000000 0.001342 
0.000627 0.000242 0.000000 0.001289 
0.000504 0.000199 0.000000 0.001289 
0.000523 0.000210 0.000000 0.001300 
0.000527 0.000162 0.000000 0.001065 
0.000528 0.000180 0.000000 0.001185 
0.000496 0.000201 0.000000 0.001207 
0.000519 0.000215 0.000000 0.001311 
0.000520 0.000202 0.000000 0.001230 
0.000531 0.000202 0.000000 0.001211 
0.000475 0.000194 0.000000 0.001231 
0.000524 0.000211 0.000000 0.001281 
0.000522 0.000191 0.000000 0.001239 
0.000505 0.000197 0.000000 0.001239 
0.000528 0.000201 0.000000 0.001268 
0.000520 0.000189 0.000000 0.001205 
0.000534 0.000191 0.000000 0.001323 
0.000572 0.000266 0.000000 0.001747 
0.000504 0.000185 0.000000 0.001216 
0.000520 0.000173 0.000000 0.001103 
0.000532 0.000185 0.000000 0.001298 
0.000509 0.000187 0.000000 0.001199 
0.000507 0.000197 0.000000 0.001429 
0.000500 0.000181 0.000000 0.001165 
0.000515 0.000158 0.000000 0.001050 
0.000529 0.000206 0.000000 0.001444 
0.000523 0.000178 0.000000 0.001139 
0.000555 0.000228 0.000000 0.001590 
0.000505 0.000188 0.000000 0.001208 
0.000567 0.000240 0.000000 0.001449 
0.000588 0.000219 0.000000 0.001326 
0.000556 0.000229 0.000000 0.001349 
0.000557 0.000214 0.000000 0.001358 
0.000592 0.000243 0.000000 0.001373 
0.000568 0.000253 0.000000 0.001473 
0.000543 0.000223 0.000000 0.001331 
0.000580 0.000226 0.000000 0.001380 
0.000530 0.000237 0.000000 0.001461 
0.000554 0.000209 0.000000 0.001258 
0.000559 0.000229 0.000000 0.001371 
0.000606 0.000244 0.000000 0.001477 
0.000535 0.000177 0.000000 0.001193 
0.000506 0.000168 0.000000 0.001116 
0.000507 0.000174 0.000000 0.001138 
0.000528 0.000184 0.000000 0.001153 
0.000531 0.000193 0.000000 0.001269 
0.000484 0.000207 0.000000 0.001285 
0.000506 0.000182 0.000000 0.001154 
0.000504 0.000184 0.000000 0.001164 
0.000466 0.000193 0.000000 0.001285 
0.000505 0.000188 0.000000 0.001137 
0.000509 0.000172 0.000000 0.001100 
0.000502 0.000176 0.000000 0.001129 
0.000507 0.000220 0.000000 0.001378 
0.000548 0.000211 0.000000 0.001317 
0.000570 0.000232 0.000000 0.001393 
0.000569 0.000206 0.000000 0.001249 
0.000588 0.000202 0.000000 0.001250 
0.000541 0.000196 0.000000 0.001220 
0.000527 0.000198 0.000000 0.001195 
0.000534 0.000190 0.000000 0.001275 
0.000522 0.000190 0.000000 0.001172 
0.000523 0.000183 0.000000 0.001115 
0.000557 0.000174 0.000000 0.001156 
0.000534 0.000170 0.000000 0.001098 
0.000549 0.000209 0.000000 0.001355 
0.000534 0.000197 0.000000 0.001231 
0.000448 0.000158 0.000000 0.001187 
0.000460 0.000181 0.000000 0.001340 
0.000445 0.000159 0.000000 0.001047 
0.000446 0.000145 0.000000 0.001098 
0.000439 0.000162 0.000000 0.001246 
0.000449 0.000166 0.000000 0.001250 
0.000454 0.000176 0.000000 0.001145 
0.000457 0.000169 0.000000 0.001101 
0.000433 0.000172 0.000000 0.001168 
0.000427 0.000151 0.000000 0.001068 
0.000450 0.000153 0.000000 0.001189 
0.000451 0.000144 0.000000 0.001085 
0.000447 0.000167 0.000000 0.001252 
0.000470 0.000177 0.000000 0.001192 
0.000593 0.000202 0.000000 0.001331 
0.000595 0.000212 0.000000 0.001373 
0.000594 0.000219 0.000000 0.001352 
0.000592 0.000227 0.000000 0.001426 
0.000610 0.000208 0.000000 0.001383 
0.000587 0.000220 0.000000 0.001389 
0.000620 0.000226 0.000000 0.001422 
0.000618 0.000238 0.000000 0.001470 
0.000614 0.000222 0.000000 0.001355 
0.000578 0.000216 0.000000 0.001434 
0.000592 0.000214 0.000000 0.001378 
0.000598 0.000214 0.000000 0.001350 
0.000598 0.000229 0.000000 0.001378 
