0.000401 0.000071 0.000278 0.000971 
0.000393 0.000071 0.000268 0.001057 
0.000402 0.000072 0.000276 0.001017 
0.000403 0.000070 0.000269 0.001042 
0.000397 0.000068 0.000264 0.000914 
0.000404 0.000070 0.000264 0.001118 
0.000403 0.000069 0.000274 0.000973 
0.000412 0.000069 0.000278 0.000974 
0.000387 0.000067 0.000252 0.000954 
0.000408 0.000063 0.000290 0.000990 
0.000413 0.000070 0.000287 0.001043 
0.000402 0.000067 0.000278 0.000986 
0.000399 0.000067 0.000277 0.000929 
0.000356 0.000070 0.000218 0.000966 
0.000368 0.000068 0.000241 0.000974 
0.000350 0.000073 0.000221 0.001027 
0.000361 0.000065 0.000239 0.001008 
0.000379 0.000063 0.000252 0.000976 
0.000350 0.000063 0.000231 0.000991 
0.000369 0.000068 0.000237 0.001035 
0.000350 0.000074 0.000221 0.001045 
0.000345 0.000068 0.000218 0.000989 
0.000349 0.000069 0.000233 0.000977 
0.000340 0.000078 0.000213 0.001119 
0.000359 0.000066 0.000231 0.000934 
0.000364 0.000067 0.000236 0.001045 
0.000396 0.000067 0.000271 0.001016 
0.000353 0.000068 0.000234 0.000923 
0.000384 0.000070 0.000249 0.000981 
0.000365 0.000076 0.000236 0.001160 
0.000381 0.000067 0.000240 0.000875 
0.000368 0.000076 0.000247 0.001063 
0.000369 0.000069 0.000243 0.000895 
0.000387 0.000073 0.000252 0.001061 
0.000394 0.000065 0.000259 0.001026 
0.000377 0.000077 0.000248 0.001064 
0.000397 0.000068 0.000259 0.000904 
0.000409 0.000072 0.000277 0.001037 
0.000392 0.000076 0.000248 0.001077 
0.000403 0.000085 0.000268 0.001198 
0.000385 0.000077 0.000253 0.001057 
0.000396 0.000078 0.000258 0.001088 
0.000378 0.000079 0.000230 0.001077 
0.000392 0.000077 0.000251 0.001049 
0.000392 0.000079 0.000248 0.001056 
0.000394 0.000082 0.000256 0.001091 
0.000417 0.000072 0.000275 0.000994 
0.000390 0.000083 0.000256 0.001161 
0.000422 0.000069 0.000268 0.001113 
0.000450 0.000129 0.000227 0.001713 
0.000432 0.000114 0.000216 0.001420 
0.000432 0.000132 0.000217 0.001684 
0.000461 0.000125 0.000257 0.001489 
0.000433 0.000129 0.000223 0.001665 
0.000412 0.000122 0.000218 0.001674 
0.000441 0.000117 0.000237 0.001564 
0.000432 0.000128 0.000230 0.001735 
0.000427 0.000126 0.000232 0.001765 
0.000447 0.000141 0.000241 0.001638 
0.000418 0.000122 0.000210 0.001589 
0.000373 0.000055 0.000248 0.000766 
0.000355 0.000055 0.000245 0.000858 
0.000377 0.000058 0.000263 0.000812 
0.000378 0.000058 0.000256 0.000931 
0.000339 0.000056 0.000207 0.000808 
0.000369 0.000061 0.000243 0.000950 
0.000367 0.000053 0.000252 0.000836 
0.000368 0.000064 0.000236 0.001050 
0.000345 0.000065 0.000187 0.001001 
0.000360 0.000059 0.000237 0.000868 
0.000423 0.000060 0.000302 0.000978 
0.000381 0.000053 0.000274 0.000812 
0.000411 0.000057 0.000303 0.000909 
0.000402 0.000063 0.000278 0.001025 
0.000415 0.000059 0.000288 0.000833 
0.000415 0.000054 0.000285 0.000898 
0.000431 0.000061 0.000301 0.000963 
0.000418 0.000054 0.000293 0.000793 
0.000401 0.000054 0.000282 0.000778 
0.000418 0.000052 0.000306 0.000757 
0.000399 0.000062 0.000277 0.000944 
0.000429 0.000055 0.000316 0.000890 
0.000409 0.000054 0.000297 0.000921 
0.000393 0.000062 0.000264 0.000858 
0.000420 0.000056 0.000293 0.000790 
0.000376 0.000056 0.000275 0.000956 
0.000401 0.000070 0.000254 0.001066 
0.000371 0.000079 0.000216 0.001223 
0.000379 0.000073 0.000230 0.001139 
0.000384 0.000076 0.000238 0.001259 
0.000371 0.000074 0.000229 0.001116 
0.000374 0.000071 0.000235 0.001024 
0.000377 0.000074 0.000236 0.001101 
0.000372 0.000075 0.000230 0.001097 
0.000384 0.000066 0.000234 0.000939 
0.000388 0.000078 0.000196 0.001296 
0.000379 0.000074 0.000232 0.001146 
0.000390 0.000074 0.000254 0.001131 
0.000384 0.000074 0.000236 0.001196 
0.000370 0.000067 0.000226 0.001042 
0.000405 0.000125 0.000204 0.001660 
0.000398 0.000118 0.000209 0.001587 
0.000449 0.000116 0.000278 0.001408 
0.000404 0.000112 0.000211 0.001463 
0.000401 0.000109 0.000196 0.001509 
0.000411 0.000117 0.000207 0.001517 
0.000409 0.000105 0.000215 0.001526 
0.000388 0.000128 0.000202 0.001656 
0.000412 0.000106 0.000227 0.001422 
0.000387 0.000119 0.000201 0.001536 
0.000418 0.000112 0.000234 0.001624 
0.000393 0.000122 0.000206 0.001556 
0.000419 0.000113 0.000231 0.001567 
0.000404 0.000137 0.000214 0.001617 
0.000391 0.000069 0.000240 0.001003 
0.000376 0.000070 0.000205 0.001091 
0.000379 0.000071 0.000208 0.001072 
0.000383 0.000069 0.000206 0.001036 
0.000401 0.000067 0.000242 0.001183 
0.000387 0.000071 0.000205 0.001224 
0.000408 0.000063 0.000238 0.001017 
0.000396 0.000072 0.000210 0.001077 
0.000401 0.000072 0.000225 0.001061 
0.000394 0.000075 0.000202 0.001169 
0.000370 0.000073 0.000199 0.001212 
0.000385 0.000072 0.000217 0.001289 
0.000384 0.000073 0.000209 0.001273 
0.000415 0.000068 0.000253 0.000937 
0.000386 0.000073 0.000228 0.001007 
0.000401 0.000085 0.000230 0.001033 
0.000405 0.000071 0.000239 0.000920 
0.000414 0.000080 0.000253 0.001110 
0.000400 0.000078 0.000235 0.001014 
0.000414 0.000075 0.000232 0.001016 
0.000423 0.000073 0.000249 0.000949 
0.000392 0.000082 0.000211 0.001146 
0.000396 0.000076 0.000221 0.001059 
0.000408 0.000079 0.000236 0.001087 
0.000403 0.000073 0.000243 0.000997 
0.000414 0.000132 0.000213 0.001393 
0.000394 0.000143 0.000202 0.001339 
0.000393 0.000142 0.000203 0.001440 
0.000399 0.000144 0.000205 0.001505 
0.000385 0.000132 0.000200 0.001310 
0.000376 0.000108 0.000183 0.001211 
0.000387 0.000122 0.000211 0.001264 
0.000399 0.000141 0.000212 0.001470 
0.000366 0.000132 0.000183 0.001431 
0.000400 0.000151 0.000197 0.001583 
0.000418 0.000136 0.000229 0.001357 
0.000408 0.000160 0.000198 0.001722 
0.000401 0.000122 0.000204 0.001117 
0.000390 0.000071 0.000237 0.001128 
0.000389 0.000074 0.000246 0.001021 
0.000401 0.000071 0.000221 0.001177 
0.000425 0.000076 0.000261 0.001119 
0.000403 0.000073 0.000233 0.001095 
0.000394 0.000069 0.000220 0.001178 
0.000398 0.000069 0.000243 0.001064 
0.000388 0.000071 0.000234 0.001024 
0.000391 0.000079 0.000236 0.001298 
0.000394 0.000071 0.000216 0.001011 
0.000387 0.000072 0.000237 0.001210 
0.000376 0.000073 0.000209 0.001068 
0.000390 0.000068 0.000246 0.001042 
0.000367 0.000064 0.000231 0.000761 
0.000357 0.000066 0.000240 0.000912 
0.000358 0.000057 0.000236 0.000712 
0.000363 0.000060 0.000251 0.000903 
0.000359 0.000062 0.000228 0.000901 
0.000368 0.000062 0.000254 0.000861 
0.000359 0.000062 0.000228 0.000776 
0.000348 0.000063 0.000213 0.000917 
0.000358 0.000067 0.000217 0.000840 
0.000380 0.000060 0.000266 0.000737 
0.000357 0.000070 0.000231 0.001102 
0.000356 0.000059 0.000245 0.000771 
0.000360 0.000062 0.000236 0.000808 
0.000366 0.000066 0.000238 0.000812 
0.000464 0.000072 0.000296 0.001170 
0.000398 0.000080 0.000217 0.001146 
0.000435 0.000091 0.000242 0.001256 
0.000438 0.000080 0.000256 0.001239 
0.000437 0.000085 0.000257 0.001274 
0.000412 0.000100 0.000221 0.001531 
0.000479 0.000106 0.000299 0.001661 
0.000421 0.000079 0.000253 0.001254 
0.000440 0.000084 0.000248 0.001319 
0.000425 0.000077 0.000240 0.001252 
0.000447 0.000081 0.000277 0.001296 
0.000406 0.000076 0.000244 0.001101 
0.000416 0.000083 0.000248 0.001309 
