0.000511 0.000100 0.000328 0.000884 
0.000517 0.000125 0.000310 0.000974 
0.000503 0.000107 0.000316 0.000904 
0.000495 0.000106 0.000298 0.000879 
0.000502 0.000109 0.000306 0.000878 
0.000492 0.000104 0.000296 0.000854 
0.000508 0.000113 0.000308 0.000901 
0.000528 0.000095 0.000354 0.000845 
0.000517 0.000099 0.000355 0.000824 
0.000504 0.000099 0.000345 0.000838 
0.000502 0.000105 0.000303 0.000837 
0.000499 0.000107 0.000315 0.000918 
0.000501 0.000110 0.000311 0.000938 
0.000480 0.000118 0.000266 0.000929 
0.000483 0.000120 0.000263 0.001012 
0.000496 0.000098 0.000322 0.000831 
0.000499 0.000123 0.000274 0.001045 
0.000474 0.000107 0.000291 0.000965 
0.000474 0.000122 0.000230 0.001002 
0.000471 0.000128 0.000262 0.001052 
0.000471 0.000126 0.000247 0.000956 
0.000488 0.000122 0.000250 0.000942 
0.000495 0.000122 0.000270 0.000936 
0.000477 0.000101 0.000309 0.000827 
0.000480 0.000113 0.000281 0.000885 
0.000485 0.000099 0.000297 0.000847 
0.000563 0.000154 0.000335 0.001078 
0.000524 0.000158 0.000304 0.001075 
0.000570 0.000176 0.000317 0.001125 
0.000553 0.000198 0.000260 0.001269 
0.000540 0.000186 0.000265 0.001168 
0.000528 0.000163 0.000263 0.000998 
0.000555 0.000179 0.000290 0.001108 
0.000574 0.000180 0.000317 0.001172 
0.000523 0.000186 0.000259 0.001135 
0.000532 0.000172 0.000268 0.001172 
0.000565 0.000167 0.000303 0.001117 
0.000528 0.000115 0.000340 0.001092 
0.000535 0.000108 0.000365 0.000994 
0.000532 0.000122 0.000324 0.001111 
0.000537 0.000116 0.000338 0.001118 
0.000543 0.000125 0.000334 0.001137 
0.000514 0.000108 0.000346 0.001055 
0.000517 0.000116 0.000322 0.001037 
0.000543 0.000123 0.000365 0.001211 
0.000526 0.000121 0.000299 0.001069 
0.000564 0.000128 0.000381 0.001160 
0.000543 0.000120 0.000349 0.001023 
0.000539 0.000125 0.000368 0.001168 
0.000587 0.000162 0.000348 0.001228 
0.000619 0.000173 0.000334 0.001156 
0.000601 0.000156 0.000362 0.001223 
0.000608 0.000151 0.000356 0.001223 
0.000617 0.000154 0.000386 0.001180 
0.000583 0.000151 0.000363 0.001238 
0.000611 0.000166 0.000346 0.001318 
0.000595 0.000154 0.000360 0.001282 
0.000595 0.000158 0.000354 0.001158 
0.000592 0.000139 0.000351 0.001116 
0.000585 0.000151 0.000356 0.001069 
0.000503 0.000123 0.000325 0.000975 
0.000493 0.000129 0.000294 0.001095 
0.000497 0.000135 0.000314 0.001044 
0.000493 0.000132 0.000293 0.000956 
0.000483 0.000151 0.000290 0.001143 
0.000489 0.000139 0.000294 0.001060 
0.000496 0.000123 0.000312 0.000908 
0.000475 0.000133 0.000269 0.000998 
0.000478 0.000127 0.000287 0.001043 
0.000475 0.000127 0.000282 0.000954 
0.000553 0.000134 0.000346 0.001009 
0.000579 0.000150 0.000358 0.001119 
0.000553 0.000134 0.000344 0.001001 
0.000540 0.000136 0.000347 0.001113 
0.000550 0.000141 0.000336 0.001184 
0.000558 0.000135 0.000372 0.000991 
0.000571 0.000131 0.000373 0.001124 
0.000554 0.000124 0.000354 0.000997 
0.000547 0.000148 0.000303 0.001114 
0.000574 0.000138 0.000375 0.001130 
0.000566 0.000148 0.000316 0.001025 
0.000582 0.000142 0.000365 0.001121 
0.000581 0.000146 0.000367 0.001124 
0.000537 0.000128 0.000347 0.000949 
0.000568 0.000148 0.000355 0.001228 
0.000570 0.000138 0.000378 0.001040 
0.000508 0.000101 0.000320 0.001014 
0.000511 0.000099 0.000330 0.001051 
0.000525 0.000101 0.000344 0.000965 
0.000510 0.000105 0.000312 0.000956 
0.000528 0.000097 0.000353 0.001009 
0.000508 0.000097 0.000357 0.000980 
0.000530 0.000111 0.000310 0.001040 
0.000520 0.000098 0.000367 0.001030 
0.000523 0.000097 0.000372 0.000998 
0.000566 0.000113 0.000368 0.001102 
0.000505 0.000101 0.000304 0.000927 
0.000545 0.000102 0.000356 0.001079 
0.000507 0.000088 0.000341 0.000917 
0.000519 0.000093 0.000355 0.001008 
0.000521 0.000117 0.000328 0.001066 
0.000519 0.000111 0.000331 0.001132 
0.000540 0.000119 0.000354 0.001116 
0.000509 0.000094 0.000348 0.001024 
0.000523 0.000110 0.000338 0.001018 
0.000530 0.000120 0.000321 0.001095 
0.000538 0.000120 0.000300 0.001104 
0.000527 0.000109 0.000339 0.001009 
0.000532 0.000109 0.000336 0.001020 
0.000512 0.000112 0.000316 0.001007 
0.000528 0.000111 0.000327 0.001088 
0.000525 0.000125 0.000334 0.001183 
0.000555 0.000153 0.000308 0.001388 
0.000548 0.000116 0.000334 0.001022 
0.000551 0.000127 0.000344 0.000982 
0.000529 0.000126 0.000298 0.000949 
0.000564 0.000160 0.000293 0.001130 
0.000544 0.000146 0.000291 0.001002 
0.000546 0.000128 0.000302 0.000971 
0.000542 0.000150 0.000256 0.001059 
0.000560 0.000121 0.000340 0.000925 
0.000545 0.000120 0.000341 0.000932 
0.000535 0.000129 0.000344 0.001057 
0.000543 0.000126 0.000307 0.000965 
0.000531 0.000121 0.000300 0.000935 
0.000538 0.000118 0.000315 0.000921 
0.000525 0.000115 0.000315 0.000880 
0.000579 0.000113 0.000395 0.000901 
0.000569 0.000125 0.000367 0.001017 
0.000563 0.000110 0.000356 0.000933 
0.000550 0.000107 0.000353 0.001041 
0.000571 0.000106 0.000376 0.000918 
0.000558 0.000110 0.000351 0.000950 
0.000552 0.000115 0.000349 0.000939 
0.000560 0.000106 0.000376 0.000929 
0.000567 0.000112 0.000363 0.000880 
0.000562 0.000115 0.000368 0.000926 
0.000564 0.000111 0.000354 0.000924 
0.000565 0.000103 0.000404 0.000855 
0.000621 0.000148 0.000360 0.001465 
0.000590 0.000147 0.000350 0.001320 
0.000586 0.000142 0.000302 0.001409 
0.000629 0.000166 0.000317 0.001450 
0.000592 0.000153 0.000318 0.001287 
0.000563 0.000147 0.000311 0.001252 
0.000588 0.000147 0.000331 0.001447 
0.000633 0.000153 0.000346 0.001436 
0.000559 0.000162 0.000240 0.001290 
0.000616 0.000156 0.000359 0.001505 
0.000596 0.000158 0.000343 0.001470 
0.000607 0.000152 0.000356 0.001462 
0.000571 0.000156 0.000317 0.001536 
0.000526 0.000104 0.000302 0.000999 
0.000540 0.000083 0.000388 0.000844 
0.000549 0.000097 0.000374 0.000954 
0.000587 0.000088 0.000434 0.000912 
0.000533 0.000097 0.000350 0.000919 
0.000522 0.000081 0.000360 0.000800 
0.000541 0.000104 0.000301 0.000926 
0.000526 0.000088 0.000311 0.000772 
0.000505 0.000089 0.000334 0.000766 
0.000529 0.000102 0.000288 0.000822 
0.000522 0.000096 0.000337 0.000830 
0.000528 0.000098 0.000356 0.000945 
0.000509 0.000099 0.000344 0.000965 
0.000508 0.000107 0.000316 0.000890 
0.000496 0.000103 0.000315 0.000841 
0.000484 0.000112 0.000276 0.000963 
0.000514 0.000112 0.000316 0.001005 
0.000494 0.000111 0.000263 0.000788 
0.000491 0.000104 0.000290 0.000864 
0.000508 0.000114 0.000299 0.000813 
0.000492 0.000109 0.000320 0.000816 
0.000498 0.000110 0.000299 0.000895 
0.000495 0.000109 0.000292 0.000860 
0.000519 0.000119 0.000301 0.000948 
0.000507 0.000110 0.000307 0.000842 
0.000488 0.000106 0.000281 0.000887 
0.000507 0.000118 0.000269 0.000860 
0.000632 0.000095 0.000446 0.000938 
0.000599 0.000090 0.000422 0.000968 
0.000592 0.000093 0.000427 0.000869 
0.000604 0.000087 0.000446 0.000916 
0.000636 0.000109 0.000470 0.001053 
0.000619 0.000095 0.000411 0.000935 
0.000635 0.000098 0.000454 0.000980 
0.000632 0.000092 0.000448 0.000934 
0.000633 0.000097 0.000441 0.000975 
0.000598 0.000090 0.000422 0.000887 
0.000593 0.000100 0.000438 0.000946 
0.000599 0.000093 0.000411 0.001021 
0.000586 0.000088 0.000428 0.000961 
