0.000413 0.000183 0.000193 0.001109 
0.000383 0.000149 0.000177 0.001228 
0.000354 0.000128 0.000184 0.001133 
0.000381 0.000167 0.000186 0.001199 
0.000402 0.000159 0.000175 0.001078 
0.000384 0.000158 0.000176 0.001103 
0.000413 0.000173 0.000203 0.001146 
0.000396 0.000161 0.000188 0.001125 
0.000406 0.000179 0.000188 0.001152 
0.000360 0.000133 0.000157 0.001103 
0.000383 0.000147 0.000188 0.001072 
0.000403 0.000201 0.000174 0.001198 
0.000393 0.000174 0.000185 0.001297 
0.000408 0.000159 0.000152 0.001002 
0.000407 0.000150 0.000130 0.000847 
0.000431 0.000176 0.000164 0.001143 
0.000389 0.000147 0.000154 0.000970 
0.000405 0.000161 0.000135 0.000933 
0.000393 0.000150 0.000141 0.000961 
0.000414 0.000167 0.000145 0.001014 
0.000378 0.000155 0.000114 0.000997 
0.000398 0.000156 0.000153 0.000977 
0.000400 0.000156 0.000154 0.000949 
0.000407 0.000158 0.000161 0.000991 
0.000412 0.000168 0.000174 0.000979 
0.000400 0.000147 0.000150 0.001008 
0.000392 0.000145 0.000155 0.001015 
0.000404 0.000146 0.000177 0.000931 
0.000397 0.000200 0.000121 0.001418 
0.000372 0.000146 0.000157 0.000990 
0.000391 0.000203 0.000142 0.001370 
0.000385 0.000175 0.000134 0.001080 
0.000372 0.000152 0.000138 0.000996 
0.000380 0.000156 0.000148 0.000934 
0.000402 0.000189 0.000137 0.001242 
0.000379 0.000154 0.000150 0.001183 
0.000395 0.000146 0.000171 0.000987 
0.000434 0.000201 0.000168 0.001419 
0.000461 0.000210 0.000191 0.001375 
0.000443 0.000191 0.000191 0.001395 
0.000441 0.000199 0.000186 0.001465 
0.000461 0.000209 0.000205 0.001396 
0.000447 0.000216 0.000179 0.001299 
0.000437 0.000194 0.000175 0.001335 
0.000451 0.000192 0.000196 0.001339 
0.000439 0.000192 0.000186 0.001492 
0.000450 0.000190 0.000202 0.001392 
0.000459 0.000210 0.000195 0.001313 
0.000440 0.000184 0.000190 0.001293 
0.000418 0.000183 0.000140 0.001252 
0.000461 0.000194 0.000210 0.001279 
0.000395 0.000157 0.000146 0.001308 
0.000428 0.000187 0.000171 0.001288 
0.000412 0.000150 0.000188 0.001333 
0.000409 0.000151 0.000176 0.001276 
0.000421 0.000174 0.000165 0.001133 
0.000436 0.000178 0.000183 0.001253 
0.000399 0.000148 0.000168 0.001196 
0.000438 0.000183 0.000189 0.001377 
0.000419 0.000171 0.000161 0.001241 
0.000377 0.000203 0.000114 0.001193 
0.000380 0.000208 0.000137 0.001245 
0.000387 0.000202 0.000136 0.001481 
0.000372 0.000181 0.000106 0.001270 
0.000378 0.000185 0.000126 0.001099 
0.000380 0.000211 0.000152 0.001407 
0.000405 0.000241 0.000139 0.001581 
0.000359 0.000202 0.000120 0.001323 
0.000376 0.000220 0.000109 0.001243 
0.000369 0.000210 0.000108 0.001322 
0.000399 0.000134 0.000155 0.000973 
0.000387 0.000114 0.000186 0.001036 
0.000427 0.000153 0.000182 0.001005 
0.000409 0.000138 0.000158 0.000977 
0.000388 0.000149 0.000120 0.001040 
0.000413 0.000156 0.000170 0.001113 
0.000422 0.000157 0.000170 0.001043 
0.000415 0.000154 0.000172 0.001134 
0.000401 0.000145 0.000173 0.001068 
0.000395 0.000134 0.000174 0.001029 
0.000409 0.000153 0.000163 0.001142 
0.000422 0.000152 0.000188 0.001119 
0.000402 0.000131 0.000160 0.000998 
0.000421 0.000153 0.000146 0.000990 
0.000394 0.000121 0.000172 0.001039 
0.000410 0.000123 0.000140 0.000959 
0.000432 0.000208 0.000146 0.001262 
0.000429 0.000185 0.000135 0.001247 
0.000443 0.000202 0.000160 0.001193 
0.000411 0.000202 0.000133 0.001296 
0.000431 0.000203 0.000123 0.001202 
0.000431 0.000237 0.000107 0.001424 
0.000437 0.000197 0.000150 0.001133 
0.000415 0.000200 0.000132 0.001187 
0.000429 0.000220 0.000137 0.001366 
0.000397 0.000178 0.000149 0.001178 
0.000433 0.000209 0.000141 0.001199 
0.000424 0.000205 0.000139 0.001170 
0.000374 0.000192 0.000096 0.001208 
0.000413 0.000165 0.000198 0.001178 
0.000410 0.000191 0.000135 0.001200 
0.000435 0.000196 0.000182 0.001343 
0.000420 0.000171 0.000162 0.001114 
0.000457 0.000212 0.000107 0.001223 
0.000428 0.000205 0.000166 0.001206 
0.000418 0.000219 0.000175 0.001466 
0.000424 0.000203 0.000163 0.001260 
0.000442 0.000206 0.000169 0.001192 
0.000397 0.000159 0.000150 0.001023 
0.000435 0.000205 0.000144 0.001291 
0.000449 0.000202 0.000129 0.001232 
0.000445 0.000212 0.000166 0.001278 
0.000423 0.000159 0.000169 0.001125 
0.000422 0.000148 0.000191 0.001086 
0.000409 0.000154 0.000194 0.001032 
0.000378 0.000114 0.000187 0.001104 
0.000378 0.000153 0.000158 0.000936 
0.000386 0.000179 0.000145 0.001030 
0.000436 0.000210 0.000177 0.001200 
0.000370 0.000146 0.000127 0.001025 
0.000383 0.000136 0.000169 0.000971 
0.000392 0.000162 0.000167 0.000977 
0.000351 0.000100 0.000145 0.001064 
0.000378 0.000134 0.000163 0.001030 
0.000375 0.000125 0.000194 0.001022 
0.000424 0.000208 0.000124 0.001212 
0.000365 0.000129 0.000136 0.001071 
0.000414 0.000182 0.000165 0.001213 
0.000400 0.000144 0.000175 0.001194 
0.000399 0.000190 0.000152 0.001124 
0.000375 0.000129 0.000133 0.001090 
0.000385 0.000153 0.000158 0.001066 
0.000360 0.000138 0.000155 0.001067 
0.000385 0.000187 0.000142 0.001207 
0.000379 0.000154 0.000151 0.001111 
0.000402 0.000191 0.000138 0.001139 
0.000409 0.000176 0.000178 0.001245 
0.000376 0.000153 0.000142 0.001239 
0.000416 0.000159 0.000181 0.001228 
0.000474 0.000204 0.000201 0.001161 
0.000432 0.000163 0.000174 0.001096 
0.000463 0.000209 0.000179 0.001323 
0.000438 0.000193 0.000200 0.001163 
0.000437 0.000204 0.000166 0.001053 
0.000413 0.000185 0.000154 0.001234 
0.000430 0.000197 0.000163 0.001196 
0.000431 0.000178 0.000195 0.001057 
0.000432 0.000216 0.000155 0.001208 
0.000432 0.000184 0.000185 0.001207 
0.000417 0.000172 0.000161 0.001140 
0.000445 0.000183 0.000190 0.001152 
0.000424 0.000176 0.000151 0.001047 
0.000402 0.000191 0.000176 0.001241 
0.000408 0.000157 0.000196 0.001117 
0.000385 0.000140 0.000189 0.001088 
0.000399 0.000151 0.000173 0.001113 
0.000354 0.000128 0.000159 0.001092 
0.000424 0.000199 0.000188 0.001307 
0.000394 0.000142 0.000182 0.001163 
0.000397 0.000164 0.000174 0.001207 
0.000374 0.000155 0.000173 0.001051 
0.000380 0.000135 0.000171 0.001135 
0.000382 0.000138 0.000185 0.001125 
0.000365 0.000132 0.000168 0.001193 
0.000372 0.000177 0.000145 0.001178 
0.000378 0.000137 0.000173 0.000974 
0.000403 0.000157 0.000168 0.001061 
0.000381 0.000130 0.000175 0.000914 
0.000414 0.000157 0.000187 0.000994 
0.000382 0.000136 0.000183 0.000874 
0.000387 0.000137 0.000179 0.000997 
0.000386 0.000150 0.000176 0.001244 
0.000401 0.000166 0.000144 0.001001 
0.000402 0.000175 0.000149 0.001101 
0.000417 0.000171 0.000211 0.001188 
0.000400 0.000143 0.000183 0.000902 
0.000405 0.000154 0.000185 0.000965 
0.000379 0.000134 0.000184 0.000938 
0.000416 0.000167 0.000177 0.001129 
0.000452 0.000227 0.000134 0.001310 
0.000433 0.000219 0.000141 0.001365 
0.000418 0.000222 0.000108 0.001376 
0.000447 0.000217 0.000146 0.001326 
0.000435 0.000209 0.000112 0.001287 
0.000444 0.000250 0.000113 0.001279 
0.000421 0.000219 0.000083 0.001292 
0.000418 0.000186 0.000099 0.001290 
0.000413 0.000178 0.000134 0.001307 
0.000424 0.000231 0.000093 0.001283 
0.000436 0.000233 0.000114 0.001349 
0.000437 0.000218 0.000124 0.001357 
0.000442 0.000243 0.000104 0.001298 
