0.000505 0.000228 0.000228 0.001062 
0.000510 0.000205 0.000244 0.001010 
0.000533 0.000234 0.000229 0.001058 
0.000497 0.000229 0.000242 0.001134 
0.000511 0.000225 0.000234 0.001034 
0.000514 0.000253 0.000234 0.001179 
0.000550 0.000234 0.000285 0.001132 
0.000503 0.000184 0.000272 0.001024 
0.000522 0.000216 0.000252 0.001063 
0.000498 0.000217 0.000226 0.001040 
0.000511 0.000218 0.000243 0.001072 
0.000491 0.000217 0.000232 0.001085 
0.000519 0.000266 0.000237 0.001277 
0.000402 0.000166 0.000190 0.000857 
0.000436 0.000201 0.000182 0.000927 
0.000426 0.000164 0.000228 0.000867 
0.000430 0.000186 0.000201 0.000927 
0.000415 0.000166 0.000194 0.000847 
0.000407 0.000160 0.000202 0.000910 
0.000403 0.000159 0.000214 0.000858 
0.000389 0.000151 0.000195 0.000771 
0.000433 0.000184 0.000208 0.000903 
0.000401 0.000151 0.000212 0.000809 
0.000419 0.000160 0.000259 0.000924 
0.000395 0.000154 0.000204 0.000826 
0.000423 0.000182 0.000216 0.001086 
0.000478 0.000220 0.000171 0.000937 
0.000457 0.000211 0.000213 0.000981 
0.000475 0.000214 0.000192 0.001107 
0.000406 0.000186 0.000159 0.000804 
0.000410 0.000199 0.000125 0.000959 
0.000423 0.000211 0.000158 0.000952 
0.000460 0.000193 0.000221 0.001030 
0.000464 0.000204 0.000216 0.000961 
0.000452 0.000223 0.000166 0.000908 
0.000428 0.000180 0.000206 0.000856 
0.000466 0.000216 0.000171 0.000966 
0.000396 0.000120 0.000197 0.000708 
0.000426 0.000134 0.000240 0.000744 
0.000392 0.000137 0.000204 0.000701 
0.000439 0.000138 0.000260 0.000834 
0.000410 0.000113 0.000251 0.000674 
0.000397 0.000110 0.000254 0.000682 
0.000408 0.000116 0.000202 0.000717 
0.000391 0.000133 0.000217 0.000751 
0.000388 0.000114 0.000226 0.000744 
0.000384 0.000108 0.000213 0.000688 
0.000379 0.000126 0.000213 0.000842 
0.000374 0.000103 0.000215 0.000636 
0.000484 0.000165 0.000265 0.000881 
0.000474 0.000149 0.000280 0.000821 
0.000473 0.000159 0.000211 0.000824 
0.000466 0.000149 0.000241 0.000893 
0.000517 0.000165 0.000331 0.001027 
0.000484 0.000145 0.000268 0.000744 
0.000461 0.000127 0.000270 0.000833 
0.000496 0.000175 0.000273 0.000966 
0.000484 0.000166 0.000294 0.000995 
0.000476 0.000139 0.000276 0.000972 
0.000490 0.000159 0.000284 0.000872 
0.000390 0.000139 0.000192 0.000731 
0.000407 0.000157 0.000213 0.000816 
0.000413 0.000161 0.000219 0.000829 
0.000388 0.000133 0.000200 0.000824 
0.000396 0.000166 0.000171 0.000949 
0.000408 0.000161 0.000174 0.000833 
0.000381 0.000160 0.000165 0.000875 
0.000410 0.000172 0.000187 0.000791 
0.000371 0.000127 0.000212 0.000705 
0.000396 0.000170 0.000151 0.000823 
0.000404 0.000115 0.000237 0.000796 
0.000443 0.000106 0.000266 0.000667 
0.000423 0.000151 0.000228 0.000805 
0.000469 0.000141 0.000269 0.000952 
0.000435 0.000118 0.000227 0.000727 
0.000432 0.000139 0.000245 0.000883 
0.000478 0.000153 0.000279 0.000904 
0.000444 0.000132 0.000262 0.000905 
0.000415 0.000124 0.000228 0.000739 
0.000415 0.000101 0.000257 0.000740 
0.000430 0.000133 0.000239 0.000848 
0.000440 0.000129 0.000240 0.000811 
0.000441 0.000146 0.000266 0.000909 
0.000438 0.000134 0.000249 0.000865 
0.000450 0.000135 0.000230 0.000753 
0.000467 0.000152 0.000288 0.000816 
0.000470 0.000172 0.000239 0.000945 
0.000484 0.000158 0.000270 0.000946 
0.000504 0.000171 0.000279 0.001044 
0.000456 0.000165 0.000234 0.000768 
0.000470 0.000186 0.000258 0.001034 
0.000484 0.000180 0.000226 0.000918 
0.000513 0.000208 0.000229 0.000986 
0.000526 0.000225 0.000225 0.000987 
0.000496 0.000203 0.000238 0.000942 
0.000440 0.000190 0.000195 0.000874 
0.000463 0.000174 0.000243 0.000898 
0.000457 0.000156 0.000240 0.000933 
0.000440 0.000167 0.000228 0.000809 
0.000486 0.000201 0.000247 0.001158 
0.000385 0.000136 0.000221 0.000751 
0.000392 0.000136 0.000213 0.000820 
0.000439 0.000143 0.000237 0.000744 
0.000427 0.000138 0.000222 0.000771 
0.000375 0.000142 0.000194 0.000759 
0.000388 0.000151 0.000176 0.000834 
0.000408 0.000157 0.000171 0.000771 
0.000418 0.000172 0.000192 0.000795 
0.000370 0.000148 0.000180 0.000687 
0.000382 0.000139 0.000207 0.000830 
0.000404 0.000137 0.000216 0.000749 
0.000379 0.000118 0.000236 0.000742 
0.000405 0.000130 0.000202 0.000705 
0.000405 0.000153 0.000200 0.000747 
0.000404 0.000108 0.000222 0.000640 
0.000407 0.000106 0.000227 0.000661 
0.000374 0.000115 0.000181 0.000612 
0.000393 0.000110 0.000213 0.000610 
0.000410 0.000125 0.000218 0.000766 
0.000390 0.000127 0.000201 0.000627 
0.000360 0.000103 0.000188 0.000673 
0.000368 0.000115 0.000190 0.000596 
0.000399 0.000114 0.000203 0.000602 
0.000392 0.000113 0.000214 0.000662 
0.000399 0.000118 0.000218 0.000667 
0.000395 0.000110 0.000199 0.000644 
0.000373 0.000115 0.000159 0.000633 
0.000420 0.000164 0.000189 0.000770 
0.000451 0.000145 0.000255 0.000781 
0.000406 0.000145 0.000193 0.000693 
0.000413 0.000132 0.000205 0.000753 
0.000445 0.000182 0.000188 0.000873 
0.000420 0.000192 0.000137 0.000847 
0.000404 0.000156 0.000176 0.000746 
0.000429 0.000158 0.000173 0.000831 
0.000380 0.000152 0.000181 0.000792 
0.000430 0.000152 0.000204 0.000712 
0.000415 0.000160 0.000189 0.000833 
0.000466 0.000164 0.000249 0.000872 
0.000413 0.000113 0.000260 0.000674 
0.000387 0.000094 0.000242 0.000614 
0.000388 0.000105 0.000233 0.000638 
0.000412 0.000121 0.000259 0.000743 
0.000416 0.000148 0.000198 0.000719 
0.000328 0.000099 0.000182 0.000636 
0.000374 0.000098 0.000224 0.000610 
0.000375 0.000103 0.000237 0.000638 
0.000336 0.000100 0.000176 0.000669 
0.000380 0.000110 0.000239 0.000664 
0.000391 0.000105 0.000247 0.000655 
0.000383 0.000097 0.000244 0.000661 
0.000357 0.000077 0.000235 0.000605 
0.000451 0.000177 0.000219 0.000912 
0.000489 0.000225 0.000225 0.001121 
0.000456 0.000163 0.000219 0.000787 
0.000496 0.000195 0.000231 0.000997 
0.000435 0.000169 0.000182 0.000850 
0.000408 0.000141 0.000167 0.000704 
0.000443 0.000157 0.000206 0.000779 
0.000408 0.000134 0.000231 0.000698 
0.000410 0.000129 0.000211 0.000671 
0.000481 0.000145 0.000268 0.000795 
0.000433 0.000134 0.000238 0.000765 
0.000448 0.000156 0.000221 0.000817 
0.000413 0.000147 0.000192 0.000838 
0.000373 0.000114 0.000238 0.000739 
0.000372 0.000115 0.000223 0.000736 
0.000338 0.000094 0.000176 0.000552 
0.000353 0.000093 0.000217 0.000672 
0.000335 0.000089 0.000194 0.000682 
0.000353 0.000122 0.000193 0.000850 
0.000356 0.000118 0.000172 0.000603 
0.000347 0.000106 0.000217 0.000682 
0.000320 0.000095 0.000165 0.000611 
0.000340 0.000097 0.000216 0.000556 
0.000355 0.000071 0.000264 0.000566 
0.000372 0.000102 0.000238 0.000686 
0.000359 0.000114 0.000209 0.000659 
0.000375 0.000138 0.000199 0.000839 
0.000477 0.000148 0.000275 0.000989 
0.000468 0.000143 0.000247 0.000819 
0.000470 0.000170 0.000261 0.000828 
0.000464 0.000178 0.000222 0.000842 
0.000479 0.000160 0.000261 0.000947 
0.000454 0.000154 0.000230 0.000809 
0.000484 0.000165 0.000272 0.000921 
0.000504 0.000192 0.000264 0.000970 
0.000482 0.000167 0.000235 0.000896 
0.000435 0.000156 0.000220 0.000793 
0.000457 0.000145 0.000285 0.000789 
0.000475 0.000165 0.000274 0.000873 
0.000454 0.000154 0.000232 0.000913 
