0.000422 0.000041 0.000312 0.000560 
0.000430 0.000028 0.000317 0.000489 
0.000449 0.000044 0.000312 0.000610 
0.000424 0.000038 0.000321 0.000592 
0.000447 0.000042 0.000329 0.000580 
0.000418 0.000042 0.000321 0.000550 
0.000457 0.000048 0.000313 0.000583 
0.000445 0.000038 0.000311 0.000507 
0.000437 0.000036 0.000328 0.000583 
0.000412 0.000033 0.000321 0.000508 
0.000441 0.000036 0.000324 0.000566 
0.000427 0.000032 0.000345 0.000534 
0.000428 0.000056 0.000288 0.000540 
0.000347 0.000039 0.000250 0.000438 
0.000379 0.000042 0.000254 0.000461 
0.000363 0.000045 0.000273 0.000462 
0.000370 0.000038 0.000257 0.000456 
0.000363 0.000041 0.000247 0.000458 
0.000354 0.000044 0.000255 0.000455 
0.000367 0.000044 0.000271 0.000466 
0.000344 0.000053 0.000224 0.000455 
0.000350 0.000041 0.000229 0.000459 
0.000359 0.000045 0.000258 0.000450 
0.000352 0.000047 0.000242 0.000452 
0.000361 0.000044 0.000255 0.000458 
0.000371 0.000036 0.000262 0.000449 
0.000408 0.000037 0.000306 0.000528 
0.000404 0.000031 0.000320 0.000507 
0.000404 0.000029 0.000300 0.000483 
0.000362 0.000030 0.000283 0.000449 
0.000369 0.000034 0.000272 0.000450 
0.000371 0.000031 0.000289 0.000461 
0.000396 0.000034 0.000295 0.000524 
0.000407 0.000035 0.000311 0.000502 
0.000392 0.000034 0.000284 0.000468 
0.000393 0.000033 0.000298 0.000477 
0.000394 0.000037 0.000301 0.000530 
0.000420 0.000038 0.000319 0.000597 
0.000414 0.000036 0.000304 0.000483 
0.000408 0.000037 0.000310 0.000495 
0.000401 0.000039 0.000307 0.000475 
0.000402 0.000030 0.000317 0.000481 
0.000399 0.000036 0.000303 0.000466 
0.000401 0.000028 0.000312 0.000471 
0.000399 0.000040 0.000290 0.000498 
0.000391 0.000035 0.000314 0.000477 
0.000406 0.000038 0.000308 0.000487 
0.000385 0.000045 0.000291 0.000469 
0.000389 0.000035 0.000303 0.000465 
0.000390 0.000037 0.000306 0.000481 
0.000385 0.000038 0.000308 0.000474 
0.000399 0.000031 0.000290 0.000461 
0.000393 0.000039 0.000328 0.000500 
0.000412 0.000039 0.000309 0.000485 
0.000421 0.000030 0.000293 0.000479 
0.000389 0.000034 0.000315 0.000465 
0.000398 0.000041 0.000289 0.000479 
0.000398 0.000032 0.000312 0.000471 
0.000408 0.000032 0.000329 0.000477 
0.000404 0.000028 0.000303 0.000460 
0.000351 0.000043 0.000246 0.000464 
0.000348 0.000043 0.000242 0.000458 
0.000360 0.000047 0.000237 0.000566 
0.000349 0.000044 0.000247 0.000457 
0.000355 0.000042 0.000257 0.000482 
0.000361 0.000043 0.000246 0.000465 
0.000358 0.000054 0.000246 0.000541 
0.000351 0.000038 0.000243 0.000440 
0.000335 0.000048 0.000221 0.000445 
0.000347 0.000042 0.000232 0.000468 
0.000408 0.000044 0.000324 0.000494 
0.000422 0.000044 0.000332 0.000516 
0.000409 0.000033 0.000322 0.000479 
0.000423 0.000028 0.000364 0.000491 
0.000401 0.000026 0.000336 0.000467 
0.000391 0.000039 0.000305 0.000465 
0.000427 0.000033 0.000335 0.000490 
0.000417 0.000027 0.000336 0.000495 
0.000384 0.000035 0.000324 0.000474 
0.000404 0.000035 0.000315 0.000486 
0.000404 0.000031 0.000330 0.000473 
0.000416 0.000040 0.000335 0.000509 
0.000411 0.000030 0.000339 0.000478 
0.000404 0.000037 0.000321 0.000486 
0.000430 0.000032 0.000343 0.000516 
0.000414 0.000037 0.000312 0.000514 
0.000405 0.000037 0.000311 0.000479 
0.000407 0.000029 0.000319 0.000484 
0.000410 0.000038 0.000320 0.000482 
0.000399 0.000024 0.000324 0.000520 
0.000402 0.000039 0.000305 0.000473 
0.000392 0.000044 0.000307 0.000650 
0.000414 0.000033 0.000319 0.000499 
0.000413 0.000026 0.000309 0.000473 
0.000391 0.000027 0.000287 0.000449 
0.000375 0.000041 0.000235 0.000470 
0.000400 0.000031 0.000299 0.000461 
0.000390 0.000042 0.000286 0.000474 
0.000367 0.000029 0.000299 0.000448 
0.000406 0.000040 0.000298 0.000514 
0.000357 0.000053 0.000258 0.000511 
0.000370 0.000066 0.000252 0.000662 
0.000385 0.000040 0.000280 0.000486 
0.000411 0.000034 0.000344 0.000520 
0.000355 0.000058 0.000233 0.000490 
0.000367 0.000047 0.000262 0.000508 
0.000364 0.000050 0.000276 0.000496 
0.000390 0.000039 0.000295 0.000535 
0.000367 0.000043 0.000261 0.000478 
0.000365 0.000035 0.000303 0.000453 
0.000392 0.000040 0.000317 0.000495 
0.000377 0.000044 0.000299 0.000495 
0.000373 0.000059 0.000245 0.000521 
0.000390 0.000048 0.000309 0.000511 
0.000386 0.000044 0.000297 0.000459 
0.000409 0.000035 0.000321 0.000483 
0.000370 0.000039 0.000261 0.000427 
0.000384 0.000032 0.000304 0.000454 
0.000403 0.000032 0.000316 0.000459 
0.000371 0.000045 0.000282 0.000472 
0.000373 0.000038 0.000274 0.000433 
0.000405 0.000027 0.000311 0.000481 
0.000408 0.000024 0.000334 0.000492 
0.000407 0.000036 0.000335 0.000553 
0.000407 0.000026 0.000316 0.000499 
0.000390 0.000023 0.000328 0.000443 
0.000391 0.000040 0.000277 0.000476 
0.000391 0.000037 0.000299 0.000478 
0.000401 0.000040 0.000320 0.000510 
0.000374 0.000044 0.000257 0.000450 
0.000402 0.000047 0.000304 0.000516 
0.000394 0.000040 0.000304 0.000516 
0.000376 0.000042 0.000265 0.000513 
0.000376 0.000050 0.000274 0.000499 
0.000388 0.000048 0.000265 0.000480 
0.000363 0.000047 0.000261 0.000466 
0.000400 0.000033 0.000332 0.000494 
0.000390 0.000041 0.000293 0.000483 
0.000412 0.000031 0.000339 0.000522 
0.000420 0.000025 0.000346 0.000483 
0.000406 0.000027 0.000324 0.000486 
0.000404 0.000032 0.000294 0.000462 
0.000398 0.000025 0.000331 0.000459 
0.000394 0.000024 0.000318 0.000463 
0.000376 0.000041 0.000292 0.000474 
0.000389 0.000028 0.000318 0.000447 
0.000401 0.000032 0.000315 0.000462 
0.000365 0.000033 0.000309 0.000479 
0.000389 0.000034 0.000300 0.000464 
0.000402 0.000030 0.000335 0.000475 
0.000392 0.000031 0.000328 0.000458 
0.000407 0.000037 0.000329 0.000477 
0.000398 0.000032 0.000298 0.000464 
0.000414 0.000033 0.000320 0.000474 
0.000416 0.000033 0.000317 0.000490 
0.000430 0.000031 0.000347 0.000506 
0.000387 0.000031 0.000306 0.000483 
0.000399 0.000027 0.000307 0.000452 
0.000409 0.000029 0.000319 0.000463 
0.000396 0.000026 0.000305 0.000456 
0.000386 0.000028 0.000289 0.000465 
0.000399 0.000032 0.000307 0.000451 
0.000407 0.000028 0.000297 0.000488 
0.000394 0.000029 0.000315 0.000450 
0.000370 0.000025 0.000305 0.000439 
0.000351 0.000052 0.000254 0.000475 
0.000347 0.000050 0.000241 0.000475 
0.000358 0.000042 0.000259 0.000469 
0.000353 0.000051 0.000276 0.000483 
0.000341 0.000050 0.000259 0.000469 
0.000344 0.000051 0.000244 0.000467 
0.000341 0.000041 0.000240 0.000447 
0.000334 0.000052 0.000240 0.000473 
0.000343 0.000065 0.000226 0.000492 
0.000357 0.000048 0.000263 0.000480 
0.000346 0.000053 0.000257 0.000470 
0.000352 0.000048 0.000248 0.000461 
0.000337 0.000045 0.000220 0.000447 
0.000350 0.000056 0.000247 0.000472 
0.000390 0.000044 0.000309 0.000512 
0.000387 0.000041 0.000311 0.000514 
0.000391 0.000033 0.000298 0.000464 
0.000383 0.000046 0.000273 0.000473 
0.000395 0.000038 0.000327 0.000536 
0.000389 0.000037 0.000291 0.000473 
0.000400 0.000053 0.000312 0.000622 
0.000373 0.000057 0.000254 0.000513 
0.000404 0.000037 0.000313 0.000523 
0.000375 0.000038 0.000293 0.000490 
0.000379 0.000043 0.000278 0.000524 
0.000388 0.000047 0.000271 0.000492 
0.000383 0.000043 0.000302 0.000528 
