0.000290 0.000076 0.000158 0.000669 
0.000316 0.000084 0.000172 0.000654 
0.000271 0.000097 0.000107 0.000660 
0.000276 0.000097 0.000130 0.000678 
0.000308 0.000077 0.000132 0.000619 
0.000302 0.000079 0.000152 0.000681 
0.000294 0.000084 0.000158 0.000696 
0.000280 0.000085 0.000118 0.000649 
0.000287 0.000079 0.000165 0.000603 
0.000289 0.000086 0.000150 0.000646 
0.000287 0.000102 0.000125 0.000686 
0.000320 0.000087 0.000137 0.000716 
0.000264 0.000086 0.000110 0.000579 
0.000249 0.000077 0.000137 0.000531 
0.000256 0.000085 0.000142 0.000611 
0.000269 0.000081 0.000150 0.000576 
0.000276 0.000078 0.000157 0.000570 
0.000238 0.000080 0.000086 0.000502 
0.000253 0.000074 0.000137 0.000565 
0.000272 0.000071 0.000149 0.000599 
0.000243 0.000083 0.000115 0.000603 
0.000244 0.000079 0.000131 0.000531 
0.000257 0.000079 0.000136 0.000540 
0.000243 0.000088 0.000117 0.000580 
0.000232 0.000092 0.000063 0.000577 
0.000247 0.000084 0.000122 0.000534 
0.000262 0.000095 0.000066 0.000552 
0.000266 0.000095 0.000076 0.000654 
0.000250 0.000089 0.000020 0.000579 
0.000225 0.000108 0.000025 0.000630 
0.000230 0.000110 0.000013 0.000610 
0.000224 0.000112 0.000014 0.000571 
0.000263 0.000088 0.000124 0.000615 
0.000251 0.000098 0.000052 0.000550 
0.000276 0.000090 0.000140 0.000677 
0.000231 0.000101 -0.000004 0.000580 
0.000259 0.000078 0.000130 0.000512 
0.000292 0.000091 0.000147 0.000688 
0.000302 0.000082 0.000143 0.000602 
0.000288 0.000095 0.000132 0.000669 
0.000285 0.000090 0.000144 0.000573 
0.000310 0.000085 0.000167 0.000644 
0.000271 0.000094 0.000135 0.000592 
0.000305 0.000085 0.000136 0.000643 
0.000291 0.000098 0.000139 0.000652 
0.000295 0.000081 0.000166 0.000622 
0.000270 0.000093 0.000113 0.000576 
0.000301 0.000103 0.000155 0.000720 
0.000288 0.000101 0.000113 0.000643 
0.000299 0.000088 0.000152 0.000542 
0.000339 0.000083 0.000205 0.000637 
0.000310 0.000087 0.000168 0.000568 
0.000333 0.000092 0.000181 0.000653 
0.000330 0.000079 0.000200 0.000581 
0.000313 0.000080 0.000174 0.000631 
0.000305 0.000095 0.000121 0.000687 
0.000332 0.000082 0.000177 0.000597 
0.000321 0.000080 0.000184 0.000556 
0.000346 0.000075 0.000214 0.000620 
0.000333 0.000087 0.000186 0.000676 
0.000269 0.000088 0.000132 0.000568 
0.000281 0.000075 0.000153 0.000477 
0.000278 0.000082 0.000105 0.000676 
0.000283 0.000078 0.000156 0.000670 
0.000279 0.000075 0.000155 0.000589 
0.000277 0.000083 0.000142 0.000674 
0.000276 0.000079 0.000151 0.000570 
0.000285 0.000075 0.000166 0.000591 
0.000267 0.000067 0.000147 0.000519 
0.000281 0.000075 0.000166 0.000588 
0.000303 0.000087 0.000133 0.000611 
0.000315 0.000079 0.000164 0.000617 
0.000323 0.000088 0.000179 0.000659 
0.000311 0.000094 0.000135 0.000661 
0.000280 0.000101 0.000065 0.000613 
0.000298 0.000088 0.000120 0.000636 
0.000329 0.000090 0.000172 0.000661 
0.000329 0.000098 0.000164 0.000684 
0.000293 0.000085 0.000128 0.000647 
0.000327 0.000100 0.000139 0.000711 
0.000325 0.000090 0.000149 0.000738 
0.000329 0.000092 0.000183 0.000659 
0.000311 0.000085 0.000154 0.000614 
0.000313 0.000102 0.000145 0.000676 
0.000287 0.000094 0.000122 0.000643 
0.000309 0.000088 0.000145 0.000647 
0.000287 0.000112 0.000111 0.000717 
0.000291 0.000104 0.000108 0.000624 
0.000326 0.000089 0.000164 0.000649 
0.000304 0.000086 0.000175 0.000627 
0.000293 0.000100 0.000099 0.000701 
0.000276 0.000095 0.000097 0.000602 
0.000313 0.000089 0.000173 0.000660 
0.000314 0.000086 0.000179 0.000638 
0.000293 0.000085 0.000147 0.000681 
0.000312 0.000091 0.000152 0.000633 
0.000319 0.000086 0.000185 0.000692 
0.000276 0.000110 0.000101 0.000735 
0.000291 0.000097 0.000126 0.000675 
0.000296 0.000100 0.000130 0.000661 
0.000300 0.000092 0.000133 0.000807 
0.000311 0.000077 0.000172 0.000624 
0.000306 0.000081 0.000166 0.000646 
0.000304 0.000102 0.000107 0.000707 
0.000293 0.000114 0.000115 0.000813 
0.000291 0.000105 0.000129 0.000740 
0.000258 0.000102 0.000054 0.000542 
0.000296 0.000077 0.000157 0.000676 
0.000287 0.000073 0.000155 0.000615 
0.000314 0.000092 0.000147 0.000687 
0.000310 0.000080 0.000175 0.000682 
0.000308 0.000081 0.000153 0.000688 
0.000288 0.000084 0.000142 0.000613 
0.000315 0.000086 0.000179 0.000707 
0.000314 0.000074 0.000188 0.000547 
0.000264 0.000086 0.000133 0.000572 
0.000264 0.000101 0.000088 0.000717 
0.000276 0.000097 0.000104 0.000588 
0.000299 0.000081 0.000170 0.000630 
0.000265 0.000087 0.000109 0.000545 
0.000299 0.000079 0.000157 0.000644 
0.000306 0.000087 0.000169 0.000701 
0.000276 0.000087 0.000128 0.000586 
0.000278 0.000092 0.000078 0.000614 
0.000266 0.000084 0.000135 0.000585 
0.000290 0.000081 0.000126 0.000563 
0.000296 0.000078 0.000168 0.000610 
0.000289 0.000082 0.000162 0.000637 
0.000301 0.000065 0.000162 0.000492 
0.000249 0.000089 0.000121 0.000577 
0.000249 0.000091 0.000059 0.000525 
0.000265 0.000095 0.000121 0.000602 
0.000246 0.000099 0.000099 0.000693 
0.000268 0.000084 0.000117 0.000574 
0.000257 0.000090 0.000044 0.000627 
0.000254 0.000097 0.000095 0.000553 
0.000274 0.000085 0.000139 0.000601 
0.000250 0.000093 0.000103 0.000626 
0.000298 0.000084 0.000162 0.000628 
0.000326 0.000066 0.000215 0.000606 
0.000287 0.000081 0.000154 0.000613 
0.000291 0.000083 0.000151 0.000667 
0.000310 0.000078 0.000182 0.000625 
0.000294 0.000092 0.000140 0.000700 
0.000272 0.000077 0.000147 0.000572 
0.000298 0.000071 0.000185 0.000609 
0.000287 0.000083 0.000157 0.000616 
0.000256 0.000076 0.000137 0.000579 
0.000283 0.000086 0.000153 0.000626 
0.000299 0.000075 0.000171 0.000625 
0.000312 0.000076 0.000193 0.000641 
0.000288 0.000080 0.000155 0.000661 
0.000281 0.000093 0.000143 0.000588 
0.000316 0.000093 0.000166 0.000672 
0.000296 0.000087 0.000160 0.000613 
0.000303 0.000095 0.000142 0.000605 
0.000262 0.000091 0.000117 0.000563 
0.000298 0.000104 0.000153 0.000706 
0.000302 0.000090 0.000133 0.000650 
0.000300 0.000091 0.000143 0.000657 
0.000279 0.000083 0.000134 0.000610 
0.000289 0.000087 0.000135 0.000679 
0.000285 0.000078 0.000159 0.000564 
0.000288 0.000092 0.000144 0.000670 
0.000270 0.000089 0.000112 0.000656 
0.000274 0.000067 0.000160 0.000451 
0.000279 0.000068 0.000162 0.000484 
0.000291 0.000064 0.000169 0.000541 
0.000278 0.000064 0.000161 0.000442 
0.000281 0.000065 0.000157 0.000477 
0.000286 0.000067 0.000135 0.000500 
0.000292 0.000075 0.000153 0.000555 
0.000279 0.000063 0.000171 0.000471 
0.000254 0.000072 0.000122 0.000537 
0.000260 0.000060 0.000144 0.000440 
0.000270 0.000077 0.000124 0.000498 
0.000302 0.000064 0.000169 0.000507 
0.000260 0.000073 0.000135 0.000462 
0.000313 0.000064 0.000193 0.000543 
0.000360 0.000085 0.000193 0.000686 
0.000311 0.000101 0.000142 0.000717 
0.000326 0.000090 0.000152 0.000566 
0.000344 0.000097 0.000148 0.000743 
0.000348 0.000110 0.000165 0.000693 
0.000345 0.000111 0.000128 0.000846 
0.000342 0.000111 0.000147 0.000752 
0.000326 0.000104 0.000151 0.000633 
0.000341 0.000085 0.000172 0.000630 
0.000332 0.000113 0.000105 0.000796 
0.000345 0.000096 0.000171 0.000725 
0.000310 0.000106 0.000129 0.000668 
0.000320 0.000110 0.000121 0.000679 
