0.000379 0.000061 0.000274 0.000758 
0.000388 0.000052 0.000288 0.000727 
0.000375 0.000058 0.000266 0.000700 
0.000358 0.000059 0.000240 0.000706 
0.000370 0.000043 0.000289 0.000701 
0.000361 0.000054 0.000252 0.000745 
0.000379 0.000054 0.000261 0.000762 
0.000378 0.000060 0.000257 0.000738 
0.000391 0.000052 0.000294 0.000693 
0.000357 0.000052 0.000226 0.000724 
0.000377 0.000063 0.000280 0.000774 
0.000365 0.000058 0.000235 0.000738 
0.000367 0.000059 0.000254 0.000751 
0.000341 0.000074 0.000224 0.000887 
0.000348 0.000064 0.000251 0.000744 
0.000372 0.000070 0.000255 0.000847 
0.000371 0.000065 0.000273 0.000689 
0.000358 0.000067 0.000255 0.000739 
0.000359 0.000082 0.000246 0.000909 
0.000372 0.000069 0.000276 0.000877 
0.000351 0.000069 0.000236 0.000768 
0.000353 0.000074 0.000228 0.000824 
0.000361 0.000072 0.000236 0.000842 
0.000368 0.000079 0.000263 0.000880 
0.000371 0.000067 0.000239 0.000795 
0.000371 0.000083 0.000254 0.000801 
0.000364 0.000048 0.000256 0.000590 
0.000347 0.000046 0.000246 0.000635 
0.000365 0.000046 0.000258 0.000548 
0.000333 0.000053 0.000224 0.000568 
0.000334 0.000048 0.000228 0.000540 
0.000338 0.000050 0.000232 0.000583 
0.000354 0.000046 0.000265 0.000693 
0.000367 0.000050 0.000264 0.000584 
0.000337 0.000049 0.000233 0.000566 
0.000359 0.000050 0.000258 0.000531 
0.000356 0.000047 0.000255 0.000595 
0.000387 0.000056 0.000280 0.000737 
0.000399 0.000055 0.000275 0.000652 
0.000387 0.000057 0.000285 0.000742 
0.000393 0.000057 0.000267 0.000691 
0.000395 0.000055 0.000259 0.000718 
0.000351 0.000058 0.000235 0.000650 
0.000389 0.000051 0.000255 0.000711 
0.000373 0.000055 0.000249 0.000757 
0.000385 0.000053 0.000239 0.000667 
0.000379 0.000054 0.000279 0.000641 
0.000381 0.000057 0.000253 0.000773 
0.000384 0.000052 0.000262 0.000708 
0.000364 0.000052 0.000242 0.000757 
0.000370 0.000051 0.000214 0.000588 
0.000364 0.000060 0.000208 0.000950 
0.000378 0.000055 0.000272 0.000835 
0.000392 0.000054 0.000260 0.000731 
0.000376 0.000053 0.000237 0.000745 
0.000351 0.000053 0.000188 0.000612 
0.000366 0.000049 0.000242 0.000662 
0.000354 0.000048 0.000232 0.000708 
0.000379 0.000054 0.000250 0.000787 
0.000365 0.000055 0.000254 0.000970 
0.000339 0.000048 0.000210 0.000518 
0.000341 0.000054 0.000230 0.000566 
0.000375 0.000062 0.000263 0.000618 
0.000357 0.000053 0.000231 0.000624 
0.000320 0.000052 0.000187 0.000534 
0.000351 0.000056 0.000218 0.000601 
0.000356 0.000055 0.000259 0.000578 
0.000346 0.000052 0.000229 0.000563 
0.000327 0.000048 0.000227 0.000548 
0.000328 0.000055 0.000199 0.000616 
0.000379 0.000068 0.000264 0.000648 
0.000379 0.000049 0.000271 0.000528 
0.000373 0.000052 0.000254 0.000594 
0.000370 0.000059 0.000274 0.000611 
0.000374 0.000056 0.000252 0.000615 
0.000351 0.000057 0.000213 0.000592 
0.000382 0.000063 0.000274 0.000665 
0.000380 0.000057 0.000265 0.000665 
0.000384 0.000056 0.000262 0.000637 
0.000384 0.000049 0.000252 0.000579 
0.000379 0.000055 0.000274 0.000636 
0.000385 0.000057 0.000253 0.000617 
0.000359 0.000055 0.000261 0.000566 
0.000378 0.000055 0.000271 0.000599 
0.000386 0.000049 0.000259 0.000587 
0.000357 0.000052 0.000232 0.000544 
0.000365 0.000066 0.000206 0.000797 
0.000369 0.000064 0.000199 0.000690 
0.000371 0.000058 0.000236 0.000703 
0.000358 0.000056 0.000245 0.000701 
0.000363 0.000060 0.000218 0.000714 
0.000351 0.000062 0.000197 0.000801 
0.000373 0.000058 0.000209 0.000666 
0.000364 0.000065 0.000246 0.000727 
0.000361 0.000057 0.000177 0.000806 
0.000361 0.000054 0.000230 0.000760 
0.000356 0.000059 0.000230 0.000801 
0.000356 0.000063 0.000203 0.000787 
0.000349 0.000062 0.000222 0.000652 
0.000370 0.000064 0.000223 0.000673 
0.000408 0.000099 0.000219 0.000789 
0.000409 0.000098 0.000226 0.000828 
0.000390 0.000080 0.000175 0.000680 
0.000395 0.000094 0.000223 0.000822 
0.000391 0.000079 0.000247 0.000700 
0.000403 0.000086 0.000236 0.000737 
0.000406 0.000085 0.000202 0.000707 
0.000381 0.000074 0.000234 0.000804 
0.000388 0.000073 0.000226 0.000689 
0.000395 0.000089 0.000255 0.000798 
0.000413 0.000101 0.000241 0.000855 
0.000397 0.000077 0.000245 0.000766 
0.000408 0.000082 0.000228 0.000670 
0.000424 0.000090 0.000261 0.000791 
0.000469 0.000065 0.000315 0.000809 
0.000427 0.000053 0.000313 0.000688 
0.000423 0.000066 0.000296 0.000832 
0.000424 0.000073 0.000291 0.000917 
0.000435 0.000055 0.000325 0.000809 
0.000425 0.000083 0.000268 0.001011 
0.000420 0.000074 0.000310 0.000821 
0.000418 0.000059 0.000262 0.000763 
0.000445 0.000076 0.000323 0.000859 
0.000418 0.000060 0.000291 0.000785 
0.000460 0.000069 0.000324 0.000769 
0.000419 0.000072 0.000279 0.000893 
0.000420 0.000072 0.000289 0.000881 
0.000476 0.000060 0.000358 0.000778 
0.000482 0.000061 0.000369 0.000916 
0.000512 0.000083 0.000380 0.000852 
0.000511 0.000077 0.000366 0.000909 
0.000469 0.000070 0.000364 0.000755 
0.000482 0.000080 0.000343 0.000790 
0.000499 0.000081 0.000316 0.000859 
0.000450 0.000056 0.000361 0.000921 
0.000498 0.000070 0.000373 0.000830 
0.000524 0.000092 0.000376 0.000878 
0.000503 0.000075 0.000369 0.000843 
0.000521 0.000075 0.000395 0.000839 
0.000419 0.000082 0.000267 0.000911 
0.000409 0.000071 0.000279 0.000819 
0.000396 0.000068 0.000256 0.000759 
0.000379 0.000062 0.000244 0.000733 
0.000396 0.000053 0.000276 0.000690 
0.000374 0.000045 0.000267 0.000626 
0.000385 0.000060 0.000275 0.000824 
0.000386 0.000062 0.000258 0.000810 
0.000348 0.000056 0.000227 0.000773 
0.000365 0.000060 0.000243 0.000705 
0.000412 0.000061 0.000292 0.000722 
0.000385 0.000060 0.000259 0.000765 
0.000412 0.000065 0.000298 0.001159 
0.000359 0.000043 0.000259 0.000492 
0.000330 0.000046 0.000227 0.000468 
0.000342 0.000045 0.000241 0.000514 
0.000316 0.000047 0.000196 0.000475 
0.000319 0.000049 0.000196 0.000471 
0.000355 0.000042 0.000243 0.000479 
0.000349 0.000042 0.000241 0.000461 
0.000338 0.000045 0.000232 0.000452 
0.000339 0.000052 0.000208 0.000509 
0.000356 0.000039 0.000272 0.000481 
0.000353 0.000041 0.000253 0.000464 
0.000326 0.000044 0.000221 0.000486 
0.000326 0.000044 0.000203 0.000460 
0.000333 0.000053 0.000199 0.000592 
0.000330 0.000052 0.000227 0.000614 
0.000305 0.000048 0.000188 0.000521 
0.000323 0.000045 0.000209 0.000520 
0.000310 0.000052 0.000188 0.000558 
0.000305 0.000052 0.000192 0.000626 
0.000313 0.000054 0.000200 0.000594 
0.000305 0.000052 0.000193 0.000643 
0.000337 0.000054 0.000230 0.000638 
0.000323 0.000049 0.000223 0.000629 
0.000330 0.000053 0.000202 0.000568 
0.000317 0.000054 0.000216 0.000735 
0.000311 0.000053 0.000204 0.000615 
0.000337 0.000049 0.000249 0.000601 
0.000370 0.000054 0.000276 0.000761 
0.000411 0.000063 0.000262 0.000755 
0.000372 0.000060 0.000240 0.000906 
0.000384 0.000063 0.000259 0.000806 
0.000390 0.000074 0.000234 0.001262 
0.000384 0.000059 0.000276 0.000756 
0.000400 0.000063 0.000291 0.000790 
0.000381 0.000055 0.000247 0.000707 
0.000402 0.000060 0.000275 0.000711 
0.000352 0.000057 0.000231 0.000671 
0.000410 0.000066 0.000275 0.000712 
0.000421 0.000063 0.000313 0.000725 
0.000400 0.000059 0.000280 0.000836 
