0.000487 0.000057 0.000339 0.000626 
0.000479 0.000054 0.000338 0.000610 
0.000470 0.000057 0.000338 0.000620 
0.000466 0.000055 0.000333 0.000608 
0.000481 0.000062 0.000324 0.000626 
0.000479 0.000059 0.000320 0.000614 
0.000482 0.000054 0.000326 0.000609 
0.000500 0.000059 0.000344 0.000643 
0.000491 0.000052 0.000355 0.000621 
0.000481 0.000059 0.000333 0.000628 
0.000472 0.000053 0.000337 0.000613 
0.000482 0.000056 0.000333 0.000609 
0.000480 0.000055 0.000328 0.000611 
0.000421 0.000057 0.000242 0.000636 
0.000436 0.000058 0.000285 0.000636 
0.000445 0.000054 0.000303 0.000624 
0.000454 0.000060 0.000284 0.000616 
0.000448 0.000059 0.000260 0.000636 
0.000440 0.000061 0.000274 0.000606 
0.000446 0.000060 0.000277 0.000638 
0.000440 0.000063 0.000259 0.000601 
0.000444 0.000059 0.000295 0.000611 
0.000447 0.000061 0.000271 0.000629 
0.000427 0.000057 0.000244 0.000622 
0.000431 0.000055 0.000272 0.000645 
0.000446 0.000053 0.000312 0.000625 
0.000517 0.000064 0.000377 0.000671 
0.000487 0.000061 0.000316 0.000627 
0.000510 0.000067 0.000346 0.000655 
0.000465 0.000064 0.000340 0.000609 
0.000478 0.000060 0.000331 0.000627 
0.000464 0.000055 0.000333 0.000615 
0.000493 0.000065 0.000347 0.000644 
0.000498 0.000055 0.000363 0.000618 
0.000487 0.000072 0.000329 0.000651 
0.000479 0.000061 0.000349 0.000607 
0.000512 0.000067 0.000341 0.000660 
0.000519 0.000064 0.000339 0.000670 
0.000530 0.000063 0.000347 0.000673 
0.000513 0.000069 0.000300 0.000688 
0.000505 0.000056 0.000349 0.000641 
0.000514 0.000059 0.000342 0.000651 
0.000500 0.000069 0.000300 0.000642 
0.000520 0.000067 0.000328 0.000665 
0.000516 0.000068 0.000327 0.000671 
0.000512 0.000061 0.000335 0.000671 
0.000516 0.000060 0.000331 0.000646 
0.000502 0.000064 0.000336 0.000649 
0.000519 0.000063 0.000349 0.000670 
0.000487 0.000053 0.000347 0.000630 
0.000489 0.000041 0.000359 0.000622 
0.000484 0.000049 0.000338 0.000671 
0.000511 0.000040 0.000359 0.000691 
0.000501 0.000044 0.000372 0.000633 
0.000504 0.000055 0.000331 0.000624 
0.000491 0.000041 0.000379 0.000679 
0.000496 0.000046 0.000352 0.000631 
0.000492 0.000048 0.000357 0.000633 
0.000501 0.000052 0.000349 0.000633 
0.000486 0.000054 0.000332 0.000618 
0.000492 0.000068 0.000308 0.000640 
0.000469 0.000061 0.000287 0.000593 
0.000487 0.000059 0.000319 0.000633 
0.000493 0.000073 0.000303 0.000646 
0.000455 0.000068 0.000266 0.000595 
0.000479 0.000069 0.000312 0.000625 
0.000483 0.000061 0.000309 0.000611 
0.000467 0.000066 0.000297 0.000638 
0.000468 0.000074 0.000279 0.000633 
0.000467 0.000066 0.000287 0.000623 
0.000505 0.000047 0.000352 0.000611 
0.000513 0.000054 0.000332 0.000627 
0.000505 0.000053 0.000362 0.000647 
0.000502 0.000049 0.000339 0.000611 
0.000486 0.000045 0.000329 0.000621 
0.000510 0.000051 0.000351 0.000644 
0.000522 0.000052 0.000341 0.000647 
0.000504 0.000054 0.000346 0.000620 
0.000500 0.000049 0.000327 0.000615 
0.000527 0.000053 0.000353 0.000639 
0.000502 0.000054 0.000332 0.000621 
0.000522 0.000055 0.000343 0.000669 
0.000511 0.000048 0.000359 0.000630 
0.000498 0.000054 0.000330 0.000623 
0.000518 0.000049 0.000378 0.000628 
0.000503 0.000060 0.000326 0.000620 
0.000510 0.000053 0.000320 0.000633 
0.000485 0.000042 0.000365 0.000626 
0.000507 0.000059 0.000338 0.000661 
0.000522 0.000062 0.000343 0.000669 
0.000491 0.000050 0.000349 0.000690 
0.000494 0.000059 0.000313 0.000646 
0.000499 0.000053 0.000326 0.000646 
0.000478 0.000064 0.000334 0.000638 
0.000498 0.000062 0.000344 0.000684 
0.000517 0.000072 0.000311 0.000713 
0.000508 0.000058 0.000295 0.000655 
0.000480 0.000053 0.000298 0.000668 
0.000472 0.000056 0.000336 0.000663 
0.000457 0.000050 0.000325 0.000652 
0.000485 0.000047 0.000338 0.000620 
0.000489 0.000049 0.000335 0.000632 
0.000505 0.000059 0.000323 0.000610 
0.000483 0.000052 0.000316 0.000612 
0.000469 0.000048 0.000334 0.000594 
0.000473 0.000052 0.000327 0.000605 
0.000448 0.000048 0.000340 0.000620 
0.000476 0.000051 0.000326 0.000595 
0.000483 0.000053 0.000310 0.000599 
0.000469 0.000048 0.000320 0.000620 
0.000501 0.000045 0.000360 0.000647 
0.000479 0.000046 0.000345 0.000619 
0.000501 0.000044 0.000383 0.000633 
0.000480 0.000046 0.000352 0.000618 
0.000517 0.000056 0.000317 0.000648 
0.000482 0.000058 0.000309 0.000623 
0.000462 0.000049 0.000299 0.000614 
0.000481 0.000045 0.000311 0.000613 
0.000504 0.000056 0.000300 0.000615 
0.000459 0.000049 0.000287 0.000615 
0.000488 0.000053 0.000274 0.000633 
0.000464 0.000049 0.000315 0.000623 
0.000519 0.000056 0.000301 0.000637 
0.000467 0.000045 0.000283 0.000624 
0.000463 0.000050 0.000299 0.000615 
0.000472 0.000052 0.000268 0.000621 
0.000496 0.000054 0.000295 0.000615 
0.000527 0.000063 0.000317 0.000735 
0.000528 0.000061 0.000301 0.000705 
0.000497 0.000052 0.000348 0.000673 
0.000521 0.000045 0.000345 0.000718 
0.000506 0.000061 0.000320 0.000747 
0.000503 0.000062 0.000311 0.000719 
0.000516 0.000066 0.000288 0.000716 
0.000537 0.000061 0.000356 0.000712 
0.000505 0.000053 0.000343 0.000672 
0.000521 0.000056 0.000364 0.000702 
0.000518 0.000059 0.000351 0.000719 
0.000536 0.000062 0.000358 0.000824 
0.000513 0.000045 0.000315 0.000638 
0.000464 0.000034 0.000327 0.000601 
0.000477 0.000044 0.000302 0.000629 
0.000499 0.000051 0.000333 0.000650 
0.000470 0.000051 0.000295 0.000590 
0.000486 0.000057 0.000289 0.000619 
0.000507 0.000056 0.000290 0.000614 
0.000499 0.000047 0.000327 0.000624 
0.000456 0.000055 0.000303 0.000615 
0.000488 0.000048 0.000341 0.000669 
0.000504 0.000044 0.000317 0.000622 
0.000507 0.000049 0.000354 0.000642 
0.000507 0.000048 0.000334 0.000604 
0.000531 0.000058 0.000335 0.000700 
0.000528 0.000055 0.000343 0.000699 
0.000530 0.000053 0.000335 0.000678 
0.000540 0.000054 0.000360 0.000775 
0.000524 0.000055 0.000320 0.000691 
0.000532 0.000052 0.000333 0.000671 
0.000536 0.000055 0.000326 0.000669 
0.000538 0.000057 0.000327 0.000717 
0.000532 0.000056 0.000296 0.000657 
0.000536 0.000052 0.000325 0.000679 
0.000531 0.000057 0.000344 0.000700 
0.000523 0.000057 0.000338 0.000705 
0.000519 0.000055 0.000313 0.000708 
0.000499 0.000060 0.000332 0.000621 
0.000515 0.000049 0.000357 0.000635 
0.000493 0.000065 0.000284 0.000650 
0.000513 0.000062 0.000286 0.000662 
0.000490 0.000058 0.000323 0.000627 
0.000478 0.000069 0.000308 0.000627 
0.000476 0.000058 0.000301 0.000611 
0.000485 0.000062 0.000292 0.000605 
0.000495 0.000054 0.000334 0.000627 
0.000511 0.000065 0.000329 0.000658 
0.000485 0.000064 0.000317 0.000614 
0.000511 0.000063 0.000332 0.000648 
0.000476 0.000061 0.000322 0.000631 
0.000492 0.000062 0.000272 0.000648 
0.000555 0.000038 0.000361 0.000710 
0.000523 0.000042 0.000323 0.000634 
0.000517 0.000046 0.000323 0.000630 
0.000534 0.000046 0.000328 0.000646 
0.000526 0.000047 0.000353 0.000640 
0.000503 0.000049 0.000330 0.000617 
0.000543 0.000052 0.000366 0.000674 
0.000525 0.000044 0.000346 0.000624 
0.000543 0.000040 0.000327 0.000674 
0.000521 0.000046 0.000328 0.000610 
0.000548 0.000044 0.000333 0.000676 
0.000531 0.000038 0.000358 0.000637 
0.000519 0.000038 0.000344 0.000639 
