0.000380 0.000062 0.000258 0.000659 
0.000405 0.000059 0.000273 0.000683 
0.000401 0.000053 0.000288 0.000748 
0.000376 0.000058 0.000226 0.000746 
0.000389 0.000065 0.000259 0.000723 
0.000375 0.000055 0.000247 0.000744 
0.000390 0.000058 0.000245 0.000799 
0.000401 0.000053 0.000276 0.000689 
0.000404 0.000062 0.000260 0.000724 
0.000400 0.000060 0.000277 0.000692 
0.000400 0.000055 0.000278 0.000758 
0.000405 0.000051 0.000287 0.000667 
0.000379 0.000060 0.000250 0.000695 
0.000338 0.000065 0.000180 0.000827 
0.000354 0.000081 0.000171 0.001068 
0.000360 0.000058 0.000215 0.000869 
0.000353 0.000060 0.000205 0.000785 
0.000352 0.000071 0.000220 0.001090 
0.000346 0.000068 0.000211 0.000761 
0.000321 0.000064 0.000125 0.000748 
0.000336 0.000060 0.000179 0.000855 
0.000361 0.000068 0.000183 0.000812 
0.000347 0.000064 0.000215 0.001156 
0.000335 0.000069 0.000195 0.000942 
0.000352 0.000069 0.000186 0.000828 
0.000359 0.000062 0.000206 0.000847 
0.000400 0.000066 0.000282 0.000894 
0.000371 0.000070 0.000187 0.000790 
0.000375 0.000062 0.000239 0.000813 
0.000348 0.000065 0.000199 0.000842 
0.000350 0.000065 0.000223 0.000804 
0.000362 0.000066 0.000227 0.000773 
0.000356 0.000070 0.000235 0.000930 
0.000385 0.000064 0.000270 0.000796 
0.000354 0.000072 0.000257 0.000927 
0.000355 0.000070 0.000227 0.000898 
0.000391 0.000064 0.000266 0.000828 
0.000390 0.000055 0.000250 0.000649 
0.000380 0.000053 0.000285 0.000648 
0.000385 0.000059 0.000263 0.000744 
0.000385 0.000053 0.000266 0.000710 
0.000380 0.000057 0.000267 0.000715 
0.000391 0.000052 0.000262 0.000635 
0.000380 0.000056 0.000266 0.000742 
0.000394 0.000050 0.000267 0.000637 
0.000390 0.000057 0.000280 0.000739 
0.000410 0.000055 0.000304 0.000724 
0.000385 0.000051 0.000276 0.000641 
0.000397 0.000055 0.000281 0.000692 
0.000429 0.000087 0.000288 0.000975 
0.000427 0.000090 0.000281 0.000823 
0.000405 0.000088 0.000273 0.001124 
0.000464 0.000084 0.000312 0.000937 
0.000436 0.000097 0.000303 0.001157 
0.000435 0.000106 0.000302 0.001044 
0.000418 0.000100 0.000273 0.001107 
0.000431 0.000109 0.000277 0.001131 
0.000440 0.000115 0.000271 0.001140 
0.000433 0.000099 0.000268 0.001203 
0.000406 0.000091 0.000243 0.001048 
0.000349 0.000058 0.000227 0.000596 
0.000328 0.000055 0.000205 0.000515 
0.000340 0.000056 0.000216 0.000616 
0.000341 0.000057 0.000240 0.000596 
0.000333 0.000059 0.000220 0.000568 
0.000339 0.000062 0.000187 0.000599 
0.000349 0.000060 0.000235 0.000563 
0.000328 0.000054 0.000199 0.000517 
0.000329 0.000058 0.000184 0.000517 
0.000332 0.000057 0.000227 0.000517 
0.000394 0.000071 0.000241 0.000859 
0.000382 0.000079 0.000207 0.000809 
0.000378 0.000075 0.000222 0.000829 
0.000363 0.000067 0.000211 0.000854 
0.000360 0.000069 0.000178 0.000896 
0.000357 0.000080 0.000208 0.000957 
0.000386 0.000079 0.000225 0.000960 
0.000382 0.000075 0.000214 0.001014 
0.000385 0.000073 0.000257 0.000813 
0.000391 0.000086 0.000217 0.000914 
0.000379 0.000074 0.000247 0.000812 
0.000400 0.000076 0.000251 0.000751 
0.000388 0.000073 0.000240 0.000915 
0.000402 0.000075 0.000240 0.001035 
0.000390 0.000073 0.000183 0.000830 
0.000382 0.000072 0.000206 0.000829 
0.000377 0.000066 0.000211 0.000681 
0.000372 0.000060 0.000245 0.000667 
0.000370 0.000059 0.000229 0.000726 
0.000374 0.000060 0.000199 0.000691 
0.000378 0.000064 0.000245 0.000774 
0.000371 0.000069 0.000236 0.000774 
0.000377 0.000055 0.000268 0.000668 
0.000367 0.000057 0.000222 0.000756 
0.000391 0.000067 0.000238 0.000656 
0.000393 0.000068 0.000227 0.000638 
0.000372 0.000065 0.000183 0.000673 
0.000372 0.000068 0.000249 0.000769 
0.000363 0.000060 0.000227 0.000742 
0.000356 0.000059 0.000208 0.000723 
0.000391 0.000066 0.000217 0.000934 
0.000383 0.000067 0.000174 0.000792 
0.000406 0.000069 0.000171 0.000829 
0.000390 0.000069 0.000251 0.000919 
0.000425 0.000068 0.000286 0.000957 
0.000399 0.000066 0.000231 0.000850 
0.000415 0.000072 0.000218 0.000959 
0.000381 0.000065 0.000199 0.000750 
0.000390 0.000073 0.000205 0.000821 
0.000381 0.000062 0.000197 0.000723 
0.000398 0.000078 0.000200 0.001101 
0.000403 0.000068 0.000230 0.000874 
0.000402 0.000060 0.000244 0.000720 
0.000391 0.000071 0.000220 0.000700 
0.000406 0.000072 0.000217 0.000703 
0.000399 0.000068 0.000235 0.000762 
0.000397 0.000073 0.000225 0.000771 
0.000403 0.000082 0.000223 0.000816 
0.000402 0.000064 0.000258 0.000681 
0.000407 0.000072 0.000206 0.000713 
0.000400 0.000077 0.000192 0.000746 
0.000398 0.000085 0.000221 0.000831 
0.000393 0.000068 0.000261 0.000770 
0.000401 0.000069 0.000260 0.000694 
0.000404 0.000077 0.000285 0.000864 
0.000400 0.000078 0.000207 0.000734 
0.000396 0.000071 0.000234 0.000756 
0.000528 0.000069 0.000391 0.000835 
0.000507 0.000097 0.000349 0.001074 
0.000520 0.000080 0.000393 0.000913 
0.000507 0.000072 0.000388 0.001003 
0.000526 0.000070 0.000397 0.000925 
0.000504 0.000066 0.000386 0.000830 
0.000495 0.000092 0.000369 0.001073 
0.000540 0.000084 0.000403 0.001059 
0.000551 0.000107 0.000399 0.001055 
0.000521 0.000071 0.000361 0.000878 
0.000512 0.000087 0.000381 0.001014 
0.000504 0.000068 0.000371 0.000887 
0.000466 0.000106 0.000308 0.001263 
0.000465 0.000105 0.000276 0.001173 
0.000490 0.000109 0.000279 0.001100 
0.000483 0.000115 0.000298 0.001336 
0.000490 0.000103 0.000313 0.001195 
0.000463 0.000120 0.000258 0.001086 
0.000478 0.000109 0.000290 0.000934 
0.000499 0.000102 0.000325 0.001101 
0.000446 0.000104 0.000270 0.001193 
0.000476 0.000112 0.000281 0.001086 
0.000485 0.000106 0.000279 0.001188 
0.000477 0.000100 0.000286 0.001067 
0.000488 0.000103 0.000297 0.001114 
0.000347 0.000055 0.000239 0.000568 
0.000342 0.000057 0.000216 0.000628 
0.000350 0.000059 0.000196 0.000636 
0.000357 0.000061 0.000243 0.000605 
0.000332 0.000061 0.000207 0.000690 
0.000375 0.000059 0.000246 0.000611 
0.000353 0.000055 0.000226 0.000562 
0.000355 0.000059 0.000201 0.000602 
0.000349 0.000056 0.000186 0.000534 
0.000362 0.000059 0.000261 0.000558 
0.000372 0.000058 0.000246 0.000597 
0.000345 0.000054 0.000228 0.000619 
0.000337 0.000057 0.000166 0.000538 
0.000359 0.000066 0.000226 0.000654 
0.000368 0.000073 0.000243 0.000851 
0.000341 0.000079 0.000221 0.000913 
0.000358 0.000067 0.000222 0.000736 
0.000344 0.000070 0.000180 0.000726 
0.000345 0.000065 0.000205 0.000675 
0.000350 0.000074 0.000235 0.000648 
0.000337 0.000064 0.000190 0.000620 
0.000376 0.000078 0.000236 0.000811 
0.000360 0.000064 0.000204 0.000698 
0.000369 0.000071 0.000257 0.000971 
0.000350 0.000080 0.000213 0.000945 
0.000350 0.000075 0.000233 0.000820 
0.000365 0.000072 0.000224 0.000810 
0.000413 0.000076 0.000262 0.000762 
0.000401 0.000066 0.000278 0.000820 
0.000420 0.000070 0.000271 0.000744 
0.000404 0.000061 0.000274 0.000688 
0.000418 0.000071 0.000281 0.000687 
0.000394 0.000070 0.000236 0.000762 
0.000414 0.000080 0.000257 0.000819 
0.000402 0.000071 0.000229 0.000743 
0.000401 0.000077 0.000237 0.000779 
0.000413 0.000079 0.000256 0.000764 
0.000413 0.000078 0.000242 0.000713 
0.000394 0.000062 0.000225 0.000685 
0.000410 0.000076 0.000246 0.000837 
