0.000517 0.000058 0.000343 0.000679 
0.000516 0.000056 0.000348 0.000673 
0.000513 0.000058 0.000333 0.000658 
0.000518 0.000059 0.000327 0.000673 
0.000502 0.000052 0.000338 0.000664 
0.000508 0.000059 0.000323 0.000681 
0.000517 0.000055 0.000347 0.000675 
0.000532 0.000059 0.000352 0.000686 
0.000500 0.000053 0.000317 0.000644 
0.000530 0.000057 0.000319 0.000692 
0.000529 0.000060 0.000314 0.000680 
0.000511 0.000057 0.000322 0.000677 
0.000513 0.000055 0.000324 0.000665 
0.000455 0.000058 0.000259 0.000614 
0.000475 0.000059 0.000302 0.000634 
0.000472 0.000053 0.000306 0.000613 
0.000479 0.000052 0.000298 0.000610 
0.000477 0.000058 0.000297 0.000616 
0.000456 0.000055 0.000283 0.000586 
0.000470 0.000058 0.000282 0.000627 
0.000463 0.000055 0.000295 0.000594 
0.000469 0.000060 0.000296 0.000619 
0.000473 0.000057 0.000306 0.000613 
0.000461 0.000050 0.000296 0.000579 
0.000471 0.000050 0.000296 0.000600 
0.000479 0.000052 0.000308 0.000616 
0.000515 0.000050 0.000364 0.000620 
0.000491 0.000050 0.000362 0.000594 
0.000511 0.000047 0.000378 0.000628 
0.000486 0.000053 0.000340 0.000600 
0.000499 0.000057 0.000350 0.000624 
0.000494 0.000053 0.000351 0.000605 
0.000499 0.000052 0.000352 0.000622 
0.000506 0.000052 0.000322 0.000624 
0.000490 0.000053 0.000325 0.000625 
0.000507 0.000050 0.000340 0.000628 
0.000494 0.000042 0.000356 0.000610 
0.000525 0.000059 0.000338 0.000666 
0.000527 0.000057 0.000342 0.000665 
0.000530 0.000061 0.000346 0.000661 
0.000543 0.000061 0.000327 0.000688 
0.000526 0.000061 0.000332 0.000672 
0.000501 0.000056 0.000331 0.000634 
0.000513 0.000058 0.000332 0.000646 
0.000525 0.000058 0.000345 0.000657 
0.000522 0.000059 0.000308 0.000648 
0.000537 0.000062 0.000337 0.000661 
0.000527 0.000061 0.000313 0.000679 
0.000539 0.000063 0.000331 0.000692 
0.000522 0.000058 0.000339 0.000659 
0.000519 0.000057 0.000332 0.000653 
0.000516 0.000060 0.000346 0.000652 
0.000527 0.000061 0.000357 0.000664 
0.000523 0.000055 0.000366 0.000642 
0.000520 0.000054 0.000376 0.000643 
0.000535 0.000058 0.000343 0.000679 
0.000535 0.000059 0.000357 0.000666 
0.000517 0.000058 0.000339 0.000662 
0.000525 0.000058 0.000351 0.000655 
0.000518 0.000061 0.000348 0.000639 
0.000501 0.000065 0.000330 0.000649 
0.000486 0.000065 0.000319 0.000633 
0.000501 0.000064 0.000324 0.000636 
0.000490 0.000065 0.000327 0.000643 
0.000491 0.000071 0.000295 0.000660 
0.000498 0.000064 0.000339 0.000641 
0.000500 0.000068 0.000337 0.000654 
0.000490 0.000061 0.000321 0.000638 
0.000468 0.000059 0.000319 0.000606 
0.000481 0.000059 0.000309 0.000634 
0.000535 0.000054 0.000320 0.000672 
0.000526 0.000052 0.000314 0.000641 
0.000544 0.000058 0.000329 0.000711 
0.000532 0.000054 0.000315 0.000686 
0.000544 0.000059 0.000322 0.000685 
0.000542 0.000060 0.000320 0.000691 
0.000560 0.000053 0.000345 0.000700 
0.000554 0.000059 0.000325 0.000687 
0.000534 0.000058 0.000323 0.000678 
0.000558 0.000053 0.000333 0.000690 
0.000530 0.000052 0.000310 0.000653 
0.000552 0.000058 0.000333 0.000696 
0.000542 0.000063 0.000306 0.000690 
0.000538 0.000048 0.000326 0.000658 
0.000547 0.000048 0.000339 0.000652 
0.000536 0.000055 0.000322 0.000683 
0.000533 0.000051 0.000379 0.000672 
0.000552 0.000066 0.000344 0.000693 
0.000544 0.000058 0.000360 0.000680 
0.000524 0.000055 0.000358 0.000654 
0.000548 0.000063 0.000325 0.000701 
0.000545 0.000060 0.000354 0.000690 
0.000540 0.000059 0.000349 0.000685 
0.000544 0.000064 0.000322 0.000696 
0.000544 0.000055 0.000364 0.000693 
0.000513 0.000056 0.000371 0.000683 
0.000518 0.000059 0.000337 0.000677 
0.000549 0.000061 0.000375 0.000694 
0.000545 0.000065 0.000339 0.000696 
0.000562 0.000065 0.000345 0.000714 
0.000510 0.000056 0.000327 0.000643 
0.000503 0.000059 0.000339 0.000631 
0.000517 0.000056 0.000356 0.000670 
0.000541 0.000074 0.000309 0.000713 
0.000516 0.000051 0.000326 0.000649 
0.000500 0.000057 0.000319 0.000639 
0.000507 0.000058 0.000315 0.000642 
0.000511 0.000063 0.000326 0.000653 
0.000507 0.000055 0.000325 0.000638 
0.000513 0.000059 0.000347 0.000645 
0.000514 0.000054 0.000331 0.000656 
0.000504 0.000057 0.000342 0.000641 
0.000508 0.000050 0.000350 0.000660 
0.000504 0.000054 0.000285 0.000665 
0.000513 0.000044 0.000343 0.000637 
0.000508 0.000050 0.000327 0.000623 
0.000524 0.000055 0.000290 0.000647 
0.000510 0.000054 0.000305 0.000626 
0.000494 0.000048 0.000317 0.000627 
0.000508 0.000056 0.000335 0.000651 
0.000523 0.000058 0.000305 0.000678 
0.000520 0.000054 0.000304 0.000651 
0.000520 0.000046 0.000311 0.000616 
0.000523 0.000057 0.000311 0.000664 
0.000501 0.000053 0.000313 0.000630 
0.000511 0.000060 0.000288 0.000647 
0.000486 0.000043 0.000323 0.000602 
0.000533 0.000058 0.000351 0.000673 
0.000513 0.000056 0.000341 0.000658 
0.000537 0.000066 0.000332 0.000697 
0.000545 0.000064 0.000328 0.000682 
0.000549 0.000059 0.000352 0.000684 
0.000529 0.000054 0.000328 0.000656 
0.000528 0.000057 0.000315 0.000674 
0.000522 0.000045 0.000366 0.000703 
0.000530 0.000052 0.000306 0.000639 
0.000546 0.000066 0.000327 0.000695 
0.000531 0.000056 0.000330 0.000705 
0.000553 0.000068 0.000334 0.000702 
0.000554 0.000061 0.000329 0.000687 
0.000560 0.000066 0.000277 0.000703 
0.000565 0.000067 0.000321 0.000709 
0.000543 0.000063 0.000330 0.000685 
0.000565 0.000071 0.000297 0.000740 
0.000534 0.000062 0.000339 0.000681 
0.000529 0.000054 0.000334 0.000654 
0.000562 0.000064 0.000331 0.000705 
0.000540 0.000074 0.000278 0.000715 
0.000551 0.000063 0.000343 0.000667 
0.000546 0.000053 0.000339 0.000663 
0.000539 0.000053 0.000309 0.000664 
0.000541 0.000055 0.000330 0.000640 
0.000540 0.000071 0.000326 0.000774 
0.000567 0.000069 0.000322 0.000812 
0.000552 0.000065 0.000327 0.000744 
0.000589 0.000068 0.000345 0.000769 
0.000546 0.000071 0.000341 0.000763 
0.000560 0.000058 0.000342 0.000713 
0.000540 0.000066 0.000334 0.000788 
0.000551 0.000066 0.000320 0.000808 
0.000540 0.000060 0.000335 0.000717 
0.000537 0.000052 0.000331 0.000681 
0.000536 0.000060 0.000320 0.000690 
0.000536 0.000064 0.000328 0.000743 
0.000544 0.000066 0.000317 0.000734 
0.000541 0.000063 0.000296 0.000704 
0.000514 0.000054 0.000329 0.000643 
0.000507 0.000065 0.000260 0.000675 
0.000516 0.000064 0.000308 0.000699 
0.000509 0.000063 0.000279 0.000669 
0.000528 0.000071 0.000275 0.000718 
0.000527 0.000067 0.000291 0.000689 
0.000500 0.000057 0.000296 0.000658 
0.000521 0.000059 0.000308 0.000685 
0.000521 0.000063 0.000300 0.000690 
0.000499 0.000054 0.000293 0.000657 
0.000521 0.000060 0.000277 0.000696 
0.000511 0.000061 0.000306 0.000661 
0.000521 0.000059 0.000296 0.000675 
0.000565 0.000048 0.000363 0.000692 
0.000551 0.000043 0.000353 0.000663 
0.000554 0.000043 0.000340 0.000654 
0.000553 0.000046 0.000350 0.000668 
0.000555 0.000050 0.000330 0.000671 
0.000552 0.000047 0.000334 0.000667 
0.000577 0.000041 0.000383 0.000687 
0.000565 0.000048 0.000348 0.000698 
0.000565 0.000041 0.000363 0.000653 
0.000550 0.000052 0.000324 0.000677 
0.000556 0.000044 0.000375 0.000714 
0.000560 0.000045 0.000342 0.000671 
0.000564 0.000047 0.000352 0.000674 
