0.000438 0.000081 0.000328 0.000784 
0.000424 0.000083 0.000310 0.000702 
0.000435 0.000083 0.000316 0.000787 
0.000423 0.000088 0.000298 0.000815 
0.000423 0.000090 0.000306 0.000759 
0.000414 0.000074 0.000296 0.000738 
0.000435 0.000098 0.000308 0.000808 
0.000463 0.000075 0.000354 0.000771 
0.000448 0.000069 0.000355 0.000744 
0.000433 0.000074 0.000340 0.000746 
0.000432 0.000088 0.000303 0.000745 
0.000423 0.000078 0.000315 0.000722 
0.000427 0.000097 0.000311 0.000824 
0.000388 0.000088 0.000266 0.000702 
0.000393 0.000094 0.000263 0.000768 
0.000422 0.000077 0.000316 0.000693 
0.000403 0.000095 0.000274 0.000712 
0.000411 0.000093 0.000291 0.000851 
0.000372 0.000094 0.000230 0.000661 
0.000380 0.000082 0.000262 0.000656 
0.000382 0.000109 0.000247 0.000790 
0.000390 0.000103 0.000250 0.000720 
0.000399 0.000094 0.000270 0.000708 
0.000394 0.000067 0.000298 0.000623 
0.000398 0.000084 0.000281 0.000702 
0.000401 0.000084 0.000297 0.000718 
0.000462 0.000105 0.000335 0.000844 
0.000411 0.000077 0.000304 0.000719 
0.000449 0.000114 0.000317 0.000945 
0.000419 0.000121 0.000260 0.000859 
0.000416 0.000105 0.000265 0.000784 
0.000419 0.000116 0.000263 0.000818 
0.000441 0.000124 0.000290 0.000796 
0.000446 0.000110 0.000317 0.000958 
0.000395 0.000100 0.000259 0.000838 
0.000433 0.000155 0.000268 0.001075 
0.000448 0.000111 0.000303 0.000869 
0.000457 0.000095 0.000340 0.000896 
0.000465 0.000103 0.000365 0.000875 
0.000449 0.000101 0.000324 0.000868 
0.000474 0.000122 0.000338 0.001039 
0.000462 0.000127 0.000334 0.001006 
0.000445 0.000099 0.000346 0.000902 
0.000444 0.000108 0.000322 0.000868 
0.000476 0.000119 0.000365 0.000970 
0.000449 0.000117 0.000299 0.000984 
0.000506 0.000131 0.000386 0.001070 
0.000453 0.000093 0.000349 0.000835 
0.000479 0.000121 0.000368 0.001080 
0.000470 0.000119 0.000348 0.000863 
0.000479 0.000112 0.000334 0.000989 
0.000494 0.000114 0.000354 0.000899 
0.000493 0.000122 0.000356 0.001059 
0.000502 0.000097 0.000383 0.000859 
0.000490 0.000119 0.000363 0.000902 
0.000507 0.000137 0.000346 0.001010 
0.000494 0.000124 0.000360 0.001110 
0.000474 0.000109 0.000347 0.000990 
0.000487 0.000104 0.000351 0.000951 
0.000467 0.000087 0.000356 0.000767 
0.000421 0.000069 0.000325 0.000673 
0.000402 0.000066 0.000294 0.000701 
0.000407 0.000083 0.000314 0.000740 
0.000397 0.000074 0.000293 0.000689 
0.000377 0.000059 0.000291 0.000607 
0.000390 0.000067 0.000295 0.000643 
0.000411 0.000071 0.000312 0.000677 
0.000379 0.000065 0.000269 0.000669 
0.000390 0.000070 0.000299 0.000656 
0.000386 0.000070 0.000282 0.000663 
0.000458 0.000083 0.000346 0.000794 
0.000480 0.000111 0.000358 0.001026 
0.000457 0.000101 0.000344 0.000889 
0.000450 0.000101 0.000347 0.000952 
0.000475 0.000137 0.000334 0.001028 
0.000462 0.000085 0.000355 0.000848 
0.000491 0.000107 0.000373 0.000955 
0.000471 0.000088 0.000354 0.000845 
0.000446 0.000111 0.000303 0.000898 
0.000479 0.000102 0.000375 0.000932 
0.000456 0.000097 0.000316 0.000829 
0.000480 0.000099 0.000365 0.000951 
0.000473 0.000085 0.000367 0.000841 
0.000454 0.000095 0.000347 0.000850 
0.000502 0.000155 0.000355 0.001132 
0.000474 0.000101 0.000378 0.000869 
0.000453 0.000104 0.000320 0.000892 
0.000459 0.000105 0.000330 0.000916 
0.000453 0.000097 0.000344 0.000841 
0.000438 0.000089 0.000312 0.000738 
0.000467 0.000104 0.000334 0.000895 
0.000456 0.000109 0.000338 0.000868 
0.000459 0.000124 0.000310 0.000929 
0.000464 0.000092 0.000349 0.000876 
0.000466 0.000098 0.000357 0.000868 
0.000482 0.000114 0.000348 0.000973 
0.000419 0.000088 0.000304 0.000789 
0.000489 0.000121 0.000354 0.000962 
0.000448 0.000089 0.000341 0.000784 
0.000464 0.000097 0.000355 0.000892 
0.000449 0.000120 0.000328 0.000936 
0.000460 0.000116 0.000331 0.000957 
0.000471 0.000115 0.000354 0.000983 
0.000459 0.000102 0.000306 0.000836 
0.000468 0.000119 0.000338 0.000922 
0.000463 0.000121 0.000321 0.000941 
0.000475 0.000125 0.000300 0.000935 
0.000453 0.000103 0.000339 0.000895 
0.000451 0.000096 0.000336 0.000848 
0.000441 0.000104 0.000316 0.000878 
0.000472 0.000125 0.000327 0.000946 
0.000469 0.000147 0.000334 0.000991 
0.000496 0.000183 0.000308 0.001240 
0.000462 0.000103 0.000334 0.000890 
0.000459 0.000091 0.000344 0.000827 
0.000447 0.000118 0.000298 0.000867 
0.000444 0.000119 0.000293 0.000853 
0.000443 0.000128 0.000291 0.000847 
0.000446 0.000102 0.000302 0.000775 
0.000442 0.000136 0.000256 0.000876 
0.000461 0.000093 0.000328 0.000839 
0.000448 0.000082 0.000327 0.000758 
0.000442 0.000090 0.000341 0.000818 
0.000455 0.000113 0.000307 0.000855 
0.000439 0.000104 0.000300 0.000845 
0.000450 0.000106 0.000310 0.000827 
0.000446 0.000114 0.000315 0.000838 
0.000492 0.000068 0.000394 0.000749 
0.000473 0.000093 0.000361 0.000912 
0.000469 0.000073 0.000356 0.000705 
0.000499 0.000107 0.000348 0.000898 
0.000494 0.000085 0.000376 0.000844 
0.000485 0.000088 0.000351 0.000806 
0.000466 0.000079 0.000349 0.000765 
0.000488 0.000083 0.000377 0.000812 
0.000473 0.000071 0.000361 0.000749 
0.000479 0.000071 0.000368 0.000692 
0.000489 0.000090 0.000354 0.000816 
0.000494 0.000076 0.000399 0.000776 
0.000494 0.000111 0.000346 0.000946 
0.000457 0.000085 0.000348 0.000782 
0.000488 0.000112 0.000302 0.000893 
0.000492 0.000136 0.000317 0.001047 
0.000469 0.000114 0.000318 0.000906 
0.000447 0.000113 0.000311 0.000942 
0.000458 0.000105 0.000331 0.000933 
0.000505 0.000112 0.000346 0.000864 
0.000421 0.000099 0.000240 0.000740 
0.000486 0.000101 0.000320 0.000952 
0.000469 0.000110 0.000334 0.000847 
0.000475 0.000108 0.000344 0.000944 
0.000473 0.000125 0.000316 0.000896 
0.000446 0.000072 0.000302 0.000661 
0.000474 0.000055 0.000359 0.000660 
0.000478 0.000070 0.000352 0.000714 
0.000526 0.000075 0.000392 0.000789 
0.000465 0.000083 0.000350 0.000741 
0.000453 0.000056 0.000353 0.000580 
0.000448 0.000072 0.000301 0.000601 
0.000451 0.000063 0.000311 0.000636 
0.000439 0.000071 0.000339 0.000677 
0.000450 0.000095 0.000288 0.000739 
0.000446 0.000066 0.000337 0.000604 
0.000458 0.000067 0.000357 0.000666 
0.000430 0.000054 0.000339 0.000652 
0.000434 0.000092 0.000316 0.000784 
0.000423 0.000080 0.000315 0.000762 
0.000402 0.000082 0.000276 0.000695 
0.000437 0.000094 0.000316 0.000864 
0.000409 0.000082 0.000263 0.000687 
0.000413 0.000082 0.000290 0.000734 
0.000411 0.000071 0.000299 0.000644 
0.000408 0.000073 0.000320 0.000733 
0.000423 0.000091 0.000299 0.000816 
0.000411 0.000081 0.000292 0.000769 
0.000436 0.000100 0.000301 0.000822 
0.000427 0.000083 0.000307 0.000746 
0.000409 0.000084 0.000281 0.000789 
0.000412 0.000080 0.000269 0.000714 
0.000533 0.000077 0.000270 0.000794 
0.000517 0.000069 0.000395 0.000808 
0.000503 0.000062 0.000393 0.000728 
0.000531 0.000066 0.000388 0.000819 
0.000538 0.000064 0.000394 0.000857 
0.000524 0.000082 0.000317 0.000814 
0.000536 0.000087 0.000302 0.000860 
0.000546 0.000085 0.000413 0.000825 
0.000554 0.000106 0.000395 0.000930 
0.000517 0.000072 0.000387 0.000742 
0.000504 0.000065 0.000378 0.000755 
0.000530 0.000084 0.000385 0.000902 
0.000516 0.000083 0.000336 0.000868 
