0.000507 0.000046 0.000415 0.000655 
0.000527 0.000038 0.000463 0.000635 
0.000516 0.000033 0.000448 0.000597 
0.000504 0.000039 0.000419 0.000635 
0.000512 0.000044 0.000428 0.000649 
0.000506 0.000043 0.000427 0.000646 
0.000523 0.000050 0.000450 0.000683 
0.000533 0.000043 0.000451 0.000656 
0.000510 0.000038 0.000438 0.000627 
0.000522 0.000036 0.000445 0.000635 
0.000512 0.000041 0.000416 0.000640 
0.000506 0.000050 0.000435 0.000673 
0.000512 0.000040 0.000423 0.000626 
0.000423 0.000089 0.000284 0.000666 
0.000440 0.000090 0.000315 0.000743 
0.000441 0.000088 0.000344 0.000766 
0.000441 0.000068 0.000337 0.000632 
0.000454 0.000095 0.000317 0.000735 
0.000437 0.000079 0.000328 0.000665 
0.000456 0.000084 0.000340 0.000668 
0.000447 0.000078 0.000336 0.000692 
0.000417 0.000082 0.000319 0.000734 
0.000435 0.000071 0.000343 0.000625 
0.000434 0.000076 0.000332 0.000647 
0.000460 0.000074 0.000346 0.000651 
0.000445 0.000081 0.000336 0.000687 
0.000513 0.000042 0.000441 0.000650 
0.000490 0.000037 0.000430 0.000616 
0.000498 0.000037 0.000425 0.000634 
0.000461 0.000044 0.000372 0.000575 
0.000461 0.000043 0.000372 0.000608 
0.000474 0.000038 0.000381 0.000599 
0.000491 0.000040 0.000411 0.000622 
0.000483 0.000038 0.000412 0.000597 
0.000496 0.000038 0.000411 0.000620 
0.000490 0.000041 0.000424 0.000633 
0.000481 0.000046 0.000398 0.000609 
0.000501 0.000056 0.000402 0.000649 
0.000506 0.000068 0.000385 0.000677 
0.000490 0.000062 0.000388 0.000628 
0.000495 0.000057 0.000415 0.000635 
0.000493 0.000065 0.000402 0.000643 
0.000497 0.000070 0.000373 0.000671 
0.000501 0.000059 0.000398 0.000645 
0.000493 0.000072 0.000383 0.000647 
0.000502 0.000070 0.000340 0.000664 
0.000483 0.000060 0.000362 0.000614 
0.000491 0.000057 0.000417 0.000631 
0.000491 0.000058 0.000399 0.000629 
0.000487 0.000055 0.000410 0.000626 
0.000487 0.000056 0.000392 0.000616 
0.000482 0.000051 0.000398 0.000633 
0.000503 0.000046 0.000410 0.000639 
0.000498 0.000042 0.000415 0.000604 
0.000485 0.000062 0.000397 0.000644 
0.000494 0.000051 0.000411 0.000630 
0.000505 0.000036 0.000422 0.000600 
0.000499 0.000048 0.000407 0.000641 
0.000493 0.000047 0.000403 0.000608 
0.000506 0.000044 0.000421 0.000602 
0.000490 0.000074 0.000394 0.000783 
0.000462 0.000073 0.000359 0.000716 
0.000497 0.000071 0.000405 0.000728 
0.000494 0.000102 0.000342 0.000828 
0.000463 0.000066 0.000366 0.000709 
0.000482 0.000077 0.000369 0.000755 
0.000478 0.000078 0.000369 0.000807 
0.000477 0.000061 0.000378 0.000688 
0.000464 0.000069 0.000357 0.000708 
0.000461 0.000063 0.000358 0.000744 
0.000507 0.000039 0.000439 0.000605 
0.000493 0.000039 0.000410 0.000585 
0.000501 0.000039 0.000438 0.000598 
0.000498 0.000058 0.000389 0.000639 
0.000492 0.000039 0.000419 0.000606 
0.000502 0.000045 0.000425 0.000604 
0.000511 0.000038 0.000429 0.000625 
0.000517 0.000037 0.000454 0.000619 
0.000499 0.000041 0.000438 0.000604 
0.000511 0.000040 0.000433 0.000627 
0.000509 0.000044 0.000434 0.000599 
0.000506 0.000040 0.000454 0.000610 
0.000486 0.000046 0.000393 0.000619 
0.000514 0.000037 0.000445 0.000622 
0.000510 0.000038 0.000424 0.000612 
0.000487 0.000044 0.000398 0.000603 
0.000534 0.000043 0.000451 0.000652 
0.000545 0.000041 0.000447 0.000685 
0.000533 0.000043 0.000456 0.000640 
0.000525 0.000044 0.000437 0.000651 
0.000542 0.000038 0.000470 0.000654 
0.000543 0.000036 0.000475 0.000652 
0.000548 0.000041 0.000449 0.000653 
0.000541 0.000037 0.000462 0.000693 
0.000545 0.000035 0.000467 0.000642 
0.000537 0.000031 0.000474 0.000629 
0.000521 0.000046 0.000438 0.000662 
0.000533 0.000036 0.000461 0.000667 
0.000537 0.000043 0.000435 0.000656 
0.000557 0.000041 0.000482 0.000710 
0.000491 0.000055 0.000404 0.000647 
0.000495 0.000057 0.000405 0.000668 
0.000492 0.000056 0.000396 0.000646 
0.000516 0.000059 0.000424 0.000739 
0.000496 0.000052 0.000418 0.000672 
0.000471 0.000055 0.000369 0.000618 
0.000480 0.000060 0.000368 0.000656 
0.000490 0.000056 0.000391 0.000709 
0.000474 0.000053 0.000376 0.000652 
0.000481 0.000052 0.000393 0.000673 
0.000517 0.000060 0.000422 0.000711 
0.000478 0.000050 0.000388 0.000648 
0.000484 0.000054 0.000411 0.000645 
0.000501 0.000051 0.000405 0.000624 
0.000531 0.000061 0.000418 0.000687 
0.000503 0.000055 0.000428 0.000685 
0.000513 0.000055 0.000432 0.000700 
0.000497 0.000076 0.000396 0.000695 
0.000522 0.000062 0.000422 0.000691 
0.000485 0.000069 0.000396 0.000668 
0.000520 0.000067 0.000416 0.000696 
0.000515 0.000053 0.000444 0.000674 
0.000512 0.000049 0.000451 0.000697 
0.000498 0.000060 0.000416 0.000687 
0.000518 0.000063 0.000436 0.000700 
0.000508 0.000061 0.000414 0.000668 
0.000515 0.000056 0.000434 0.000728 
0.000542 0.000051 0.000455 0.000684 
0.000532 0.000063 0.000422 0.000723 
0.000530 0.000055 0.000412 0.000707 
0.000548 0.000061 0.000410 0.000706 
0.000545 0.000052 0.000428 0.000686 
0.000537 0.000050 0.000426 0.000662 
0.000523 0.000047 0.000428 0.000657 
0.000556 0.000056 0.000437 0.000698 
0.000522 0.000047 0.000441 0.000644 
0.000543 0.000049 0.000431 0.000683 
0.000537 0.000064 0.000414 0.000671 
0.000553 0.000059 0.000444 0.000672 
0.000525 0.000050 0.000419 0.000651 
0.000512 0.000045 0.000434 0.000620 
0.000523 0.000050 0.000434 0.000641 
0.000501 0.000052 0.000399 0.000636 
0.000513 0.000044 0.000431 0.000653 
0.000501 0.000057 0.000389 0.000619 
0.000503 0.000053 0.000381 0.000602 
0.000513 0.000046 0.000424 0.000640 
0.000489 0.000053 0.000390 0.000577 
0.000491 0.000045 0.000418 0.000617 
0.000516 0.000050 0.000439 0.000626 
0.000521 0.000047 0.000417 0.000601 
0.000529 0.000059 0.000402 0.000655 
0.000557 0.000044 0.000471 0.000675 
0.000573 0.000037 0.000498 0.000702 
0.000564 0.000045 0.000455 0.000702 
0.000566 0.000039 0.000460 0.000648 
0.000530 0.000054 0.000418 0.000627 
0.000580 0.000032 0.000486 0.000672 
0.000565 0.000052 0.000451 0.000746 
0.000558 0.000033 0.000490 0.000637 
0.000572 0.000032 0.000475 0.000659 
0.000568 0.000032 0.000477 0.000664 
0.000555 0.000034 0.000482 0.000642 
0.000545 0.000027 0.000496 0.000604 
0.000549 0.000042 0.000447 0.000645 
0.000479 0.000033 0.000421 0.000579 
0.000497 0.000040 0.000426 0.000614 
0.000466 0.000042 0.000394 0.000578 
0.000475 0.000046 0.000388 0.000577 
0.000469 0.000039 0.000402 0.000568 
0.000467 0.000039 0.000370 0.000550 
0.000464 0.000037 0.000405 0.000562 
0.000475 0.000035 0.000426 0.000586 
0.000490 0.000030 0.000437 0.000554 
0.000478 0.000045 0.000388 0.000597 
0.000465 0.000035 0.000405 0.000574 
0.000491 0.000033 0.000436 0.000609 
0.000479 0.000040 0.000411 0.000605 
0.000491 0.000035 0.000438 0.000589 
0.000564 0.000044 0.000488 0.000660 
0.000558 0.000038 0.000477 0.000715 
0.000567 0.000030 0.000516 0.000680 
0.000553 0.000037 0.000497 0.000673 
0.000561 0.000042 0.000489 0.000671 
0.000547 0.000030 0.000489 0.000667 
0.000580 0.000030 0.000531 0.000688 
0.000541 0.000035 0.000474 0.000621 
0.000566 0.000030 0.000503 0.000659 
0.000533 0.000041 0.000468 0.000699 
0.000564 0.000037 0.000500 0.000690 
0.000540 0.000048 0.000465 0.000669 
0.000552 0.000029 0.000508 0.000690 
