0.000318 0.000002 0.000316 0.000319 
0.000327 0.000009 0.000320 0.000333 
0.000330 0.000007 0.000325 0.000335 
0.000320 0.000004 0.000317 0.000323 
0.000318 0.000009 0.000312 0.000325 
0.000318 0.000003 0.000315 0.000320 
0.000327 0.000008 0.000321 0.000332 
0.000328 0.000001 0.000328 0.000329 
0.000309 0.000005 0.000305 0.000312 
0.000333 0.000009 0.000327 0.000340 
0.000353 0.000004 0.000350 0.000356 
0.000341 0.000011 0.000333 0.000349 
0.000337 0.000005 0.000333 0.000341 
0.000299 0.000001 0.000299 0.000300 
0.000303 0.000002 0.000302 0.000304 
0.000290 0.000010 0.000283 0.000298 
0.000304 0.000009 0.000298 0.000311 
0.000313 0.000002 0.000312 0.000315 
0.000297 0.000010 0.000290 0.000304 
0.000295 0.000002 0.000293 0.000297 
0.000294 0.000007 0.000289 0.000298 
0.000295 0.000007 0.000290 0.000300 
0.000302 0.000006 0.000297 0.000306 
0.000281 0.000013 0.000272 0.000290 
0.000302 0.000005 0.000299 0.000305 
0.000310 0.000015 0.000300 0.000320 
0.000291 0.000005 0.000287 0.000295 
0.000277 0.000007 0.000272 0.000282 
0.000290 0.000009 0.000284 0.000297 
0.000275 0.000000 0.000274 0.000275 
0.000312 0.000008 0.000306 0.000317 
0.000295 0.000006 0.000290 0.000299 
0.000302 0.000012 0.000293 0.000310 
0.000317 0.000009 0.000310 0.000323 
0.000304 0.000001 0.000304 0.000304 
0.000281 0.000015 0.000271 0.000292 
0.000297 0.000009 0.000291 0.000303 
0.000320 0.000013 0.000311 0.000329 
0.000301 0.000039 0.000274 0.000329 
0.000314 0.000001 0.000313 0.000315 
0.000294 0.000017 0.000282 0.000306 
0.000322 0.000008 0.000316 0.000327 
0.000271 0.000003 0.000269 0.000273 
0.000305 0.000012 0.000297 0.000314 
0.000319 0.000014 0.000309 0.000329 
0.000303 0.000025 0.000285 0.000321 
0.000336 0.000012 0.000328 0.000344 
0.000337 0.000013 0.000328 0.000346 
0.000353 0.000001 0.000352 0.000354 
0.000307 0.000028 0.000288 0.000327 
0.000337 0.000010 0.000330 0.000344 
0.000303 0.000010 0.000296 0.000310 
0.000322 0.000010 0.000315 0.000329 
0.000313 0.000015 0.000302 0.000324 
0.000293 0.000016 0.000281 0.000304 
0.000332 0.000016 0.000321 0.000343 
0.000312 0.000010 0.000304 0.000319 
0.000288 0.000014 0.000278 0.000298 
0.000294 0.000006 0.000291 0.000298 
0.000288 0.000005 0.000285 0.000292 
0.000338 0.000001 0.000337 0.000338 
0.000333 0.000007 0.000328 0.000338 
0.000339 0.000005 0.000335 0.000342 
0.000329 0.000004 0.000327 0.000332 
0.000322 0.000011 0.000315 0.000330 
0.000327 0.000001 0.000326 0.000328 
0.000338 0.000000 0.000338 0.000339 
0.000322 0.000005 0.000318 0.000325 
0.000293 0.000012 0.000284 0.000301 
0.000323 0.000000 0.000322 0.000323 
0.000330 0.000014 0.000321 0.000340 
0.000326 0.000015 0.000315 0.000336 
0.000360 0.000007 0.000355 0.000365 
0.000296 0.000002 0.000295 0.000297 
0.000328 0.000016 0.000317 0.000339 
0.000318 0.000006 0.000314 0.000322 
0.000320 0.000009 0.000313 0.000326 
0.000342 0.000015 0.000331 0.000352 
0.000341 0.000005 0.000337 0.000345 
0.000319 0.000007 0.000314 0.000324 
0.000316 0.000022 0.000301 0.000332 
0.000354 0.000017 0.000342 0.000366 
0.000336 0.000024 0.000319 0.000353 
0.000288 0.000038 0.000261 0.000315 
0.000328 0.000010 0.000320 0.000335 
0.000317 0.000014 0.000307 0.000327 
0.000304 0.000003 0.000302 0.000306 
0.000315 0.000012 0.000306 0.000324 
0.000310 0.000000 0.000310 0.000310 
0.000301 0.000002 0.000299 0.000302 
0.000292 0.000010 0.000285 0.000299 
0.000294 0.000002 0.000292 0.000295 
0.000294 0.000009 0.000287 0.000300 
0.000292 0.000007 0.000287 0.000297 
0.000302 0.000006 0.000298 0.000306 
0.000293 0.000004 0.000290 0.000295 
0.000296 0.000001 0.000295 0.000296 
0.000301 0.000004 0.000298 0.000304 
0.000310 0.000006 0.000306 0.000314 
0.000318 0.000010 0.000311 0.000325 
0.000322 0.000009 0.000315 0.000328 
0.000309 0.000007 0.000305 0.000314 
0.000368 0.000007 0.000364 0.000373 
0.000333 0.000012 0.000324 0.000342 
0.000310 0.000012 0.000302 0.000319 
0.000333 0.000011 0.000325 0.000341 
0.000349 0.000019 0.000336 0.000363 
0.000304 0.000021 0.000289 0.000319 
0.000339 0.000010 0.000332 0.000346 
0.000295 0.000006 0.000291 0.000299 
0.000316 0.000003 0.000315 0.000318 
0.000301 0.000013 0.000292 0.000310 
0.000346 0.000015 0.000336 0.000357 
0.000332 0.000007 0.000327 0.000338 
0.000273 0.000002 0.000271 0.000274 
0.000256 0.000001 0.000255 0.000257 
0.000274 0.000003 0.000272 0.000276 
0.000288 0.000007 0.000283 0.000292 
0.000284 0.000008 0.000278 0.000290 
0.000283 0.000001 0.000283 0.000284 
0.000313 0.000010 0.000306 0.000320 
0.000302 0.000000 0.000302 0.000302 
0.000292 0.000015 0.000282 0.000303 
0.000280 0.000014 0.000269 0.000290 
0.000265 0.000005 0.000262 0.000268 
0.000273 0.000020 0.000259 0.000287 
0.000251 0.000001 0.000250 0.000252 
0.000313 0.000023 0.000297 0.000329 
0.000296 0.000003 0.000293 0.000298 
0.000338 0.000010 0.000331 0.000345 
0.000316 0.000041 0.000287 0.000345 
0.000340 0.000012 0.000332 0.000348 
0.000303 0.000028 0.000284 0.000323 
0.000291 0.000000 0.000290 0.000291 
0.000307 0.000010 0.000300 0.000314 
0.000304 0.000011 0.000296 0.000312 
0.000336 0.000016 0.000325 0.000348 
0.000312 0.000005 0.000309 0.000316 
0.000298 0.000023 0.000281 0.000315 
0.000295 0.000023 0.000279 0.000312 
0.000335 0.000033 0.000312 0.000358 
0.000294 0.000044 0.000262 0.000325 
0.000306 0.000009 0.000299 0.000312 
0.000301 0.000030 0.000280 0.000322 
0.000273 0.000035 0.000248 0.000298 
0.000335 0.000051 0.000299 0.000370 
0.000291 0.000028 0.000271 0.000311 
0.000286 0.000043 0.000256 0.000317 
0.000290 0.000038 0.000263 0.000317 
0.000318 0.000032 0.000295 0.000341 
0.000325 0.000026 0.000307 0.000344 
0.000294 0.000013 0.000285 0.000304 
0.000354 0.000004 0.000351 0.000356 
0.000355 0.000005 0.000351 0.000359 
0.000363 0.000008 0.000357 0.000369 
0.000396 0.000007 0.000391 0.000401 
0.000364 0.000015 0.000353 0.000375 
0.000355 0.000006 0.000351 0.000360 
0.000369 0.000009 0.000362 0.000375 
0.000367 0.000018 0.000354 0.000380 
0.000335 0.000023 0.000318 0.000351 
0.000370 0.000022 0.000355 0.000386 
0.000357 0.000003 0.000355 0.000359 
0.000358 0.000010 0.000351 0.000365 
0.000347 0.000009 0.000340 0.000354 
0.000333 0.000027 0.000314 0.000352 
0.000269 0.000021 0.000254 0.000284 
0.000335 0.000025 0.000317 0.000353 
0.000294 0.000001 0.000293 0.000294 
0.000292 0.000002 0.000291 0.000293 
0.000301 0.000001 0.000300 0.000302 
0.000334 0.000027 0.000316 0.000353 
0.000289 0.000004 0.000286 0.000292 
0.000293 0.000003 0.000291 0.000296 
0.000308 0.000003 0.000306 0.000310 
0.000277 0.000026 0.000259 0.000296 
0.000302 0.000026 0.000283 0.000320 
0.000274 0.000003 0.000272 0.000276 
0.000310 0.000011 0.000302 0.000318 
0.000406 0.000009 0.000399 0.000412 
0.000348 0.000015 0.000338 0.000359 
0.000337 0.000018 0.000324 0.000350 
0.000346 0.000004 0.000344 0.000349 
0.000360 0.000016 0.000348 0.000371 
0.000342 0.000017 0.000330 0.000354 
0.000410 0.000009 0.000404 0.000416 
0.000336 0.000015 0.000325 0.000346 
0.000382 0.000017 0.000370 0.000395 
0.000350 0.000013 0.000341 0.000360 
0.000350 0.000018 0.000338 0.000363 
0.000341 0.000010 0.000333 0.000348 
0.000345 0.000022 0.000330 0.000360 
