0.000468 0.000041 0.000386 0.000574 
0.000494 0.000045 0.000407 0.000597 
0.000458 0.000048 0.000352 0.000584 
0.000469 0.000054 0.000362 0.000589 
0.000457 0.000045 0.000374 0.000565 
0.000475 0.000048 0.000375 0.000588 
0.000476 0.000041 0.000411 0.000574 
0.000482 0.000044 0.000390 0.000582 
0.000500 0.000039 0.000423 0.000578 
0.000476 0.000041 0.000404 0.000565 
0.000478 0.000046 0.000387 0.000594 
0.000505 0.000038 0.000414 0.000579 
0.000460 0.000051 0.000360 0.000583 
0.000394 0.000053 0.000287 0.000516 
0.000420 0.000055 0.000312 0.000551 
0.000440 0.000059 0.000327 0.000573 
0.000433 0.000056 0.000316 0.000577 
0.000413 0.000055 0.000302 0.000561 
0.000417 0.000050 0.000314 0.000544 
0.000420 0.000062 0.000338 0.000582 
0.000401 0.000056 0.000305 0.000531 
0.000424 0.000057 0.000309 0.000548 
0.000428 0.000053 0.000327 0.000569 
0.000400 0.000066 0.000266 0.000559 
0.000420 0.000060 0.000311 0.000554 
0.000437 0.000053 0.000343 0.000548 
0.000494 0.000034 0.000422 0.000563 
0.000490 0.000030 0.000433 0.000569 
0.000467 0.000038 0.000365 0.000557 
0.000452 0.000043 0.000360 0.000560 
0.000449 0.000043 0.000359 0.000554 
0.000458 0.000038 0.000388 0.000533 
0.000453 0.000038 0.000385 0.000533 
0.000492 0.000032 0.000427 0.000564 
0.000451 0.000038 0.000383 0.000546 
0.000464 0.000035 0.000393 0.000557 
0.000482 0.000035 0.000401 0.000566 
0.000484 0.000047 0.000385 0.000589 
0.000496 0.000054 0.000397 0.000606 
0.000458 0.000060 0.000362 0.000607 
0.000490 0.000054 0.000387 0.000608 
0.000485 0.000049 0.000386 0.000609 
0.000463 0.000068 0.000330 0.000592 
0.000475 0.000050 0.000403 0.000578 
0.000478 0.000054 0.000349 0.000586 
0.000484 0.000048 0.000386 0.000603 
0.000469 0.000050 0.000369 0.000579 
0.000472 0.000055 0.000366 0.000601 
0.000479 0.000058 0.000390 0.000610 
0.000481 0.000055 0.000372 0.000610 
0.000500 0.000045 0.000429 0.000601 
0.000474 0.000051 0.000366 0.000583 
0.000518 0.000039 0.000430 0.000615 
0.000490 0.000045 0.000413 0.000599 
0.000476 0.000049 0.000374 0.000594 
0.000490 0.000050 0.000397 0.000591 
0.000499 0.000047 0.000406 0.000599 
0.000481 0.000052 0.000380 0.000602 
0.000495 0.000045 0.000413 0.000609 
0.000466 0.000056 0.000362 0.000591 
0.000434 0.000049 0.000356 0.000540 
0.000429 0.000049 0.000331 0.000522 
0.000440 0.000046 0.000343 0.000555 
0.000429 0.000051 0.000325 0.000537 
0.000404 0.000058 0.000292 0.000518 
0.000435 0.000051 0.000343 0.000540 
0.000442 0.000053 0.000342 0.000550 
0.000433 0.000052 0.000343 0.000558 
0.000422 0.000053 0.000327 0.000551 
0.000411 0.000047 0.000324 0.000521 
0.000473 0.000049 0.000373 0.000578 
0.000480 0.000037 0.000416 0.000575 
0.000492 0.000052 0.000392 0.000631 
0.000492 0.000053 0.000393 0.000632 
0.000459 0.000047 0.000364 0.000573 
0.000461 0.000056 0.000343 0.000589 
0.000516 0.000048 0.000431 0.000637 
0.000482 0.000049 0.000383 0.000597 
0.000497 0.000046 0.000398 0.000587 
0.000501 0.000046 0.000408 0.000615 
0.000500 0.000045 0.000410 0.000604 
0.000499 0.000048 0.000418 0.000614 
0.000489 0.000041 0.000417 0.000595 
0.000463 0.000056 0.000346 0.000635 
0.000495 0.000049 0.000413 0.000615 
0.000463 0.000049 0.000353 0.000570 
0.000491 0.000058 0.000366 0.000584 
0.000518 0.000061 0.000373 0.000672 
0.000501 0.000063 0.000344 0.000617 
0.000514 0.000061 0.000394 0.000635 
0.000503 0.000054 0.000382 0.000655 
0.000487 0.000063 0.000370 0.000694 
0.000514 0.000049 0.000428 0.000607 
0.000491 0.000064 0.000366 0.000592 
0.000494 0.000056 0.000403 0.000619 
0.000472 0.000060 0.000345 0.000659 
0.000501 0.000060 0.000390 0.000618 
0.000481 0.000064 0.000355 0.000600 
0.000480 0.000065 0.000368 0.000624 
0.000502 0.000061 0.000390 0.000622 
0.000455 0.000051 0.000331 0.000579 
0.000474 0.000045 0.000395 0.000575 
0.000459 0.000047 0.000376 0.000567 
0.000472 0.000054 0.000379 0.000608 
0.000424 0.000057 0.000342 0.000569 
0.000433 0.000047 0.000328 0.000548 
0.000415 0.000054 0.000340 0.000544 
0.000474 0.000046 0.000395 0.000588 
0.000467 0.000047 0.000393 0.000575 
0.000459 0.000055 0.000365 0.000580 
0.000495 0.000054 0.000416 0.000615 
0.000478 0.000049 0.000380 0.000592 
0.000469 0.000049 0.000385 0.000585 
0.000453 0.000052 0.000358 0.000603 
0.000498 0.000037 0.000405 0.000588 
0.000442 0.000044 0.000346 0.000539 
0.000458 0.000038 0.000402 0.000546 
0.000457 0.000037 0.000405 0.000554 
0.000462 0.000044 0.000377 0.000570 
0.000425 0.000056 0.000307 0.000569 
0.000481 0.000036 0.000401 0.000578 
0.000443 0.000046 0.000361 0.000559 
0.000491 0.000021 0.000454 0.000548 
0.000459 0.000039 0.000389 0.000560 
0.000447 0.000050 0.000364 0.000576 
0.000459 0.000048 0.000357 0.000572 
0.000447 0.000040 0.000386 0.000536 
0.000543 0.000052 0.000429 0.000720 
0.000553 0.000048 0.000445 0.000825 
0.000525 0.000056 0.000421 0.000787 
0.000545 0.000060 0.000414 0.000894 
0.000529 0.000048 0.000418 0.000706 
0.000514 0.000036 0.000444 0.000628 
0.000511 0.000048 0.000421 0.000721 
0.000531 0.000065 0.000407 0.000729 
0.000526 0.000049 0.000424 0.000726 
0.000530 0.000051 0.000403 0.000715 
0.000546 0.000049 0.000463 0.000748 
0.000564 0.000063 0.000447 0.000859 
0.000510 0.000043 0.000419 0.000587 
0.000475 0.000038 0.000406 0.000550 
0.000491 0.000047 0.000414 0.000567 
0.000487 0.000048 0.000386 0.000585 
0.000475 0.000057 0.000353 0.000569 
0.000438 0.000056 0.000342 0.000559 
0.000484 0.000051 0.000378 0.000571 
0.000489 0.000053 0.000370 0.000573 
0.000438 0.000050 0.000347 0.000533 
0.000480 0.000050 0.000374 0.000561 
0.000498 0.000045 0.000414 0.000569 
0.000494 0.000042 0.000404 0.000578 
0.000489 0.000049 0.000378 0.000570 
0.000526 0.000040 0.000446 0.000650 
0.000564 0.000035 0.000485 0.000645 
0.000554 0.000026 0.000506 0.000628 
0.000568 0.000033 0.000495 0.000657 
0.000529 0.000029 0.000470 0.000599 
0.000553 0.000036 0.000468 0.000638 
0.000569 0.000029 0.000519 0.000650 
0.000580 0.000037 0.000483 0.000646 
0.000544 0.000027 0.000496 0.000621 
0.000549 0.000030 0.000500 0.000638 
0.000531 0.000030 0.000462 0.000637 
0.000552 0.000031 0.000458 0.000616 
0.000533 0.000024 0.000490 0.000594 
0.000481 0.000046 0.000390 0.000587 
0.000496 0.000034 0.000427 0.000574 
0.000459 0.000043 0.000362 0.000551 
0.000478 0.000035 0.000405 0.000544 
0.000467 0.000034 0.000408 0.000537 
0.000446 0.000050 0.000344 0.000542 
0.000466 0.000047 0.000376 0.000576 
0.000452 0.000051 0.000341 0.000563 
0.000472 0.000036 0.000392 0.000547 
0.000467 0.000037 0.000399 0.000544 
0.000441 0.000041 0.000364 0.000556 
0.000477 0.000032 0.000421 0.000547 
0.000463 0.000041 0.000379 0.000551 
0.000477 0.000042 0.000383 0.000551 
0.000570 0.000023 0.000512 0.000628 
0.000527 0.000036 0.000435 0.000594 
0.000503 0.000041 0.000414 0.000605 
0.000518 0.000031 0.000462 0.000603 
0.000519 0.000036 0.000466 0.000611 
0.000479 0.000047 0.000415 0.000608 
0.000515 0.000031 0.000463 0.000606 
0.000501 0.000035 0.000427 0.000618 
0.000557 0.000028 0.000500 0.000601 
0.000516 0.000040 0.000457 0.000616 
0.000536 0.000029 0.000473 0.000607 
0.000525 0.000039 0.000445 0.000602 
0.000526 0.000036 0.000458 0.000615 
