0.000567 0.000099 0.000000 0.000909 
0.000543 0.000109 0.000000 0.001029 
0.000526 0.000094 0.000000 0.000929 
0.000536 0.000114 0.000000 0.000998 
0.000544 0.000101 0.000000 0.000998 
0.000575 0.000127 0.000000 0.001029 
0.000529 0.000089 0.000000 0.000997 
0.000547 0.000096 0.000000 0.000877 
0.000548 0.000121 0.000000 0.001142 
0.000545 0.000117 0.000000 0.000939 
0.000556 0.000123 0.000000 0.001031 
0.000553 0.000126 0.000000 0.001003 
0.000542 0.000094 0.000000 0.000867 
0.000604 0.000247 0.000000 0.001429 
0.000624 0.000215 0.000000 0.001380 
0.000645 0.000263 0.000000 0.001510 
0.000526 0.000140 0.000000 0.001303 
0.000579 0.000215 0.000000 0.001501 
0.000601 0.000252 0.000000 0.001572 
0.000567 0.000220 0.000000 0.001607 
0.000554 0.000215 0.000000 0.001593 
0.000580 0.000211 0.000000 0.001426 
0.000557 0.000204 0.000000 0.001566 
0.000617 0.000236 0.000000 0.001437 
0.000623 0.000240 0.000000 0.001494 
0.000613 0.000247 0.000000 0.001653 
0.000596 0.000157 0.000000 0.001285 
0.000592 0.000176 0.000000 0.001370 
0.000552 0.000139 0.000000 0.001264 
0.000579 0.000151 0.000000 0.001215 
0.000603 0.000174 0.000000 0.001282 
0.000595 0.000177 0.000000 0.001369 
0.000549 0.000123 0.000000 0.001202 
0.000602 0.000151 0.000000 0.001159 
0.000638 0.000178 0.000000 0.001252 
0.000581 0.000135 0.000000 0.001205 
0.000595 0.000167 0.000000 0.001294 
0.000587 0.000151 0.000000 0.001385 
0.000569 0.000132 0.000000 0.001227 
0.000602 0.000160 0.000000 0.001381 
0.000633 0.000150 0.000000 0.001365 
0.000595 0.000126 0.000000 0.001257 
0.000574 0.000092 0.000000 0.001107 
0.000602 0.000146 0.000000 0.001293 
0.000598 0.000138 0.000000 0.001268 
0.000583 0.000137 0.000000 0.001266 
0.000598 0.000175 0.000000 0.001548 
0.000590 0.000154 0.000000 0.001387 
0.000589 0.000154 0.000000 0.001345 
0.000591 0.000178 0.000000 0.001290 
0.000553 0.000127 0.000000 0.001098 
0.000548 0.000117 0.000000 0.001099 
0.000535 0.000080 0.000000 0.000915 
0.000573 0.000155 0.000000 0.001371 
0.000573 0.000152 0.000000 0.001343 
0.000542 0.000121 0.000000 0.001127 
0.000574 0.000122 0.000000 0.001173 
0.000541 0.000103 0.000000 0.001176 
0.000586 0.000124 0.000000 0.001142 
0.000568 0.000126 0.000000 0.001188 
0.000560 0.000092 0.000000 0.001003 
0.000557 0.000094 0.000000 0.000945 
0.000546 0.000082 0.000000 0.000910 
0.000620 0.000138 0.000000 0.001246 
0.000536 0.000100 0.000000 0.001002 
0.000552 0.000082 0.000000 0.000930 
0.000546 0.000090 0.000000 0.000976 
0.000553 0.000115 0.000000 0.001078 
0.000552 0.000084 0.000000 0.000975 
0.000507 0.000088 0.000000 0.000930 
0.000559 0.000094 0.000000 0.000947 
0.000548 0.000095 0.000000 0.001074 
0.000572 0.000093 0.000000 0.000930 
0.000597 0.000106 0.000000 0.001020 
0.000563 0.000115 0.000000 0.001026 
0.000545 0.000076 0.000000 0.000865 
0.000610 0.000098 0.000000 0.001004 
0.000584 0.000095 0.000000 0.000959 
0.000563 0.000104 0.000000 0.000970 
0.000580 0.000116 0.000000 0.001051 
0.000561 0.000108 0.000000 0.001020 
0.000580 0.000106 0.000000 0.000999 
0.000591 0.000086 0.000000 0.000932 
0.000584 0.000083 0.000000 0.000964 
0.000588 0.000122 0.000000 0.001124 
0.000585 0.000082 0.000000 0.000994 
0.000529 0.000096 0.000000 0.001033 
0.000573 0.000093 0.000000 0.000833 
0.000611 0.000128 0.000000 0.000993 
0.000586 0.000152 0.000000 0.001027 
0.000628 0.000140 0.000000 0.001004 
0.000626 0.000112 0.000000 0.000984 
0.000619 0.000116 0.000000 0.000938 
0.000597 0.000131 0.000000 0.000965 
0.000601 0.000125 0.000000 0.000948 
0.000517 0.000106 0.000000 0.000914 
0.000603 0.000152 0.000000 0.000993 
0.000590 0.000104 0.000000 0.000907 
0.000607 0.000162 0.000000 0.000993 
0.000576 0.000116 0.000000 0.000901 
0.000599 0.000141 0.000000 0.001096 
0.000595 0.000105 0.000000 0.000996 
0.000655 0.000174 0.000000 0.001220 
0.000681 0.000128 0.000000 0.001109 
0.000615 0.000151 0.000000 0.001145 
0.000585 0.000165 0.000000 0.001160 
0.000537 0.000121 0.000000 0.001041 
0.000601 0.000119 0.000000 0.001104 
0.000594 0.000145 0.000000 0.001160 
0.000616 0.000150 0.000000 0.001127 
0.000603 0.000124 0.000000 0.001199 
0.000599 0.000120 0.000000 0.001020 
0.000592 0.000096 0.000000 0.000947 
0.000558 0.000110 0.000000 0.001081 
0.000535 0.000140 0.000000 0.001182 
0.000552 0.000124 0.000000 0.001110 
0.000557 0.000150 0.000000 0.001160 
0.000548 0.000145 0.000000 0.001080 
0.000597 0.000155 0.000000 0.001155 
0.000520 0.000139 0.000000 0.001143 
0.000570 0.000183 0.000000 0.001421 
0.000559 0.000142 0.000000 0.001021 
0.000500 0.000085 0.000000 0.000930 
0.000511 0.000104 0.000000 0.000958 
0.000538 0.000145 0.000000 0.001257 
0.000606 0.000179 0.000000 0.001224 
0.000516 0.000114 0.000000 0.000943 
0.000589 0.000196 0.000000 0.001214 
0.000581 0.000197 0.000000 0.001334 
0.000607 0.000220 0.000000 0.001270 
0.000536 0.000176 0.000000 0.001441 
0.000578 0.000187 0.000000 0.001171 
0.000582 0.000213 0.000000 0.001225 
0.000678 0.000280 0.000000 0.001326 
0.000548 0.000194 0.000000 0.001283 
0.000692 0.000302 0.000000 0.001507 
0.000634 0.000233 0.000000 0.001341 
0.000576 0.000209 0.000000 0.001330 
0.000634 0.000204 0.000000 0.001340 
0.000602 0.000154 0.000000 0.001421 
0.000602 0.000171 0.000000 0.001393 
0.000655 0.000169 0.000000 0.001339 
0.000613 0.000181 0.000000 0.001343 
0.000586 0.000162 0.000000 0.001629 
0.000602 0.000190 0.000000 0.001423 
0.000569 0.000145 0.000000 0.001253 
0.000564 0.000161 0.000000 0.001366 
0.000633 0.000201 0.000000 0.001405 
0.000598 0.000148 0.000000 0.001269 
0.000562 0.000137 0.000000 0.001264 
0.000583 0.000138 0.000000 0.001164 
0.000583 0.000147 0.000000 0.001200 
0.000532 0.000088 0.000000 0.000990 
0.000512 0.000051 0.000000 0.000817 
0.000525 0.000115 0.000000 0.001150 
0.000530 0.000081 0.000000 0.000945 
0.000519 0.000110 0.000000 0.001067 
0.000524 0.000083 0.000000 0.000990 
0.000487 0.000050 0.000000 0.000757 
0.000508 0.000072 0.000000 0.000933 
0.000473 0.000060 0.000000 0.000840 
0.000494 0.000080 0.000000 0.000974 
0.000499 0.000088 0.000000 0.000923 
0.000529 0.000113 0.000000 0.001140 
0.000485 0.000079 0.000000 0.000967 
0.000533 0.000100 0.000000 0.000974 
0.000583 0.000130 0.000000 0.001003 
0.000522 0.000077 0.000000 0.000826 
0.000529 0.000076 0.000000 0.000823 
0.000537 0.000083 0.000000 0.000804 
0.000501 0.000057 0.000000 0.000793 
0.000521 0.000080 0.000000 0.000897 
0.000510 0.000053 0.000000 0.000693 
0.000573 0.000123 0.000000 0.000962 
0.000558 0.000100 0.000000 0.000886 
0.000543 0.000130 0.000000 0.001129 
0.000531 0.000084 0.000000 0.000807 
0.000539 0.000091 0.000000 0.000905 
0.000541 0.000080 0.000000 0.000878 
0.000639 0.000144 0.000000 0.001137 
0.000627 0.000156 0.000000 0.001101 
0.000623 0.000145 0.000000 0.001117 
0.000580 0.000118 0.000000 0.000974 
0.000629 0.000171 0.000000 0.001187 
0.000681 0.000173 0.000000 0.001128 
0.000652 0.000211 0.000000 0.001384 
0.000610 0.000164 0.000000 0.001090 
0.000599 0.000170 0.000000 0.001340 
0.000644 0.000155 0.000000 0.001131 
0.000634 0.000143 0.000000 0.001150 
0.000607 0.000148 0.000000 0.001095 
0.000640 0.000155 0.000000 0.001156 
