0.000729 0.000311 0.000000 0.001786 
0.000713 0.000298 0.000000 0.001646 
0.000682 0.000289 0.000000 0.001753 
0.000709 0.000320 0.000000 0.001724 
0.000707 0.000290 0.000000 0.001585 
0.000714 0.000298 0.000000 0.001658 
0.000744 0.000325 0.000000 0.001773 
0.000711 0.000302 0.000000 0.001682 
0.000729 0.000317 0.000000 0.001779 
0.000687 0.000292 0.000000 0.001616 
0.000717 0.000302 0.000000 0.001727 
0.000728 0.000328 0.000000 0.001723 
0.000726 0.000321 0.000000 0.001787 
0.000721 0.000283 0.000000 0.001522 
0.000683 0.000250 0.000000 0.001424 
0.000753 0.000298 0.000000 0.001649 
0.000748 0.000323 0.000000 0.001862 
0.000711 0.000287 0.000000 0.001726 
0.000737 0.000296 0.000000 0.001659 
0.000725 0.000290 0.000000 0.001682 
0.000730 0.000312 0.000000 0.001688 
0.000739 0.000310 0.000000 0.001634 
0.000709 0.000275 0.000000 0.001637 
0.000717 0.000274 0.000000 0.001627 
0.000738 0.000285 0.000000 0.001597 
0.000725 0.000281 0.000000 0.001640 
0.000777 0.000316 0.000000 0.001754 
0.000777 0.000309 0.000000 0.001778 
0.000764 0.000324 0.000000 0.001741 
0.000756 0.000310 0.000000 0.001682 
0.000766 0.000317 0.000000 0.001697 
0.000764 0.000331 0.000000 0.001724 
0.000741 0.000301 0.000000 0.001631 
0.000775 0.000335 0.000000 0.001796 
0.000759 0.000299 0.000000 0.001667 
0.000777 0.000342 0.000000 0.001793 
0.000768 0.000312 0.000000 0.001759 
0.000772 0.000324 0.000000 0.001751 
0.000768 0.000301 0.000000 0.001740 
0.000774 0.000311 0.000000 0.001739 
0.000761 0.000314 0.000000 0.001802 
0.000765 0.000302 0.000000 0.001750 
0.000763 0.000315 0.000000 0.001685 
0.000769 0.000305 0.000000 0.001740 
0.000763 0.000308 0.000000 0.001700 
0.000769 0.000315 0.000000 0.001910 
0.000770 0.000322 0.000000 0.001823 
0.000758 0.000303 0.000000 0.001723 
0.000780 0.000327 0.000000 0.001836 
0.000781 0.000352 0.000000 0.001897 
0.000774 0.000311 0.000000 0.001667 
0.000751 0.000327 0.000000 0.001857 
0.000798 0.000363 0.000000 0.002022 
0.000801 0.000367 0.000000 0.002037 
0.000781 0.000349 0.000000 0.001945 
0.000757 0.000327 0.000000 0.001857 
0.000769 0.000312 0.000000 0.001771 
0.000784 0.000356 0.000000 0.001951 
0.000777 0.000317 0.000000 0.001774 
0.000751 0.000311 0.000000 0.001745 
0.000712 0.000303 0.000000 0.001793 
0.000704 0.000277 0.000000 0.001612 
0.000699 0.000271 0.000000 0.001685 
0.000693 0.000275 0.000000 0.001739 
0.000688 0.000249 0.000000 0.001483 
0.000690 0.000276 0.000000 0.001625 
0.000708 0.000283 0.000000 0.001705 
0.000683 0.000287 0.000000 0.001708 
0.000686 0.000277 0.000000 0.001649 
0.000688 0.000277 0.000000 0.001653 
0.000691 0.000236 0.000000 0.001416 
0.000702 0.000252 0.000000 0.001678 
0.000712 0.000238 0.000000 0.001526 
0.000699 0.000242 0.000000 0.001487 
0.000686 0.000256 0.000000 0.001518 
0.000693 0.000242 0.000000 0.001445 
0.000706 0.000241 0.000000 0.001463 
0.000711 0.000250 0.000000 0.001606 
0.000704 0.000256 0.000000 0.001629 
0.000711 0.000262 0.000000 0.001598 
0.000697 0.000247 0.000000 0.001526 
0.000715 0.000248 0.000000 0.001516 
0.000682 0.000229 0.000000 0.001453 
0.000711 0.000246 0.000000 0.001438 
0.000718 0.000269 0.000000 0.001694 
0.000708 0.000233 0.000000 0.001626 
0.000602 0.000194 0.000000 0.001587 
0.000711 0.000253 0.000000 0.001575 
0.000726 0.000264 0.000000 0.001643 
0.000684 0.000240 0.000000 0.001476 
0.000712 0.000266 0.000000 0.001580 
0.000749 0.000292 0.000000 0.001784 
0.000727 0.000253 0.000000 0.001690 
0.000712 0.000247 0.000000 0.001552 
0.000724 0.000270 0.000000 0.001585 
0.000711 0.000270 0.000000 0.001694 
0.000699 0.000252 0.000000 0.001518 
0.000720 0.000264 0.000000 0.001674 
0.000680 0.000266 0.000000 0.001663 
0.000699 0.000244 0.000000 0.001619 
0.000776 0.000365 0.000000 0.002056 
0.000784 0.000335 0.000000 0.001844 
0.000770 0.000369 0.000000 0.002008 
0.000781 0.000344 0.000000 0.001806 
0.000782 0.000372 0.000000 0.002012 
0.000786 0.000399 0.000000 0.002113 
0.000758 0.000341 0.000000 0.001964 
0.000769 0.000345 0.000000 0.002120 
0.000750 0.000344 0.000000 0.001849 
0.000782 0.000366 0.000000 0.001889 
0.000769 0.000328 0.000000 0.001813 
0.000769 0.000316 0.000000 0.001788 
0.000758 0.000329 0.000000 0.002080 
0.000784 0.000346 0.000000 0.001995 
0.000713 0.000267 0.000000 0.001583 
0.000767 0.000272 0.000000 0.001696 
0.000684 0.000267 0.000000 0.001538 
0.000693 0.000282 0.000000 0.001640 
0.000757 0.000310 0.000000 0.001746 
0.000690 0.000269 0.000000 0.001518 
0.000715 0.000257 0.000000 0.002054 
0.000677 0.000262 0.000000 0.001555 
0.000685 0.000272 0.000000 0.001605 
0.000720 0.000283 0.000000 0.001918 
0.000692 0.000259 0.000000 0.001511 
0.000754 0.000293 0.000000 0.001734 
0.000674 0.000249 0.000000 0.001570 
0.000763 0.000330 0.000000 0.001819 
0.000768 0.000343 0.000000 0.001783 
0.000734 0.000319 0.000000 0.001734 
0.000734 0.000332 0.000000 0.001863 
0.000723 0.000306 0.000000 0.001664 
0.000716 0.000308 0.000000 0.001752 
0.000747 0.000332 0.000000 0.001896 
0.000733 0.000322 0.000000 0.001752 
0.000774 0.000346 0.000000 0.001775 
0.000771 0.000332 0.000000 0.001776 
0.000741 0.000335 0.000000 0.001770 
0.000794 0.000345 0.000000 0.001902 
0.000762 0.000285 0.000000 0.001776 
0.000741 0.000283 0.000000 0.001563 
0.000763 0.000295 0.000000 0.001680 
0.000747 0.000290 0.000000 0.001659 
0.000758 0.000314 0.000000 0.002003 
0.000748 0.000304 0.000000 0.001648 
0.000753 0.000306 0.000000 0.001687 
0.000741 0.000285 0.000000 0.001546 
0.000766 0.000310 0.000000 0.001679 
0.000743 0.000288 0.000000 0.001598 
0.000742 0.000300 0.000000 0.001646 
0.000789 0.000331 0.000000 0.001891 
0.000765 0.000306 0.000000 0.001676 
0.000730 0.000320 0.000000 0.001807 
0.000673 0.000258 0.000000 0.001695 
0.000672 0.000267 0.000000 0.001568 
0.000679 0.000257 0.000000 0.001618 
0.000654 0.000266 0.000000 0.001640 
0.000722 0.000322 0.000000 0.001701 
0.000659 0.000260 0.000000 0.001571 
0.000689 0.000293 0.000000 0.001624 
0.000659 0.000278 0.000000 0.001612 
0.000681 0.000284 0.000000 0.001839 
0.000659 0.000270 0.000000 0.001614 
0.000697 0.000293 0.000000 0.001634 
0.000671 0.000297 0.000000 0.001668 
0.000681 0.000249 0.000000 0.001585 
0.000718 0.000269 0.000000 0.001518 
0.000649 0.000214 0.000000 0.001532 
0.000673 0.000226 0.000000 0.001431 
0.000651 0.000220 0.000000 0.001507 
0.000663 0.000224 0.000000 0.001441 
0.000654 0.000228 0.000000 0.001663 
0.000664 0.000231 0.000000 0.001624 
0.000701 0.000272 0.000000 0.001715 
0.000673 0.000247 0.000000 0.001574 
0.000715 0.000270 0.000000 0.001643 
0.000651 0.000219 0.000000 0.001492 
0.000687 0.000249 0.000000 0.001637 
0.000691 0.000241 0.000000 0.001524 
0.000787 0.000324 0.000000 0.001791 
0.000773 0.000334 0.000000 0.001840 
0.000771 0.000322 0.000000 0.001720 
0.000798 0.000341 0.000000 0.001817 
0.000777 0.000334 0.000000 0.001798 
0.000784 0.000344 0.000000 0.001787 
0.000798 0.000355 0.000000 0.001841 
0.000784 0.000344 0.000000 0.001837 
0.000789 0.000364 0.000000 0.002256 
0.000771 0.000337 0.000000 0.001804 
0.000791 0.000351 0.000000 0.001826 
0.000777 0.000335 0.000000 0.001796 
0.000777 0.000345 0.000000 0.001832 
