0.001024 0.000422 0.000547 0.002585 
0.001041 0.000406 0.000558 0.002614 
0.001054 0.000411 0.000547 0.002498 
0.001035 0.000433 0.000556 0.002604 
0.001015 0.000418 0.000543 0.002466 
0.001027 0.000430 0.000557 0.002644 
0.001038 0.000399 0.000570 0.002499 
0.001052 0.000414 0.000565 0.002520 
0.001005 0.000400 0.000532 0.002432 
0.001023 0.000402 0.000554 0.002486 
0.001024 0.000402 0.000562 0.002484 
0.001006 0.000380 0.000557 0.002434 
0.001038 0.000428 0.000552 0.002549 
0.001045 0.000423 0.000514 0.002530 
0.001071 0.000419 0.000541 0.002456 
0.001027 0.000407 0.000521 0.002418 
0.001069 0.000395 0.000532 0.002436 
0.001059 0.000434 0.000515 0.002533 
0.001015 0.000405 0.000521 0.002395 
0.001025 0.000408 0.000513 0.002400 
0.001068 0.000402 0.000532 0.002430 
0.001032 0.000397 0.000510 0.002341 
0.001060 0.000398 0.000531 0.002383 
0.001028 0.000397 0.000511 0.002357 
0.001053 0.000401 0.000527 0.002439 
0.001051 0.000396 0.000530 0.002511 
0.001128 0.000441 0.000577 0.002574 
0.001093 0.000440 0.000546 0.002532 
0.001140 0.000464 0.000550 0.002515 
0.001076 0.000460 0.000521 0.002598 
0.001090 0.000486 0.000531 0.002738 
0.001081 0.000470 0.000540 0.002616 
0.001130 0.000458 0.000546 0.002576 
0.001125 0.000461 0.000550 0.002599 
0.001070 0.000472 0.000542 0.002700 
0.001071 0.000448 0.000547 0.002530 
0.001115 0.000460 0.000551 0.002632 
0.000938 0.000355 0.000516 0.002313 
0.000955 0.000364 0.000499 0.002277 
0.000959 0.000370 0.000508 0.002287 
0.000948 0.000367 0.000526 0.002439 
0.000945 0.000359 0.000544 0.002267 
0.000921 0.000341 0.000503 0.002163 
0.000922 0.000346 0.000517 0.002247 
0.000951 0.000361 0.000526 0.002338 
0.000947 0.000362 0.000541 0.002333 
0.000982 0.000377 0.000531 0.002321 
0.000925 0.000354 0.000533 0.002278 
0.000974 0.000370 0.000553 0.002374 
0.001272 0.000480 0.000549 0.002702 
0.001259 0.000441 0.000573 0.002606 
0.001218 0.000452 0.000588 0.002648 
0.001252 0.000496 0.000538 0.002694 
0.001296 0.000459 0.000561 0.002653 
0.001243 0.000466 0.000533 0.002646 
0.001363 0.000458 0.000588 0.002715 
0.001289 0.000460 0.000574 0.002725 
0.001249 0.000465 0.000569 0.002710 
0.001207 0.000451 0.000589 0.002636 
0.001166 0.000424 0.000558 0.002566 
0.001065 0.000423 0.000525 0.002451 
0.001048 0.000416 0.000514 0.002334 
0.001077 0.000433 0.000542 0.002420 
0.001020 0.000404 0.000532 0.002414 
0.001045 0.000412 0.000504 0.002394 
0.001032 0.000415 0.000524 0.002384 
0.001059 0.000430 0.000521 0.002430 
0.001033 0.000410 0.000533 0.002397 
0.001035 0.000408 0.000498 0.002348 
0.001060 0.000416 0.000533 0.002364 
0.001089 0.000406 0.000582 0.002433 
0.001110 0.000423 0.000533 0.002536 
0.001072 0.000418 0.000549 0.002439 
0.001075 0.000419 0.000561 0.002541 
0.001097 0.000435 0.000578 0.002675 
0.001086 0.000445 0.000546 0.002655 
0.001082 0.000416 0.000577 0.002579 
0.001085 0.000412 0.000567 0.002509 
0.001084 0.000413 0.000546 0.002543 
0.001119 0.000432 0.000586 0.002548 
0.001068 0.000404 0.000566 0.002546 
0.001101 0.000420 0.000588 0.002566 
0.001064 0.000440 0.000539 0.002676 
0.001071 0.000389 0.000553 0.002407 
0.001111 0.000432 0.000545 0.002538 
0.001069 0.000425 0.000557 0.002621 
0.000988 0.000436 0.000497 0.002516 
0.001010 0.000411 0.000527 0.002370 
0.001000 0.000399 0.000549 0.002335 
0.001059 0.000428 0.000549 0.002557 
0.001008 0.000451 0.000529 0.002573 
0.001015 0.000442 0.000550 0.002550 
0.001046 0.000453 0.000552 0.002643 
0.001042 0.000443 0.000545 0.002546 
0.001024 0.000418 0.000544 0.002481 
0.001094 0.000439 0.000560 0.002544 
0.001020 0.000418 0.000548 0.002472 
0.001065 0.000463 0.000558 0.002631 
0.001035 0.000437 0.000552 0.002465 
0.001027 0.000412 0.000544 0.002309 
0.001231 0.000526 0.000576 0.002826 
0.001202 0.000551 0.000538 0.002869 
0.001174 0.000535 0.000530 0.002815 
0.001202 0.000536 0.000523 0.002924 
0.001182 0.000526 0.000564 0.002806 
0.001199 0.000521 0.000570 0.002987 
0.001209 0.000526 0.000567 0.002775 
0.001193 0.000523 0.000538 0.002768 
0.001222 0.000525 0.000556 0.002866 
0.001142 0.000509 0.000519 0.002742 
0.001224 0.000551 0.000522 0.002889 
0.001218 0.000549 0.000539 0.002883 
0.001269 0.000542 0.000561 0.002797 
0.001230 0.000510 0.000562 0.002834 
0.000958 0.000345 0.000531 0.002223 
0.000972 0.000365 0.000522 0.002382 
0.001033 0.000357 0.000542 0.002212 
0.001026 0.000379 0.000549 0.002503 
0.000999 0.000351 0.000543 0.002295 
0.001041 0.000370 0.000551 0.002382 
0.001034 0.000373 0.000562 0.002393 
0.001001 0.000351 0.000557 0.002248 
0.000982 0.000357 0.000556 0.002334 
0.001034 0.000376 0.000556 0.002389 
0.000983 0.000353 0.000549 0.002273 
0.001012 0.000366 0.000549 0.002317 
0.000992 0.000349 0.000521 0.002210 
0.001174 0.000478 0.000574 0.002626 
0.001202 0.000470 0.000575 0.002547 
0.001161 0.000465 0.000556 0.002554 
0.001179 0.000491 0.000511 0.002620 
0.001193 0.000479 0.000570 0.002634 
0.001188 0.000471 0.000559 0.002584 
0.001204 0.000468 0.000591 0.002526 
0.001183 0.000475 0.000568 0.002538 
0.001174 0.000469 0.000573 0.002718 
0.001157 0.000457 0.000560 0.002638 
0.001166 0.000464 0.000581 0.002526 
0.001161 0.000454 0.000569 0.002625 
0.001235 0.000537 0.000536 0.002729 
0.001240 0.000537 0.000505 0.002733 
0.001216 0.000525 0.000529 0.002711 
0.001252 0.000521 0.000542 0.002709 
0.001237 0.000537 0.000537 0.002740 
0.001204 0.000564 0.000520 0.002819 
0.001221 0.000526 0.000521 0.002739 
0.001212 0.000512 0.000550 0.002646 
0.001204 0.000559 0.000495 0.002797 
0.001209 0.000525 0.000519 0.002680 
0.001237 0.000544 0.000537 0.002723 
0.001235 0.000520 0.000562 0.002741 
0.001277 0.000546 0.000524 0.002726 
0.000979 0.000331 0.000582 0.002198 
0.001015 0.000357 0.000553 0.002295 
0.001022 0.000359 0.000585 0.002304 
0.001061 0.000382 0.000566 0.002373 
0.001037 0.000391 0.000575 0.002519 
0.000984 0.000323 0.000578 0.002177 
0.000996 0.000331 0.000573 0.002217 
0.000990 0.000307 0.000553 0.002059 
0.000983 0.000336 0.000574 0.002239 
0.001036 0.000349 0.000548 0.002213 
0.001009 0.000338 0.000582 0.002194 
0.001042 0.000366 0.000532 0.002245 
0.001003 0.000342 0.000587 0.002197 
0.001041 0.000383 0.000539 0.002350 
0.001024 0.000372 0.000532 0.002304 
0.001012 0.000405 0.000534 0.002388 
0.001042 0.000416 0.000549 0.002599 
0.001024 0.000420 0.000535 0.002569 
0.001043 0.000416 0.000530 0.002432 
0.001016 0.000378 0.000548 0.002398 
0.001010 0.000391 0.000544 0.002419 
0.001032 0.000378 0.000550 0.002377 
0.001056 0.000420 0.000565 0.002507 
0.001060 0.000377 0.000554 0.002336 
0.001007 0.000377 0.000554 0.002460 
0.001042 0.000410 0.000536 0.002502 
0.001032 0.000381 0.000554 0.002354 
0.001331 0.000520 0.000599 0.002813 
0.001309 0.000510 0.000595 0.002698 
0.001264 0.000489 0.000602 0.002696 
0.001271 0.000495 0.000602 0.002812 
0.001285 0.000506 0.000592 0.002735 
0.001303 0.000485 0.000590 0.002630 
0.001356 0.000500 0.000618 0.002729 
0.001276 0.000519 0.000598 0.002808 
0.001374 0.000504 0.000600 0.002734 
0.001240 0.000490 0.000601 0.002752 
0.001302 0.000508 0.000621 0.002744 
0.001330 0.000529 0.000570 0.002801 
0.001265 0.000493 0.000607 0.002720 
