0.000678 0.000077 0.000559 0.000917 
0.000687 0.000093 0.000547 0.001004 
0.000676 0.000086 0.000548 0.000928 
0.000667 0.000082 0.000554 0.000929 
0.000674 0.000080 0.000538 0.000944 
0.000675 0.000079 0.000545 0.000888 
0.000686 0.000071 0.000560 0.000898 
0.000682 0.000082 0.000565 0.000945 
0.000671 0.000071 0.000547 0.000948 
0.000674 0.000098 0.000532 0.000988 
0.000669 0.000079 0.000556 0.000892 
0.000667 0.000083 0.000528 0.000944 
0.000676 0.000076 0.000564 0.000935 
0.000621 0.000104 0.000493 0.001129 
0.000627 0.000112 0.000478 0.001071 
0.000654 0.000112 0.000499 0.001140 
0.000651 0.000116 0.000516 0.001202 
0.000650 0.000116 0.000501 0.001107 
0.000630 0.000109 0.000472 0.001121 
0.000627 0.000105 0.000512 0.001122 
0.000626 0.000113 0.000499 0.001198 
0.000651 0.000131 0.000502 0.001280 
0.000639 0.000116 0.000502 0.001173 
0.000628 0.000101 0.000506 0.001096 
0.000632 0.000091 0.000503 0.001067 
0.000651 0.000105 0.000517 0.001146 
0.000639 0.000059 0.000546 0.000875 
0.000627 0.000069 0.000525 0.000964 
0.000628 0.000054 0.000547 0.000870 
0.000621 0.000061 0.000530 0.000987 
0.000625 0.000060 0.000533 0.000904 
0.000629 0.000068 0.000533 0.000944 
0.000633 0.000051 0.000552 0.000850 
0.000630 0.000055 0.000548 0.000873 
0.000616 0.000059 0.000517 0.000921 
0.000619 0.000056 0.000533 0.000875 
0.000629 0.000056 0.000533 0.000827 
0.000674 0.000088 0.000571 0.001177 
0.000677 0.000093 0.000568 0.001313 
0.000679 0.000089 0.000577 0.001178 
0.000682 0.000093 0.000564 0.001266 
0.000679 0.000083 0.000572 0.001093 
0.000655 0.000090 0.000556 0.001263 
0.000665 0.000087 0.000556 0.001095 
0.000669 0.000079 0.000565 0.001091 
0.000677 0.000087 0.000576 0.001255 
0.000673 0.000069 0.000568 0.001092 
0.000665 0.000085 0.000565 0.001215 
0.000677 0.000084 0.000561 0.001138 
0.000647 0.000076 0.000544 0.001061 
0.000642 0.000076 0.000530 0.001245 
0.000664 0.000084 0.000551 0.001086 
0.000673 0.000073 0.000575 0.001049 
0.000672 0.000064 0.000581 0.001008 
0.000662 0.000074 0.000569 0.001019 
0.000656 0.000081 0.000524 0.001075 
0.000657 0.000069 0.000565 0.001076 
0.000651 0.000071 0.000556 0.001024 
0.000664 0.000063 0.000577 0.001000 
0.000657 0.000070 0.000548 0.001040 
0.000635 0.000097 0.000504 0.001091 
0.000632 0.000090 0.000503 0.001047 
0.000652 0.000099 0.000511 0.001089 
0.000636 0.000090 0.000520 0.001073 
0.000614 0.000096 0.000491 0.001070 
0.000634 0.000093 0.000502 0.001035 
0.000640 0.000096 0.000500 0.001070 
0.000619 0.000097 0.000491 0.001029 
0.000625 0.000093 0.000508 0.001001 
0.000611 0.000101 0.000491 0.001069 
0.000634 0.000076 0.000510 0.001113 
0.000617 0.000057 0.000524 0.000854 
0.000626 0.000063 0.000513 0.000955 
0.000640 0.000069 0.000526 0.001033 
0.000622 0.000062 0.000519 0.000967 
0.000637 0.000076 0.000518 0.001062 
0.000636 0.000057 0.000531 0.000907 
0.000634 0.000063 0.000520 0.000906 
0.000639 0.000057 0.000541 0.000977 
0.000629 0.000055 0.000531 0.000899 
0.000616 0.000054 0.000518 0.000890 
0.000636 0.000060 0.000529 0.000941 
0.000620 0.000057 0.000525 0.000883 
0.000631 0.000064 0.000537 0.001053 
0.000638 0.000055 0.000523 0.000951 
0.000616 0.000070 0.000482 0.000878 
0.000681 0.000097 0.000538 0.001132 
0.000684 0.000079 0.000537 0.001030 
0.000686 0.000080 0.000545 0.001012 
0.000661 0.000076 0.000541 0.000995 
0.000691 0.000080 0.000536 0.001029 
0.000681 0.000081 0.000536 0.001047 
0.000692 0.000087 0.000543 0.001097 
0.000705 0.000108 0.000544 0.001192 
0.000669 0.000081 0.000539 0.001073 
0.000695 0.000105 0.000539 0.001168 
0.000667 0.000079 0.000508 0.001019 
0.000683 0.000099 0.000537 0.001035 
0.000678 0.000100 0.000518 0.001048 
0.000685 0.000095 0.000537 0.001101 
0.000670 0.000096 0.000532 0.001123 
0.000685 0.000106 0.000528 0.001182 
0.000664 0.000083 0.000539 0.001078 
0.000668 0.000105 0.000495 0.001139 
0.000663 0.000104 0.000531 0.001130 
0.000672 0.000110 0.000521 0.001135 
0.000669 0.000095 0.000533 0.001076 
0.000670 0.000108 0.000527 0.001194 
0.000659 0.000115 0.000517 0.001176 
0.000651 0.000106 0.000496 0.001110 
0.000666 0.000085 0.000529 0.001100 
0.000671 0.000100 0.000512 0.001187 
0.000674 0.000085 0.000552 0.001100 
0.000691 0.000112 0.000551 0.001292 
0.000721 0.000078 0.000601 0.001035 
0.000653 0.000065 0.000552 0.000917 
0.000656 0.000078 0.000531 0.001030 
0.000665 0.000083 0.000547 0.000977 
0.000673 0.000069 0.000570 0.001032 
0.000662 0.000076 0.000546 0.000983 
0.000678 0.000087 0.000568 0.001187 
0.000667 0.000084 0.000541 0.001039 
0.000667 0.000079 0.000560 0.001070 
0.000681 0.000092 0.000555 0.001033 
0.000680 0.000078 0.000543 0.001032 
0.000664 0.000070 0.000552 0.000980 
0.000679 0.000086 0.000569 0.001008 
0.000759 0.000096 0.000621 0.001157 
0.000746 0.000090 0.000620 0.001174 
0.000757 0.000100 0.000605 0.001184 
0.000756 0.000092 0.000597 0.001238 
0.000744 0.000102 0.000580 0.001192 
0.000714 0.000096 0.000569 0.001119 
0.000724 0.000093 0.000560 0.001078 
0.000737 0.000092 0.000603 0.001096 
0.000760 0.000102 0.000611 0.001332 
0.000769 0.000102 0.000612 0.001243 
0.000750 0.000100 0.000609 0.001221 
0.000786 0.000104 0.000638 0.001280 
0.000725 0.000095 0.000557 0.001093 
0.000694 0.000095 0.000524 0.001088 
0.000700 0.000091 0.000531 0.001058 
0.000696 0.000098 0.000527 0.001116 
0.000696 0.000106 0.000530 0.001324 
0.000686 0.000110 0.000529 0.001254 
0.000680 0.000083 0.000529 0.001045 
0.000697 0.000105 0.000539 0.001192 
0.000693 0.000129 0.000498 0.001315 
0.000703 0.000113 0.000535 0.001137 
0.000701 0.000095 0.000535 0.001075 
0.000703 0.000100 0.000537 0.001161 
0.000715 0.000097 0.000537 0.001106 
0.000673 0.000054 0.000576 0.000877 
0.000705 0.000079 0.000577 0.001009 
0.000683 0.000073 0.000563 0.000984 
0.000697 0.000081 0.000552 0.000945 
0.000671 0.000067 0.000548 0.000906 
0.000665 0.000062 0.000562 0.000876 
0.000671 0.000066 0.000568 0.000873 
0.000678 0.000065 0.000555 0.000862 
0.000669 0.000065 0.000564 0.000879 
0.000673 0.000056 0.000570 0.000870 
0.000662 0.000054 0.000577 0.000865 
0.000694 0.000074 0.000567 0.000928 
0.000653 0.000064 0.000550 0.000862 
0.000644 0.000063 0.000548 0.000867 
0.000648 0.000059 0.000541 0.000864 
0.000624 0.000058 0.000497 0.000804 
0.000633 0.000053 0.000536 0.000803 
0.000633 0.000062 0.000511 0.000899 
0.000628 0.000065 0.000512 0.000889 
0.000630 0.000068 0.000515 0.000871 
0.000632 0.000060 0.000520 0.000917 
0.000629 0.000051 0.000518 0.000859 
0.000633 0.000052 0.000535 0.000835 
0.000623 0.000056 0.000529 0.000860 
0.000636 0.000054 0.000544 0.000803 
0.000640 0.000068 0.000500 0.000927 
0.000638 0.000064 0.000526 0.000830 
0.000690 0.000084 0.000541 0.001001 
0.000686 0.000078 0.000552 0.000962 
0.000692 0.000103 0.000545 0.001114 
0.000695 0.000105 0.000545 0.001158 
0.000713 0.000112 0.000575 0.001181 
0.000677 0.000095 0.000536 0.001092 
0.000702 0.000104 0.000564 0.001073 
0.000693 0.000096 0.000541 0.001047 
0.000695 0.000083 0.000575 0.001027 
0.000660 0.000087 0.000527 0.000992 
0.000696 0.000079 0.000573 0.000977 
0.000705 0.000082 0.000582 0.001024 
0.000685 0.000079 0.000564 0.000980 
