0.001247 0.000134 0.000908 0.001653 
0.001215 0.000159 0.000857 0.001609 
0.001186 0.000187 0.000845 0.001619 
0.001236 0.000158 0.000850 0.001586 
0.001203 0.000182 0.000814 0.001705 
0.001211 0.000186 0.000809 0.001738 
0.001207 0.000194 0.000798 0.001696 
0.001247 0.000177 0.000862 0.001674 
0.001203 0.000185 0.000836 0.001682 
0.001233 0.000182 0.000880 0.001694 
0.001195 0.000186 0.000831 0.001711 
0.001203 0.000188 0.000832 0.001807 
0.001207 0.000196 0.000836 0.001671 
0.001338 0.000309 0.000808 0.002168 
0.001420 0.000301 0.000899 0.002086 
0.001371 0.000288 0.000885 0.002091 
0.001324 0.000314 0.000819 0.002101 
0.001431 0.000315 0.000874 0.002154 
0.001400 0.000317 0.000842 0.002118 
0.001462 0.000282 0.000962 0.002147 
0.001440 0.000286 0.000920 0.002162 
0.001344 0.000313 0.000796 0.002060 
0.001357 0.000310 0.000829 0.002056 
0.001371 0.000298 0.000852 0.002130 
0.001426 0.000335 0.000839 0.002057 
0.001357 0.000308 0.000846 0.002142 
0.001358 0.000211 0.000861 0.001851 
0.001307 0.000179 0.000865 0.001845 
0.001363 0.000218 0.000869 0.001917 
0.001311 0.000201 0.000891 0.001937 
0.001374 0.000207 0.000869 0.001912 
0.001357 0.000197 0.000899 0.001933 
0.001328 0.000177 0.000901 0.001839 
0.001406 0.000176 0.000979 0.001852 
0.001393 0.000208 0.000880 0.001905 
0.001308 0.000210 0.000842 0.001907 
0.001375 0.000204 0.000952 0.001978 
0.001504 0.000308 0.001013 0.002185 
0.001533 0.000330 0.000972 0.002237 
0.001551 0.000310 0.001003 0.002137 
0.001496 0.000318 0.000916 0.002159 
0.001538 0.000322 0.000980 0.002304 
0.001525 0.000328 0.000886 0.002133 
0.001476 0.000305 0.000899 0.002134 
0.001492 0.000319 0.000911 0.002221 
0.001458 0.000295 0.000920 0.002234 
0.001470 0.000341 0.000906 0.002133 
0.001484 0.000278 0.000911 0.002099 
0.001477 0.000354 0.000930 0.002193 
0.001511 0.000426 0.000843 0.002372 
0.001452 0.000415 0.000782 0.002174 
0.001468 0.000408 0.000839 0.002239 
0.001485 0.000426 0.000824 0.002217 
0.001473 0.000394 0.000839 0.002204 
0.001516 0.000438 0.000832 0.002474 
0.001500 0.000446 0.000813 0.002282 
0.001481 0.000410 0.000823 0.002248 
0.001517 0.000439 0.000828 0.002339 
0.001472 0.000428 0.000823 0.002229 
0.001477 0.000397 0.000830 0.002194 
0.001231 0.000184 0.000842 0.001979 
0.001182 0.000183 0.000824 0.001800 
0.001212 0.000190 0.000836 0.001863 
0.001225 0.000187 0.000837 0.001855 
0.001123 0.000205 0.000815 0.001863 
0.001210 0.000180 0.000854 0.001821 
0.001199 0.000218 0.000886 0.002118 
0.001213 0.000192 0.000856 0.001765 
0.001178 0.000223 0.000809 0.001917 
0.001168 0.000211 0.000854 0.001990 
0.001257 0.000200 0.000921 0.001870 
0.001169 0.000199 0.000787 0.001867 
0.001252 0.000173 0.000934 0.001812 
0.001272 0.000189 0.000895 0.001845 
0.001246 0.000200 0.000886 0.001793 
0.001237 0.000181 0.000860 0.001945 
0.001238 0.000198 0.000892 0.001995 
0.001220 0.000180 0.000886 0.001910 
0.001241 0.000195 0.000847 0.001826 
0.001252 0.000184 0.000900 0.001903 
0.001213 0.000192 0.000892 0.001893 
0.001275 0.000185 0.000902 0.002016 
0.001225 0.000197 0.000919 0.001817 
0.001168 0.000193 0.000862 0.001883 
0.001201 0.000190 0.000812 0.001907 
0.001238 0.000174 0.000866 0.001847 
0.001310 0.000150 0.000952 0.001751 
0.001192 0.000139 0.000879 0.001571 
0.001338 0.000139 0.000991 0.001810 
0.001250 0.000135 0.000917 0.001659 
0.001308 0.000130 0.000977 0.001714 
0.001256 0.000144 0.000912 0.001817 
0.001364 0.000134 0.001026 0.001682 
0.001326 0.000156 0.000956 0.001829 
0.001222 0.000122 0.000924 0.001561 
0.001325 0.000147 0.000999 0.001808 
0.001286 0.000143 0.000927 0.001650 
0.001314 0.000128 0.000958 0.001716 
0.001268 0.000150 0.000950 0.001766 
0.001224 0.000145 0.000864 0.001607 
0.001697 0.000453 0.000988 0.002629 
0.001747 0.000461 0.001014 0.002674 
0.001645 0.000470 0.000954 0.002563 
0.001788 0.000493 0.001034 0.002710 
0.001713 0.000476 0.000954 0.002740 
0.001727 0.000471 0.000997 0.002669 
0.001698 0.000485 0.000998 0.002745 
0.001702 0.000471 0.000988 0.002682 
0.001685 0.000510 0.000960 0.002698 
0.001763 0.000442 0.001017 0.002812 
0.001727 0.000475 0.000972 0.002602 
0.001711 0.000464 0.000979 0.002588 
0.001768 0.000467 0.000965 0.002688 
0.001702 0.000467 0.000971 0.002574 
0.001400 0.000244 0.000925 0.002058 
0.001421 0.000176 0.001070 0.002060 
0.001480 0.000180 0.001124 0.001917 
0.001461 0.000227 0.001081 0.002215 
0.001461 0.000165 0.001185 0.002100 
0.001387 0.000255 0.000989 0.002238 
0.001513 0.000228 0.001117 0.002192 
0.001417 0.000219 0.001018 0.002074 
0.001499 0.000131 0.001240 0.001973 
0.001514 0.000210 0.001161 0.002062 
0.001448 0.000202 0.001125 0.001911 
0.001452 0.000197 0.001053 0.001976 
0.001494 0.000227 0.001098 0.002114 
0.001401 0.000248 0.001010 0.002296 
0.001379 0.000228 0.000988 0.002277 
0.001346 0.000182 0.001010 0.001986 
0.001382 0.000286 0.000974 0.002355 
0.001396 0.000245 0.000997 0.002326 
0.001352 0.000204 0.000997 0.002134 
0.001323 0.000234 0.000995 0.002169 
0.001409 0.000189 0.001079 0.002077 
0.001422 0.000284 0.000980 0.002511 
0.001385 0.000241 0.001002 0.002152 
0.001385 0.000246 0.000951 0.002228 
0.001343 0.000203 0.000980 0.002121 
0.001741 0.000548 0.001013 0.002839 
0.001625 0.000546 0.000847 0.002661 
0.001715 0.000570 0.000900 0.002753 
0.001692 0.000535 0.001003 0.002776 
0.001711 0.000623 0.000820 0.002884 
0.001687 0.000565 0.000843 0.002700 
0.001713 0.000582 0.000850 0.002820 
0.001791 0.000611 0.000899 0.002754 
0.001746 0.000584 0.000887 0.002791 
0.001715 0.000554 0.000919 0.002759 
0.001693 0.000551 0.000865 0.002761 
0.001695 0.000591 0.000839 0.002778 
0.001716 0.000542 0.000873 0.002699 
0.001186 0.000165 0.000829 0.001770 
0.001288 0.000187 0.000892 0.001904 
0.001316 0.000172 0.000907 0.001815 
0.001348 0.000165 0.000947 0.001834 
0.001263 0.000162 0.000869 0.001790 
0.001204 0.000191 0.000821 0.001985 
0.001251 0.000162 0.000870 0.001903 
0.001172 0.000207 0.000793 0.001739 
0.001243 0.000186 0.000823 0.001850 
0.001188 0.000195 0.000830 0.001846 
0.001247 0.000182 0.000902 0.001880 
0.001265 0.000201 0.000880 0.001788 
0.001298 0.000222 0.000831 0.001845 
0.001214 0.000232 0.000884 0.002115 
0.001203 0.000203 0.000850 0.001926 
0.001216 0.000196 0.000891 0.001978 
0.001174 0.000175 0.000899 0.001870 
0.001216 0.000185 0.000908 0.002077 
0.001208 0.000148 0.000908 0.001877 
0.001166 0.000174 0.000887 0.001929 
0.001171 0.000180 0.000832 0.001758 
0.001205 0.000195 0.000841 0.001914 
0.001239 0.000208 0.000886 0.001953 
0.001176 0.000178 0.000861 0.001844 
0.001206 0.000185 0.000911 0.002009 
0.001163 0.000195 0.000779 0.002040 
0.001188 0.000145 0.000829 0.001797 
0.001526 0.000264 0.001119 0.002222 
0.001517 0.000249 0.001102 0.002240 
0.001470 0.000223 0.001082 0.002170 
0.001515 0.000238 0.001098 0.002150 
0.001519 0.000241 0.001137 0.002151 
0.001515 0.000270 0.001089 0.002147 
0.001530 0.000261 0.001154 0.002275 
0.001538 0.000255 0.001139 0.002213 
0.001545 0.000252 0.001153 0.002228 
0.001497 0.000254 0.001050 0.002186 
0.001477 0.000251 0.001101 0.002301 
0.001558 0.000247 0.001093 0.002102 
0.001559 0.000282 0.001097 0.002145 
