0.000596 0.000048 0.000481 0.000793 
0.000588 0.000043 0.000495 0.000787 
0.000571 0.000041 0.000457 0.000738 
0.000590 0.000052 0.000428 0.000823 
0.000590 0.000040 0.000466 0.000833 
0.000589 0.000048 0.000476 0.000825 
0.000597 0.000042 0.000483 0.000844 
0.000603 0.000042 0.000501 0.000791 
0.000568 0.000038 0.000464 0.000787 
0.000599 0.000044 0.000458 0.000772 
0.000583 0.000052 0.000405 0.000765 
0.000599 0.000056 0.000400 0.000894 
0.000595 0.000038 0.000492 0.000797 
0.000570 0.000038 0.000477 0.000716 
0.000567 0.000046 0.000462 0.000747 
0.000564 0.000042 0.000472 0.000764 
0.000573 0.000038 0.000472 0.000686 
0.000592 0.000037 0.000487 0.000737 
0.000561 0.000048 0.000466 0.000795 
0.000571 0.000046 0.000481 0.000767 
0.000571 0.000043 0.000461 0.000758 
0.000560 0.000039 0.000469 0.000716 
0.000564 0.000039 0.000471 0.000698 
0.000563 0.000039 0.000471 0.000746 
0.000577 0.000041 0.000470 0.000758 
0.000570 0.000038 0.000485 0.000734 
0.000611 0.000067 0.000440 0.001046 
0.000572 0.000064 0.000440 0.000965 
0.000594 0.000062 0.000420 0.001048 
0.000571 0.000056 0.000445 0.000873 
0.000593 0.000054 0.000463 0.000913 
0.000576 0.000048 0.000455 0.000889 
0.000583 0.000053 0.000454 0.000809 
0.000582 0.000053 0.000459 0.000897 
0.000582 0.000072 0.000420 0.000908 
0.000586 0.000052 0.000430 0.000939 
0.000604 0.000060 0.000439 0.001083 
0.000615 0.000064 0.000465 0.000948 
0.000622 0.000061 0.000464 0.000986 
0.000610 0.000058 0.000476 0.000925 
0.000615 0.000052 0.000479 0.000869 
0.000621 0.000055 0.000486 0.000914 
0.000605 0.000063 0.000438 0.000930 
0.000615 0.000068 0.000455 0.000994 
0.000618 0.000052 0.000478 0.000941 
0.000617 0.000062 0.000481 0.000949 
0.000606 0.000042 0.000484 0.000839 
0.000605 0.000060 0.000467 0.000920 
0.000617 0.000044 0.000514 0.000842 
0.000594 0.000056 0.000484 0.000938 
0.000588 0.000048 0.000506 0.001053 
0.000596 0.000062 0.000484 0.001190 
0.000603 0.000051 0.000470 0.001152 
0.000604 0.000047 0.000490 0.001093 
0.000616 0.000055 0.000492 0.001034 
0.000608 0.000040 0.000501 0.000968 
0.000599 0.000043 0.000492 0.001021 
0.000597 0.000048 0.000493 0.000912 
0.000603 0.000062 0.000503 0.001159 
0.000611 0.000071 0.000486 0.001276 
0.000580 0.000057 0.000457 0.000912 
0.000554 0.000047 0.000449 0.000777 
0.000567 0.000049 0.000469 0.000876 
0.000581 0.000069 0.000460 0.001023 
0.000547 0.000054 0.000417 0.000790 
0.000565 0.000055 0.000450 0.000896 
0.000569 0.000051 0.000473 0.000900 
0.000561 0.000056 0.000434 0.000880 
0.000555 0.000048 0.000445 0.000879 
0.000546 0.000059 0.000367 0.000829 
0.000596 0.000042 0.000485 0.000832 
0.000605 0.000046 0.000502 0.000977 
0.000604 0.000039 0.000519 0.000861 
0.000593 0.000048 0.000466 0.000926 
0.000601 0.000035 0.000483 0.000776 
0.000613 0.000043 0.000495 0.000949 
0.000623 0.000045 0.000494 0.000981 
0.000604 0.000043 0.000485 0.000839 
0.000601 0.000049 0.000500 0.000891 
0.000626 0.000041 0.000514 0.000846 
0.000599 0.000049 0.000475 0.000958 
0.000613 0.000049 0.000527 0.000968 
0.000614 0.000046 0.000510 0.000940 
0.000599 0.000042 0.000470 0.000889 
0.000622 0.000047 0.000487 0.000901 
0.000604 0.000050 0.000480 0.000962 
0.000596 0.000044 0.000452 0.000814 
0.000594 0.000039 0.000484 0.000765 
0.000593 0.000037 0.000485 0.000793 
0.000592 0.000040 0.000479 0.000784 
0.000586 0.000050 0.000468 0.000734 
0.000597 0.000046 0.000458 0.000747 
0.000592 0.000044 0.000484 0.000802 
0.000581 0.000048 0.000455 0.000747 
0.000597 0.000036 0.000449 0.000731 
0.000580 0.000035 0.000464 0.000783 
0.000582 0.000044 0.000463 0.000849 
0.000600 0.000038 0.000484 0.000746 
0.000587 0.000039 0.000483 0.000723 
0.000595 0.000035 0.000492 0.000775 
0.000608 0.000052 0.000483 0.000946 
0.000607 0.000049 0.000483 0.000896 
0.000620 0.000040 0.000504 0.000866 
0.000611 0.000069 0.000412 0.000884 
0.000605 0.000054 0.000478 0.000920 
0.000585 0.000053 0.000486 0.000862 
0.000615 0.000053 0.000500 0.000964 
0.000590 0.000056 0.000468 0.000935 
0.000594 0.000049 0.000478 0.000837 
0.000596 0.000049 0.000482 0.000875 
0.000619 0.000051 0.000481 0.000881 
0.000594 0.000041 0.000474 0.000832 
0.000624 0.000053 0.000473 0.000963 
0.000589 0.000051 0.000486 0.000806 
0.000587 0.000044 0.000457 0.000845 
0.000571 0.000047 0.000459 0.000902 
0.000531 0.000058 0.000390 0.000802 
0.000544 0.000059 0.000358 0.000852 
0.000555 0.000059 0.000401 0.000893 
0.000526 0.000065 0.000322 0.000763 
0.000545 0.000056 0.000416 0.000890 
0.000544 0.000055 0.000423 0.000800 
0.000589 0.000047 0.000464 0.000859 
0.000508 0.000069 0.000326 0.000770 
0.000539 0.000050 0.000398 0.000785 
0.000527 0.000076 0.000331 0.000819 
0.000537 0.000059 0.000390 0.000920 
0.000587 0.000060 0.000443 0.000970 
0.000570 0.000065 0.000359 0.001029 
0.000579 0.000063 0.000391 0.000964 
0.000588 0.000075 0.000316 0.001047 
0.000591 0.000053 0.000443 0.000905 
0.000569 0.000060 0.000423 0.000914 
0.000579 0.000070 0.000357 0.001055 
0.000592 0.000058 0.000449 0.000941 
0.000576 0.000071 0.000376 0.001019 
0.000592 0.000076 0.000395 0.001021 
0.000592 0.000059 0.000434 0.000954 
0.000593 0.000055 0.000466 0.000950 
0.000597 0.000082 0.000492 0.001295 
0.000593 0.000093 0.000435 0.001544 
0.000595 0.000089 0.000444 0.001446 
0.000601 0.000107 0.000483 0.001574 
0.000593 0.000093 0.000446 0.001405 
0.000600 0.000095 0.000479 0.001454 
0.000604 0.000100 0.000453 0.001495 
0.000598 0.000102 0.000447 0.001560 
0.000591 0.000098 0.000447 0.001447 
0.000583 0.000078 0.000472 0.001510 
0.000599 0.000074 0.000501 0.001385 
0.000599 0.000090 0.000481 0.001422 
0.000625 0.000100 0.000456 0.001490 
0.000601 0.000045 0.000487 0.000754 
0.000607 0.000043 0.000500 0.000759 
0.000594 0.000039 0.000498 0.000737 
0.000634 0.000036 0.000528 0.000749 
0.000603 0.000035 0.000503 0.000745 
0.000600 0.000037 0.000490 0.000723 
0.000602 0.000045 0.000500 0.000748 
0.000591 0.000039 0.000502 0.000719 
0.000595 0.000039 0.000485 0.000764 
0.000597 0.000034 0.000499 0.000736 
0.000584 0.000043 0.000473 0.000765 
0.000589 0.000037 0.000500 0.000740 
0.000582 0.000043 0.000473 0.000729 
0.000618 0.000051 0.000508 0.000855 
0.000625 0.000047 0.000493 0.000959 
0.000610 0.000062 0.000442 0.000993 
0.000626 0.000049 0.000510 0.001021 
0.000604 0.000052 0.000486 0.000877 
0.000611 0.000054 0.000466 0.000867 
0.000602 0.000057 0.000427 0.000830 
0.000601 0.000051 0.000469 0.000854 
0.000607 0.000042 0.000506 0.000827 
0.000624 0.000047 0.000497 0.000905 
0.000600 0.000041 0.000495 0.000849 
0.000614 0.000054 0.000510 0.000991 
0.000607 0.000051 0.000495 0.000852 
0.000609 0.000058 0.000488 0.000902 
0.000626 0.000043 0.000522 0.000915 
0.000601 0.000041 0.000500 0.000923 
0.000603 0.000048 0.000500 0.000934 
0.000615 0.000050 0.000516 0.000889 
0.000615 0.000047 0.000516 0.000861 
0.000595 0.000052 0.000478 0.000833 
0.000635 0.000045 0.000536 0.000904 
0.000608 0.000048 0.000498 0.000918 
0.000610 0.000042 0.000500 0.000847 
0.000607 0.000044 0.000503 0.000865 
0.000613 0.000043 0.000511 0.000895 
0.000619 0.000039 0.000507 0.000883 
0.000612 0.000039 0.000520 0.000900 
