0.000608 0.000098 0.000483 0.001045 
0.000632 0.000111 0.000466 0.001132 
0.000590 0.000109 0.000442 0.001084 
0.000597 0.000114 0.000404 0.001049 
0.000622 0.000093 0.000466 0.001035 
0.000618 0.000105 0.000441 0.001050 
0.000614 0.000105 0.000480 0.001090 
0.000601 0.000104 0.000442 0.001035 
0.000594 0.000097 0.000464 0.000981 
0.000597 0.000110 0.000431 0.001071 
0.000603 0.000119 0.000409 0.001111 
0.000615 0.000106 0.000427 0.001059 
0.000590 0.000097 0.000437 0.001032 
0.000555 0.000084 0.000429 0.001016 
0.000551 0.000088 0.000419 0.000945 
0.000574 0.000093 0.000437 0.001037 
0.000587 0.000088 0.000457 0.001027 
0.000544 0.000083 0.000398 0.000983 
0.000555 0.000087 0.000419 0.000967 
0.000569 0.000081 0.000426 0.000897 
0.000564 0.000091 0.000442 0.000975 
0.000549 0.000086 0.000417 0.001053 
0.000562 0.000085 0.000439 0.001041 
0.000563 0.000095 0.000426 0.001064 
0.000551 0.000093 0.000403 0.001040 
0.000550 0.000095 0.000410 0.001044 
0.000587 0.000110 0.000383 0.001020 
0.000590 0.000123 0.000426 0.001077 
0.000574 0.000107 0.000403 0.001042 
0.000567 0.000119 0.000339 0.001042 
0.000577 0.000115 0.000340 0.001024 
0.000566 0.000123 0.000310 0.001037 
0.000590 0.000110 0.000443 0.001065 
0.000583 0.000117 0.000385 0.001122 
0.000615 0.000125 0.000426 0.001150 
0.000568 0.000116 0.000355 0.001110 
0.000588 0.000108 0.000448 0.001094 
0.000610 0.000119 0.000438 0.001122 
0.000626 0.000114 0.000466 0.001107 
0.000626 0.000131 0.000438 0.001338 
0.000620 0.000113 0.000487 0.001140 
0.000628 0.000111 0.000487 0.001064 
0.000609 0.000121 0.000431 0.001164 
0.000624 0.000119 0.000426 0.001142 
0.000641 0.000125 0.000488 0.001355 
0.000626 0.000116 0.000451 0.001141 
0.000614 0.000134 0.000452 0.001329 
0.000631 0.000123 0.000479 0.001158 
0.000627 0.000134 0.000461 0.001379 
0.000604 0.000119 0.000455 0.001197 
0.000645 0.000123 0.000503 0.001209 
0.000619 0.000117 0.000461 0.001201 
0.000635 0.000124 0.000478 0.001166 
0.000652 0.000123 0.000519 0.001268 
0.000624 0.000112 0.000455 0.001091 
0.000615 0.000123 0.000467 0.001197 
0.000628 0.000114 0.000458 0.001061 
0.000629 0.000121 0.000472 0.001170 
0.000643 0.000114 0.000487 0.001090 
0.000640 0.000119 0.000457 0.001109 
0.000576 0.000108 0.000413 0.001187 
0.000586 0.000092 0.000463 0.001104 
0.000579 0.000106 0.000415 0.001181 
0.000578 0.000094 0.000452 0.001090 
0.000582 0.000100 0.000381 0.001050 
0.000563 0.000107 0.000407 0.001113 
0.000570 0.000099 0.000437 0.001096 
0.000564 0.000101 0.000405 0.001067 
0.000576 0.000100 0.000433 0.001153 
0.000575 0.000107 0.000429 0.001147 
0.000628 0.000116 0.000450 0.001098 
0.000629 0.000118 0.000469 0.001120 
0.000634 0.000112 0.000463 0.001028 
0.000632 0.000125 0.000465 0.001123 
0.000596 0.000123 0.000402 0.001101 
0.000627 0.000116 0.000441 0.001094 
0.000639 0.000122 0.000458 0.001146 
0.000653 0.000123 0.000459 0.001081 
0.000607 0.000120 0.000449 0.001086 
0.000640 0.000136 0.000444 0.001164 
0.000625 0.000117 0.000459 0.001063 
0.000644 0.000120 0.000448 0.001091 
0.000620 0.000118 0.000441 0.001026 
0.000638 0.000118 0.000469 0.001079 
0.000612 0.000120 0.000442 0.001108 
0.000620 0.000113 0.000458 0.001034 
0.000628 0.000166 0.000425 0.001488 
0.000617 0.000121 0.000417 0.001149 
0.000657 0.000131 0.000470 0.001139 
0.000633 0.000122 0.000456 0.001120 
0.000630 0.000140 0.000425 0.001154 
0.000615 0.000131 0.000427 0.001160 
0.000640 0.000131 0.000472 0.001139 
0.000652 0.000135 0.000464 0.001147 
0.000623 0.000129 0.000478 0.001161 
0.000653 0.000141 0.000414 0.001201 
0.000638 0.000126 0.000476 0.001067 
0.000619 0.000141 0.000406 0.001225 
0.000619 0.000129 0.000431 0.001078 
0.000621 0.000128 0.000436 0.001068 
0.000598 0.000134 0.000428 0.001142 
0.000609 0.000121 0.000459 0.001182 
0.000592 0.000118 0.000434 0.001161 
0.000598 0.000144 0.000369 0.001101 
0.000602 0.000142 0.000418 0.001200 
0.000598 0.000150 0.000334 0.001251 
0.000585 0.000139 0.000369 0.001314 
0.000593 0.000121 0.000432 0.001217 
0.000584 0.000127 0.000425 0.001180 
0.000609 0.000130 0.000398 0.001203 
0.000594 0.000112 0.000447 0.001084 
0.000591 0.000110 0.000440 0.001066 
0.000597 0.000133 0.000446 0.001306 
0.000625 0.000127 0.000456 0.001286 
0.000625 0.000119 0.000468 0.001159 
0.000565 0.000111 0.000407 0.001041 
0.000576 0.000132 0.000339 0.001117 
0.000585 0.000134 0.000389 0.001102 
0.000599 0.000122 0.000431 0.001076 
0.000574 0.000122 0.000411 0.001177 
0.000592 0.000123 0.000416 0.001113 
0.000594 0.000119 0.000423 0.001154 
0.000582 0.000116 0.000427 0.001050 
0.000584 0.000121 0.000406 0.001114 
0.000567 0.000120 0.000411 0.001086 
0.000580 0.000120 0.000433 0.001064 
0.000580 0.000112 0.000431 0.001143 
0.000592 0.000140 0.000395 0.001450 
0.000599 0.000126 0.000420 0.001410 
0.000564 0.000144 0.000365 0.001445 
0.000565 0.000128 0.000361 0.001420 
0.000571 0.000144 0.000380 0.001362 
0.000557 0.000143 0.000339 0.001334 
0.000558 0.000129 0.000372 0.001254 
0.000594 0.000164 0.000318 0.001612 
0.000568 0.000137 0.000307 0.001356 
0.000590 0.000151 0.000370 0.001486 
0.000559 0.000137 0.000349 0.001380 
0.000608 0.000124 0.000441 0.001276 
0.000614 0.000107 0.000474 0.001081 
0.000578 0.000116 0.000414 0.001067 
0.000579 0.000115 0.000399 0.001088 
0.000600 0.000114 0.000429 0.001105 
0.000599 0.000127 0.000409 0.001105 
0.000577 0.000118 0.000389 0.001153 
0.000583 0.000121 0.000422 0.001118 
0.000595 0.000127 0.000423 0.001195 
0.000573 0.000118 0.000397 0.001292 
0.000594 0.000125 0.000424 0.001193 
0.000590 0.000118 0.000445 0.001178 
0.000612 0.000113 0.000464 0.001179 
0.000583 0.000112 0.000422 0.001106 
0.000628 0.000107 0.000474 0.001107 
0.000655 0.000116 0.000490 0.001175 
0.000630 0.000111 0.000455 0.001048 
0.000639 0.000118 0.000450 0.001133 
0.000611 0.000111 0.000435 0.001102 
0.000634 0.000127 0.000461 0.001218 
0.000626 0.000114 0.000463 0.001078 
0.000629 0.000118 0.000457 0.001134 
0.000603 0.000110 0.000453 0.001048 
0.000618 0.000111 0.000459 0.001059 
0.000597 0.000105 0.000416 0.000983 
0.000629 0.000113 0.000484 0.001128 
0.000593 0.000110 0.000435 0.001004 
0.000587 0.000105 0.000447 0.001134 
0.000590 0.000087 0.000482 0.001027 
0.000588 0.000087 0.000445 0.000963 
0.000599 0.000095 0.000480 0.001068 
0.000601 0.000088 0.000461 0.001020 
0.000595 0.000096 0.000440 0.000999 
0.000595 0.000097 0.000438 0.000984 
0.000608 0.000093 0.000479 0.001039 
0.000578 0.000090 0.000440 0.000972 
0.000581 0.000093 0.000456 0.001102 
0.000599 0.000103 0.000455 0.001076 
0.000603 0.000086 0.000473 0.000975 
0.000588 0.000097 0.000465 0.001042 
0.000613 0.000100 0.000438 0.001001 
0.000672 0.000137 0.000473 0.001315 
0.000616 0.000137 0.000442 0.001206 
0.000646 0.000141 0.000463 0.001283 
0.000660 0.000146 0.000479 0.001335 
0.000683 0.000157 0.000464 0.001309 
0.000661 0.000153 0.000449 0.001241 
0.000662 0.000157 0.000468 0.001325 
0.000647 0.000162 0.000455 0.001382 
0.000627 0.000139 0.000456 0.001255 
0.000646 0.000150 0.000433 0.001267 
0.000656 0.000144 0.000487 0.001326 
0.000627 0.000149 0.000438 0.001315 
0.000631 0.000144 0.000438 0.001302 
