0.000690 0.000135 0.000497 0.001481 
0.000690 0.000137 0.000501 0.001587 
0.000694 0.000153 0.000498 0.001753 
0.000691 0.000161 0.000492 0.001790 
0.000676 0.000125 0.000510 0.001407 
0.000700 0.000161 0.000506 0.001894 
0.000704 0.000158 0.000509 0.001799 
0.000699 0.000154 0.000517 0.001781 
0.000692 0.000142 0.000514 0.001604 
0.000694 0.000168 0.000499 0.001969 
0.000696 0.000161 0.000513 0.001743 
0.000687 0.000157 0.000484 0.001833 
0.000683 0.000132 0.000505 0.001608 
0.000658 0.000169 0.000476 0.001672 
0.000671 0.000168 0.000473 0.001624 
0.000688 0.000173 0.000501 0.001525 
0.000693 0.000170 0.000495 0.001583 
0.000680 0.000172 0.000500 0.001886 
0.000676 0.000182 0.000484 0.001636 
0.000684 0.000171 0.000492 0.001568 
0.000665 0.000176 0.000466 0.001649 
0.000682 0.000183 0.000506 0.001694 
0.000668 0.000158 0.000488 0.001497 
0.000678 0.000168 0.000494 0.001521 
0.000691 0.000167 0.000509 0.001475 
0.000692 0.000186 0.000487 0.001691 
0.000642 0.000129 0.000486 0.001353 
0.000624 0.000132 0.000472 0.001367 
0.000628 0.000113 0.000513 0.001318 
0.000622 0.000119 0.000441 0.001267 
0.000622 0.000118 0.000480 0.001247 
0.000621 0.000117 0.000477 0.001249 
0.000631 0.000118 0.000482 0.001429 
0.000622 0.000106 0.000492 0.001218 
0.000633 0.000141 0.000478 0.001614 
0.000626 0.000122 0.000481 0.001399 
0.000633 0.000123 0.000484 0.001420 
0.000661 0.000121 0.000515 0.001518 
0.000679 0.000115 0.000519 0.001374 
0.000667 0.000126 0.000494 0.001409 
0.000674 0.000119 0.000517 0.001477 
0.000668 0.000114 0.000507 0.001399 
0.000649 0.000129 0.000466 0.001541 
0.000657 0.000112 0.000504 0.001346 
0.000657 0.000123 0.000498 0.001546 
0.000660 0.000114 0.000510 0.001378 
0.000669 0.000120 0.000511 0.001455 
0.000663 0.000120 0.000512 0.001442 
0.000658 0.000114 0.000498 0.001325 
0.000684 0.000159 0.000520 0.001653 
0.000672 0.000147 0.000518 0.001660 
0.000694 0.000176 0.000506 0.001854 
0.000697 0.000165 0.000519 0.001822 
0.000706 0.000151 0.000549 0.001572 
0.000693 0.000155 0.000511 0.001581 
0.000687 0.000178 0.000483 0.001734 
0.000694 0.000175 0.000522 0.001722 
0.000664 0.000145 0.000526 0.001688 
0.000700 0.000160 0.000525 0.001632 
0.000674 0.000156 0.000506 0.001810 
0.000605 0.000114 0.000464 0.001378 
0.000608 0.000107 0.000470 0.001181 
0.000623 0.000111 0.000484 0.001248 
0.000611 0.000109 0.000486 0.001279 
0.000605 0.000128 0.000453 0.001481 
0.000604 0.000109 0.000482 0.001212 
0.000607 0.000105 0.000475 0.001125 
0.000592 0.000107 0.000451 0.001180 
0.000597 0.000097 0.000452 0.001165 
0.000588 0.000108 0.000457 0.001280 
0.000646 0.000134 0.000475 0.001352 
0.000624 0.000101 0.000506 0.001150 
0.000635 0.000120 0.000482 0.001255 
0.000638 0.000133 0.000471 0.001266 
0.000640 0.000126 0.000488 0.001291 
0.000635 0.000127 0.000484 0.001302 
0.000636 0.000117 0.000487 0.001180 
0.000644 0.000121 0.000474 0.001336 
0.000639 0.000123 0.000486 0.001299 
0.000633 0.000107 0.000509 0.001221 
0.000630 0.000112 0.000500 0.001184 
0.000641 0.000123 0.000492 0.001232 
0.000631 0.000124 0.000484 0.001230 
0.000648 0.000125 0.000483 0.001235 
0.000638 0.000113 0.000498 0.001228 
0.000615 0.000115 0.000467 0.001221 
0.000716 0.000180 0.000489 0.001606 
0.000700 0.000187 0.000466 0.001807 
0.000702 0.000180 0.000488 0.001833 
0.000696 0.000186 0.000458 0.001824 
0.000700 0.000177 0.000449 0.001835 
0.000698 0.000178 0.000486 0.001891 
0.000714 0.000193 0.000500 0.001764 
0.000709 0.000182 0.000481 0.001813 
0.000704 0.000186 0.000487 0.001776 
0.000708 0.000189 0.000471 0.001808 
0.000694 0.000179 0.000479 0.001610 
0.000699 0.000171 0.000483 0.001780 
0.000702 0.000184 0.000463 0.001759 
0.000719 0.000185 0.000465 0.001859 
0.000689 0.000176 0.000500 0.001526 
0.000676 0.000162 0.000495 0.001461 
0.000679 0.000181 0.000495 0.001546 
0.000674 0.000176 0.000468 0.001608 
0.000688 0.000181 0.000504 0.001709 
0.000690 0.000174 0.000524 0.001699 
0.000678 0.000154 0.000526 0.001492 
0.000665 0.000160 0.000491 0.001559 
0.000670 0.000181 0.000497 0.001618 
0.000662 0.000160 0.000493 0.001467 
0.000680 0.000167 0.000484 0.001447 
0.000666 0.000157 0.000483 0.001424 
0.000683 0.000158 0.000508 0.001525 
0.000683 0.000156 0.000492 0.001395 
0.000799 0.000186 0.000554 0.001657 
0.000747 0.000166 0.000532 0.001548 
0.000764 0.000195 0.000518 0.001802 
0.000769 0.000198 0.000514 0.001594 
0.000762 0.000184 0.000524 0.001707 
0.000776 0.000202 0.000544 0.001780 
0.000774 0.000211 0.000523 0.001785 
0.000764 0.000210 0.000506 0.002053 
0.000778 0.000200 0.000523 0.001754 
0.000757 0.000200 0.000511 0.001813 
0.000794 0.000183 0.000561 0.001785 
0.000754 0.000192 0.000508 0.001755 
0.000778 0.000220 0.000512 0.002084 
0.000774 0.000189 0.000564 0.001768 
0.000764 0.000166 0.000577 0.001576 
0.000824 0.000208 0.000571 0.001847 
0.000798 0.000175 0.000584 0.001619 
0.000773 0.000191 0.000562 0.001706 
0.000779 0.000196 0.000556 0.001760 
0.000798 0.000187 0.000566 0.001635 
0.000754 0.000184 0.000566 0.001790 
0.000791 0.000183 0.000585 0.001738 
0.000854 0.000219 0.000598 0.001928 
0.000798 0.000199 0.000565 0.001781 
0.000824 0.000192 0.000584 0.001741 
0.000690 0.000177 0.000504 0.001715 
0.000671 0.000169 0.000496 0.001713 
0.000664 0.000174 0.000485 0.001800 
0.000668 0.000188 0.000485 0.001892 
0.000653 0.000164 0.000476 0.001736 
0.000655 0.000170 0.000509 0.002006 
0.000650 0.000154 0.000488 0.001581 
0.000674 0.000193 0.000490 0.001903 
0.000633 0.000166 0.000441 0.001727 
0.000657 0.000185 0.000460 0.001796 
0.000672 0.000161 0.000502 0.001623 
0.000666 0.000184 0.000475 0.001861 
0.000667 0.000163 0.000495 0.001723 
0.000623 0.000080 0.000522 0.001159 
0.000626 0.000089 0.000515 0.001183 
0.000617 0.000091 0.000510 0.001271 
0.000607 0.000108 0.000476 0.001291 
0.000613 0.000089 0.000483 0.001270 
0.000608 0.000081 0.000513 0.001173 
0.000609 0.000083 0.000520 0.001174 
0.000606 0.000083 0.000507 0.001207 
0.000606 0.000083 0.000466 0.001132 
0.000611 0.000075 0.000519 0.001165 
0.000613 0.000075 0.000520 0.001061 
0.000611 0.000086 0.000513 0.001156 
0.000596 0.000086 0.000479 0.001171 
0.000668 0.000148 0.000486 0.001488 
0.000652 0.000147 0.000484 0.001461 
0.000633 0.000141 0.000476 0.001645 
0.000648 0.000137 0.000504 0.001505 
0.000656 0.000159 0.000498 0.001885 
0.000646 0.000160 0.000472 0.001771 
0.000636 0.000140 0.000468 0.001537 
0.000647 0.000150 0.000481 0.001731 
0.000651 0.000140 0.000492 0.001460 
0.000659 0.000152 0.000505 0.001856 
0.000653 0.000144 0.000506 0.001550 
0.000638 0.000145 0.000459 0.001578 
0.000641 0.000136 0.000483 0.001624 
0.000641 0.000142 0.000474 0.001513 
0.000686 0.000170 0.000500 0.001937 
0.000721 0.000168 0.000514 0.001635 
0.000705 0.000169 0.000521 0.001800 
0.000708 0.000161 0.000532 0.001599 
0.000735 0.000194 0.000539 0.001810 
0.000688 0.000156 0.000521 0.001719 
0.000704 0.000165 0.000534 0.001605 
0.000708 0.000184 0.000529 0.001898 
0.000714 0.000174 0.000530 0.001799 
0.000688 0.000172 0.000506 0.001789 
0.000719 0.000160 0.000535 0.001475 
0.000730 0.000159 0.000541 0.001560 
0.000716 0.000163 0.000541 0.001592 
