0.000714 0.000069 0.000531 0.000996 
0.000690 0.000055 0.000575 0.000965 
0.000669 0.000048 0.000565 0.000902 
0.000689 0.000070 0.000533 0.000952 
0.000703 0.000065 0.000549 0.000988 
0.000710 0.000076 0.000525 0.000980 
0.000707 0.000065 0.000531 0.000933 
0.000713 0.000066 0.000543 0.000950 
0.000702 0.000060 0.000546 0.000931 
0.000692 0.000068 0.000520 0.000942 
0.000698 0.000066 0.000548 0.000967 
0.000691 0.000063 0.000546 0.000957 
0.000697 0.000058 0.000552 0.000991 
0.000650 0.000073 0.000538 0.001075 
0.000669 0.000080 0.000553 0.001084 
0.000690 0.000076 0.000566 0.001137 
0.000677 0.000073 0.000576 0.001126 
0.000678 0.000076 0.000551 0.001098 
0.000651 0.000062 0.000541 0.001017 
0.000697 0.000077 0.000566 0.001035 
0.000658 0.000071 0.000509 0.001037 
0.000670 0.000071 0.000554 0.001037 
0.000663 0.000070 0.000552 0.001019 
0.000689 0.000074 0.000549 0.001093 
0.000679 0.000067 0.000561 0.001042 
0.000660 0.000072 0.000559 0.001034 
0.000715 0.000088 0.000575 0.001087 
0.000694 0.000097 0.000564 0.001112 
0.000701 0.000073 0.000570 0.001024 
0.000706 0.000095 0.000541 0.001177 
0.000721 0.000109 0.000549 0.001275 
0.000685 0.000095 0.000533 0.001112 
0.000729 0.000090 0.000549 0.001138 
0.000727 0.000092 0.000559 0.001159 
0.000708 0.000104 0.000541 0.001258 
0.000711 0.000085 0.000544 0.001070 
0.000716 0.000083 0.000585 0.001085 
0.000737 0.000066 0.000621 0.001044 
0.000782 0.000072 0.000602 0.001022 
0.000765 0.000074 0.000618 0.001122 
0.000761 0.000070 0.000620 0.001086 
0.000764 0.000075 0.000601 0.001045 
0.000731 0.000061 0.000597 0.000991 
0.000778 0.000082 0.000597 0.001117 
0.000742 0.000068 0.000575 0.001051 
0.000758 0.000069 0.000611 0.001033 
0.000739 0.000059 0.000593 0.001052 
0.000730 0.000066 0.000593 0.001076 
0.000740 0.000067 0.000587 0.001109 
0.000725 0.000086 0.000579 0.001108 
0.000741 0.000071 0.000597 0.001100 
0.000734 0.000089 0.000583 0.001109 
0.000737 0.000072 0.000596 0.001067 
0.000766 0.000074 0.000595 0.001069 
0.000766 0.000080 0.000614 0.001072 
0.000734 0.000083 0.000582 0.001092 
0.000745 0.000088 0.000580 0.001173 
0.000741 0.000077 0.000579 0.001099 
0.000762 0.000081 0.000595 0.001092 
0.000749 0.000078 0.000604 0.001082 
0.000720 0.000115 0.000545 0.001207 
0.000711 0.000097 0.000546 0.001132 
0.000730 0.000109 0.000559 0.001296 
0.000719 0.000108 0.000536 0.001167 
0.000686 0.000108 0.000546 0.001134 
0.000705 0.000108 0.000547 0.001194 
0.000724 0.000121 0.000521 0.001288 
0.000694 0.000101 0.000536 0.001135 
0.000697 0.000096 0.000535 0.001164 
0.000681 0.000097 0.000508 0.001126 
0.000758 0.000101 0.000594 0.001175 
0.000744 0.000098 0.000552 0.001162 
0.000776 0.000115 0.000560 0.001245 
0.000783 0.000126 0.000559 0.001250 
0.000746 0.000112 0.000562 0.001205 
0.000763 0.000116 0.000556 0.001221 
0.000769 0.000113 0.000549 0.001201 
0.000760 0.000104 0.000575 0.001171 
0.000746 0.000101 0.000563 0.001181 
0.000812 0.000120 0.000554 0.001225 
0.000756 0.000111 0.000568 0.001206 
0.000775 0.000116 0.000562 0.001260 
0.000771 0.000115 0.000559 0.001205 
0.000774 0.000102 0.000590 0.001193 
0.000781 0.000110 0.000572 0.001236 
0.000798 0.000127 0.000564 0.001266 
0.000742 0.000103 0.000553 0.001168 
0.000772 0.000108 0.000539 0.001155 
0.000781 0.000109 0.000551 0.001186 
0.000777 0.000125 0.000544 0.001223 
0.000771 0.000114 0.000541 0.001167 
0.000769 0.000123 0.000577 0.001218 
0.000789 0.000116 0.000576 0.001184 
0.000756 0.000116 0.000573 0.001228 
0.000764 0.000108 0.000554 0.001199 
0.000748 0.000114 0.000563 0.001261 
0.000763 0.000108 0.000574 0.001174 
0.000743 0.000102 0.000588 0.001205 
0.000724 0.000107 0.000547 0.001163 
0.000753 0.000107 0.000551 0.001169 
0.000780 0.000162 0.000551 0.001477 
0.000805 0.000180 0.000562 0.001550 
0.000816 0.000160 0.000581 0.001522 
0.000814 0.000180 0.000563 0.001550 
0.000762 0.000173 0.000582 0.001533 
0.000741 0.000152 0.000549 0.001433 
0.000766 0.000158 0.000557 0.001482 
0.000792 0.000189 0.000575 0.001630 
0.000755 0.000160 0.000560 0.001502 
0.000778 0.000185 0.000585 0.001564 
0.000822 0.000176 0.000549 0.001547 
0.000799 0.000168 0.000556 0.001433 
0.000801 0.000151 0.000567 0.001467 
0.000780 0.000152 0.000575 0.001511 
0.000740 0.000122 0.000586 0.001365 
0.000694 0.000106 0.000543 0.001245 
0.000705 0.000126 0.000496 0.001324 
0.000678 0.000114 0.000533 0.001291 
0.000700 0.000109 0.000545 0.001316 
0.000659 0.000109 0.000514 0.001274 
0.000714 0.000115 0.000552 0.001342 
0.000687 0.000109 0.000527 0.001247 
0.000697 0.000110 0.000527 0.001290 
0.000683 0.000108 0.000520 0.001271 
0.000713 0.000113 0.000554 0.001306 
0.000713 0.000129 0.000558 0.001331 
0.000690 0.000098 0.000556 0.001315 
0.000699 0.000070 0.000586 0.001123 
0.000730 0.000070 0.000582 0.001096 
0.000689 0.000072 0.000573 0.001112 
0.000699 0.000063 0.000567 0.001044 
0.000682 0.000068 0.000576 0.001150 
0.000652 0.000056 0.000568 0.001038 
0.000644 0.000060 0.000544 0.001020 
0.000705 0.000071 0.000578 0.001117 
0.000681 0.000055 0.000568 0.001067 
0.000711 0.000078 0.000574 0.001120 
0.000686 0.000072 0.000562 0.001084 
0.000748 0.000086 0.000607 0.001195 
0.000799 0.000131 0.000571 0.001308 
0.000778 0.000134 0.000565 0.001242 
0.000747 0.000123 0.000582 0.001206 
0.000750 0.000120 0.000593 0.001229 
0.000750 0.000126 0.000591 0.001387 
0.000737 0.000126 0.000580 0.001332 
0.000748 0.000123 0.000596 0.001225 
0.000743 0.000122 0.000593 0.001276 
0.000725 0.000142 0.000543 0.001516 
0.000712 0.000114 0.000571 0.001214 
0.000765 0.000129 0.000612 0.001269 
0.000734 0.000109 0.000583 0.001182 
0.000783 0.000135 0.000600 0.001293 
0.000715 0.000043 0.000593 0.000916 
0.000742 0.000062 0.000608 0.000999 
0.000728 0.000058 0.000580 0.000916 
0.000730 0.000060 0.000600 0.000964 
0.000693 0.000049 0.000567 0.000887 
0.000694 0.000043 0.000605 0.000876 
0.000718 0.000045 0.000615 0.000882 
0.000708 0.000048 0.000606 0.000904 
0.000702 0.000051 0.000575 0.000884 
0.000706 0.000045 0.000594 0.000900 
0.000699 0.000038 0.000614 0.000849 
0.000725 0.000057 0.000602 0.000944 
0.000688 0.000055 0.000577 0.000904 
0.000717 0.000080 0.000559 0.001074 
0.000751 0.000076 0.000562 0.001102 
0.000718 0.000081 0.000546 0.001128 
0.000738 0.000076 0.000561 0.001147 
0.000727 0.000078 0.000548 0.001103 
0.000698 0.000086 0.000530 0.001081 
0.000704 0.000074 0.000549 0.001114 
0.000732 0.000083 0.000566 0.001077 
0.000730 0.000087 0.000565 0.001158 
0.000741 0.000090 0.000562 0.001127 
0.000715 0.000070 0.000574 0.001116 
0.000718 0.000076 0.000531 0.001082 
0.000692 0.000088 0.000546 0.001135 
0.000712 0.000094 0.000568 0.001178 
0.000791 0.000135 0.000549 0.001270 
0.000778 0.000127 0.000560 0.001283 
0.000743 0.000106 0.000577 0.001240 
0.000765 0.000123 0.000591 0.001300 
0.000781 0.000135 0.000580 0.001378 
0.000743 0.000126 0.000560 0.001300 
0.000759 0.000120 0.000542 0.001285 
0.000747 0.000114 0.000576 0.001232 
0.000785 0.000136 0.000564 0.001347 
0.000750 0.000128 0.000561 0.001294 
0.000748 0.000106 0.000559 0.001211 
0.000762 0.000120 0.000580 0.001248 
0.000750 0.000118 0.000554 0.001267 
