0.000852 0.000273 0.000000 0.001816 
0.000882 0.000299 0.000000 0.001895 
0.000860 0.000257 0.000000 0.001704 
0.000881 0.000309 0.000000 0.001978 
0.000854 0.000273 0.000000 0.001719 
0.000860 0.000297 0.000000 0.001850 
0.000872 0.000264 0.000000 0.001775 
0.000866 0.000262 0.000000 0.001790 
0.000858 0.000262 0.000000 0.001834 
0.000828 0.000252 0.000000 0.001837 
0.000846 0.000254 0.000000 0.001794 
0.000820 0.000251 0.000000 0.001702 
0.000858 0.000288 0.000000 0.001782 
0.000724 0.000216 0.000000 0.001652 
0.000767 0.000239 0.000000 0.001601 
0.000753 0.000206 0.000000 0.001562 
0.000788 0.000250 0.000000 0.001787 
0.000742 0.000214 0.000000 0.001538 
0.000734 0.000214 0.000000 0.001627 
0.000738 0.000201 0.000000 0.001528 
0.000712 0.000200 0.000000 0.001551 
0.000769 0.000239 0.000000 0.001841 
0.000748 0.000219 0.000000 0.001679 
0.000776 0.000228 0.000000 0.001701 
0.000761 0.000229 0.000000 0.001707 
0.000769 0.000235 0.000000 0.001772 
0.000919 0.000284 0.000000 0.001834 
0.000899 0.000283 0.000000 0.001918 
0.000883 0.000260 0.000000 0.001850 
0.000863 0.000271 0.000000 0.001775 
0.000853 0.000275 0.000000 0.001800 
0.000861 0.000276 0.000000 0.001802 
0.000884 0.000252 0.000000 0.001773 
0.000865 0.000249 0.000000 0.001722 
0.000872 0.000262 0.000000 0.001716 
0.000825 0.000231 0.000000 0.001752 
0.000898 0.000276 0.000000 0.001848 
0.000789 0.000225 0.000000 0.001709 
0.000790 0.000213 0.000000 0.001635 
0.000811 0.000248 0.000000 0.001819 
0.000823 0.000252 0.000000 0.001884 
0.000782 0.000212 0.000000 0.001608 
0.000789 0.000233 0.000000 0.001776 
0.000754 0.000200 0.000000 0.001614 
0.000799 0.000253 0.000000 0.002006 
0.000780 0.000230 0.000000 0.001733 
0.000779 0.000215 0.000000 0.001686 
0.000780 0.000243 0.000000 0.001899 
0.000775 0.000234 0.000000 0.001869 
0.000792 0.000203 0.000000 0.001484 
0.000783 0.000176 0.000000 0.001464 
0.000801 0.000207 0.000000 0.001492 
0.000806 0.000206 0.000000 0.001523 
0.000809 0.000184 0.000000 0.001472 
0.000808 0.000187 0.000000 0.001440 
0.000797 0.000187 0.000000 0.001535 
0.000806 0.000207 0.000000 0.001516 
0.000810 0.000204 0.000000 0.001520 
0.000802 0.000194 0.000000 0.001545 
0.000814 0.000205 0.000000 0.001526 
0.000767 0.000240 0.000000 0.001831 
0.000781 0.000257 0.000000 0.001717 
0.000793 0.000256 0.000000 0.001777 
0.000756 0.000229 0.000000 0.001770 
0.000788 0.000258 0.000000 0.001825 
0.000772 0.000264 0.000000 0.001775 
0.000770 0.000273 0.000000 0.001794 
0.000765 0.000253 0.000000 0.001673 
0.000750 0.000227 0.000000 0.001749 
0.000792 0.000277 0.000000 0.001805 
0.000802 0.000212 0.000000 0.001575 
0.000800 0.000186 0.000000 0.001413 
0.000759 0.000195 0.000000 0.001474 
0.000822 0.000193 0.000000 0.001490 
0.000778 0.000187 0.000000 0.001521 
0.000794 0.000236 0.000000 0.001732 
0.000814 0.000213 0.000000 0.001551 
0.000803 0.000213 0.000000 0.001675 
0.000786 0.000216 0.000000 0.001572 
0.000779 0.000187 0.000000 0.001535 
0.000775 0.000197 0.000000 0.001527 
0.000819 0.000225 0.000000 0.001690 
0.000778 0.000208 0.000000 0.001514 
0.000813 0.000216 0.000000 0.001695 
0.000809 0.000203 0.000000 0.001534 
0.000832 0.000224 0.000000 0.001586 
0.000827 0.000231 0.000000 0.001660 
0.000859 0.000227 0.000000 0.001645 
0.000853 0.000213 0.000000 0.001721 
0.000830 0.000220 0.000000 0.001590 
0.000843 0.000236 0.000000 0.001762 
0.000886 0.000250 0.000000 0.001791 
0.000878 0.000242 0.000000 0.001732 
0.000902 0.000268 0.000000 0.001832 
0.000868 0.000249 0.000000 0.001730 
0.000867 0.000281 0.000000 0.001808 
0.000834 0.000227 0.000000 0.001614 
0.000842 0.000229 0.000000 0.001786 
0.000833 0.000244 0.000000 0.001688 
0.000867 0.000256 0.000000 0.001702 
0.000747 0.000201 0.000000 0.001641 
0.000768 0.000211 0.000000 0.001513 
0.000744 0.000166 0.000000 0.001330 
0.000759 0.000174 0.000000 0.001433 
0.000728 0.000207 0.000000 0.001480 
0.000768 0.000221 0.000000 0.001655 
0.000762 0.000207 0.000000 0.001534 
0.000757 0.000193 0.000000 0.001512 
0.000709 0.000192 0.000000 0.001480 
0.000765 0.000213 0.000000 0.001684 
0.000749 0.000189 0.000000 0.001485 
0.000747 0.000197 0.000000 0.001575 
0.000779 0.000209 0.000000 0.001554 
0.000773 0.000194 0.000000 0.001542 
0.000803 0.000191 0.000000 0.001514 
0.000839 0.000274 0.000000 0.002015 
0.000762 0.000195 0.000000 0.001479 
0.000761 0.000180 0.000000 0.001338 
0.000791 0.000198 0.000000 0.001489 
0.000763 0.000198 0.000000 0.001464 
0.000770 0.000205 0.000000 0.001663 
0.000742 0.000174 0.000000 0.001379 
0.000743 0.000158 0.000000 0.001275 
0.000778 0.000207 0.000000 0.001610 
0.000769 0.000181 0.000000 0.001390 
0.000797 0.000229 0.000000 0.001791 
0.000762 0.000186 0.000000 0.001416 
0.000833 0.000266 0.000000 0.001830 
0.000839 0.000241 0.000000 0.001652 
0.000800 0.000245 0.000000 0.001645 
0.000807 0.000234 0.000000 0.001628 
0.000849 0.000265 0.000000 0.001710 
0.000821 0.000274 0.000000 0.001753 
0.000774 0.000236 0.000000 0.001575 
0.000839 0.000248 0.000000 0.001730 
0.000785 0.000254 0.000000 0.001776 
0.000792 0.000214 0.000000 0.001519 
0.000801 0.000248 0.000000 0.001748 
0.000862 0.000268 0.000000 0.001860 
0.000766 0.000179 0.000000 0.001390 
0.000740 0.000175 0.000000 0.001324 
0.000746 0.000179 0.000000 0.001367 
0.000764 0.000193 0.000000 0.001358 
0.000766 0.000195 0.000000 0.001487 
0.000759 0.000221 0.000000 0.001568 
0.000750 0.000191 0.000000 0.001409 
0.000759 0.000188 0.000000 0.001374 
0.000744 0.000203 0.000000 0.001533 
0.000760 0.000195 0.000000 0.001434 
0.000747 0.000176 0.000000 0.001297 
0.000755 0.000186 0.000000 0.001437 
0.000761 0.000228 0.000000 0.001628 
0.000807 0.000223 0.000000 0.001633 
0.000833 0.000245 0.000000 0.001718 
0.000790 0.000193 0.000000 0.001534 
0.000825 0.000201 0.000000 0.001584 
0.000783 0.000193 0.000000 0.001516 
0.000763 0.000192 0.000000 0.001476 
0.000776 0.000191 0.000000 0.001548 
0.000768 0.000194 0.000000 0.001494 
0.000751 0.000176 0.000000 0.001386 
0.000783 0.000174 0.000000 0.001409 
0.000753 0.000163 0.000000 0.001385 
0.000815 0.000221 0.000000 0.001677 
0.000775 0.000202 0.000000 0.001557 
0.000670 0.000162 0.000000 0.001403 
0.000689 0.000191 0.000000 0.001579 
0.000681 0.000157 0.000000 0.001280 
0.000676 0.000146 0.000000 0.001345 
0.000675 0.000161 0.000000 0.001468 
0.000680 0.000165 0.000000 0.001504 
0.000683 0.000188 0.000000 0.001517 
0.000682 0.000170 0.000000 0.001410 
0.000651 0.000172 0.000000 0.001472 
0.000654 0.000152 0.000000 0.001354 
0.000682 0.000157 0.000000 0.001411 
0.000651 0.000144 0.000000 0.001301 
0.000680 0.000174 0.000000 0.001497 
0.000694 0.000191 0.000000 0.001546 
0.000801 0.000211 0.000000 0.001613 
0.000826 0.000223 0.000000 0.001630 
0.000819 0.000236 0.000000 0.001638 
0.000839 0.000243 0.000000 0.001680 
0.000834 0.000210 0.000000 0.001611 
0.000804 0.000234 0.000000 0.001634 
0.000847 0.000237 0.000000 0.001648 
0.000847 0.000259 0.000000 0.001845 
0.000845 0.000233 0.000000 0.001594 
0.000801 0.000221 0.000000 0.001648 
0.000812 0.000226 0.000000 0.001625 
0.000820 0.000226 0.000000 0.001671 
0.000826 0.000238 0.000000 0.001664 
