0.000713 0.000145 0.000531 0.001601 
0.000714 0.000136 0.000535 0.001564 
0.000705 0.000127 0.000547 0.001507 
0.000720 0.000155 0.000535 0.001611 
0.000712 0.000139 0.000507 0.001529 
0.000708 0.000144 0.000515 0.001589 
0.000707 0.000135 0.000513 0.001532 
0.000723 0.000142 0.000545 0.001481 
0.000712 0.000134 0.000528 0.001470 
0.000714 0.000132 0.000528 0.001442 
0.000705 0.000129 0.000525 0.001515 
0.000700 0.000119 0.000540 0.001348 
0.000715 0.000147 0.000509 0.001532 
0.000697 0.000183 0.000488 0.001647 
0.000689 0.000187 0.000500 0.001892 
0.000694 0.000156 0.000500 0.001502 
0.000703 0.000185 0.000490 0.001704 
0.000683 0.000164 0.000513 0.001698 
0.000697 0.000185 0.000475 0.001748 
0.000717 0.000242 0.000469 0.001995 
0.000708 0.000199 0.000494 0.001867 
0.000695 0.000165 0.000492 0.001630 
0.000679 0.000161 0.000490 0.001765 
0.000692 0.000197 0.000467 0.002085 
0.000694 0.000162 0.000481 0.001699 
0.000707 0.000184 0.000500 0.001777 
0.000704 0.000149 0.000512 0.001370 
0.000684 0.000164 0.000476 0.001548 
0.000729 0.000192 0.000502 0.001740 
0.000705 0.000196 0.000472 0.001782 
0.000699 0.000183 0.000467 0.001705 
0.000690 0.000167 0.000474 0.001506 
0.000692 0.000175 0.000474 0.001516 
0.000696 0.000150 0.000503 0.001312 
0.000694 0.000186 0.000452 0.001606 
0.000700 0.000189 0.000466 0.001590 
0.000704 0.000155 0.000483 0.001418 
0.000669 0.000115 0.000517 0.001356 
0.000666 0.000123 0.000500 0.001583 
0.000658 0.000100 0.000528 0.001306 
0.000658 0.000102 0.000526 0.001442 
0.000667 0.000117 0.000514 0.001372 
0.000654 0.000086 0.000545 0.001231 
0.000652 0.000112 0.000504 0.001370 
0.000667 0.000102 0.000536 0.001258 
0.000659 0.000103 0.000533 0.001320 
0.000671 0.000092 0.000557 0.001235 
0.000663 0.000107 0.000521 0.001311 
0.000659 0.000096 0.000544 0.001276 
0.000807 0.000268 0.000506 0.002022 
0.000809 0.000275 0.000494 0.002079 
0.000815 0.000310 0.000510 0.002334 
0.000848 0.000272 0.000544 0.001941 
0.000832 0.000297 0.000517 0.002307 
0.000819 0.000280 0.000513 0.002133 
0.000807 0.000289 0.000533 0.002275 
0.000815 0.000293 0.000509 0.002340 
0.000829 0.000301 0.000506 0.002088 
0.000826 0.000277 0.000526 0.002028 
0.000818 0.000302 0.000487 0.002108 
0.000645 0.000125 0.000509 0.001511 
0.000630 0.000121 0.000492 0.001309 
0.000642 0.000133 0.000490 0.001443 
0.000640 0.000123 0.000508 0.001441 
0.000643 0.000141 0.000494 0.001496 
0.000645 0.000138 0.000486 0.001618 
0.000649 0.000137 0.000493 0.001456 
0.000632 0.000138 0.000477 0.001490 
0.000630 0.000126 0.000474 0.001343 
0.000630 0.000131 0.000475 0.001384 
0.000738 0.000214 0.000512 0.001909 
0.000745 0.000229 0.000485 0.002053 
0.000745 0.000229 0.000500 0.002136 
0.000726 0.000224 0.000496 0.002039 
0.000723 0.000225 0.000508 0.002038 
0.000737 0.000228 0.000491 0.002046 
0.000762 0.000231 0.000521 0.002001 
0.000746 0.000224 0.000504 0.002010 
0.000742 0.000219 0.000508 0.002204 
0.000776 0.000246 0.000487 0.001983 
0.000743 0.000214 0.000479 0.001885 
0.000761 0.000224 0.000530 0.001881 
0.000737 0.000208 0.000528 0.001865 
0.000743 0.000201 0.000530 0.001861 
0.000743 0.000213 0.000500 0.001799 
0.000738 0.000218 0.000508 0.001961 
0.000746 0.000237 0.000490 0.002104 
0.000731 0.000194 0.000525 0.001804 
0.000764 0.000251 0.000514 0.002364 
0.000751 0.000226 0.000514 0.002119 
0.000762 0.000223 0.000505 0.001990 
0.000763 0.000226 0.000493 0.001906 
0.000737 0.000202 0.000490 0.001954 
0.000749 0.000220 0.000524 0.002229 
0.000766 0.000221 0.000485 0.001936 
0.000769 0.000221 0.000491 0.002120 
0.000741 0.000224 0.000507 0.002003 
0.000747 0.000214 0.000494 0.001979 
0.000753 0.000223 0.000503 0.002110 
0.000737 0.000225 0.000520 0.002391 
0.000748 0.000225 0.000509 0.001905 
0.000754 0.000237 0.000511 0.001935 
0.000777 0.000246 0.000519 0.001880 
0.000735 0.000208 0.000504 0.001738 
0.000753 0.000190 0.000533 0.001599 
0.000759 0.000226 0.000514 0.001802 
0.000749 0.000206 0.000516 0.001739 
0.000753 0.000231 0.000515 0.001916 
0.000756 0.000230 0.000502 0.001887 
0.000743 0.000224 0.000511 0.001813 
0.000758 0.000232 0.000511 0.001886 
0.000755 0.000220 0.000522 0.001784 
0.000762 0.000227 0.000522 0.001844 
0.000749 0.000227 0.000511 0.001935 
0.000718 0.000140 0.000543 0.001448 
0.000709 0.000135 0.000531 0.001414 
0.000718 0.000152 0.000549 0.001579 
0.000736 0.000157 0.000545 0.001519 
0.000718 0.000141 0.000548 0.001513 
0.000726 0.000144 0.000553 0.001483 
0.000734 0.000153 0.000555 0.001597 
0.000725 0.000154 0.000541 0.001506 
0.000698 0.000135 0.000555 0.001378 
0.000712 0.000131 0.000549 0.001390 
0.000720 0.000145 0.000557 0.001464 
0.000730 0.000150 0.000561 0.001458 
0.000717 0.000140 0.000562 0.001531 
0.000848 0.000220 0.000605 0.001911 
0.000879 0.000266 0.000577 0.002299 
0.000878 0.000244 0.000586 0.002182 
0.000819 0.000195 0.000586 0.001757 
0.000834 0.000204 0.000609 0.001806 
0.000878 0.000264 0.000587 0.002254 
0.000863 0.000263 0.000558 0.002194 
0.000851 0.000232 0.000598 0.001976 
0.000915 0.000245 0.000614 0.002040 
0.000869 0.000248 0.000617 0.002095 
0.000862 0.000242 0.000580 0.002158 
0.000843 0.000226 0.000578 0.001999 
0.000902 0.000387 0.000506 0.002771 
0.000851 0.000331 0.000491 0.002438 
0.000884 0.000349 0.000503 0.002636 
0.000888 0.000348 0.000483 0.002678 
0.000869 0.000326 0.000502 0.002508 
0.000886 0.000367 0.000469 0.002636 
0.000893 0.000354 0.000475 0.002546 
0.000881 0.000329 0.000511 0.002427 
0.000835 0.000329 0.000517 0.002559 
0.000869 0.000333 0.000512 0.002555 
0.000876 0.000332 0.000493 0.002416 
0.000865 0.000337 0.000491 0.002545 
0.000848 0.000292 0.000525 0.002345 
0.000650 0.000109 0.000490 0.001349 
0.000678 0.000136 0.000480 0.001572 
0.000664 0.000121 0.000509 0.001491 
0.000669 0.000121 0.000530 0.001360 
0.000670 0.000133 0.000506 0.001400 
0.000664 0.000106 0.000541 0.001261 
0.000671 0.000131 0.000509 0.001526 
0.000654 0.000110 0.000517 0.001431 
0.000673 0.000128 0.000526 0.001494 
0.000651 0.000102 0.000504 0.001182 
0.000669 0.000110 0.000538 0.001251 
0.000672 0.000124 0.000528 0.001538 
0.000656 0.000122 0.000498 0.001418 
0.000746 0.000202 0.000516 0.001892 
0.000720 0.000181 0.000502 0.001614 
0.000706 0.000177 0.000504 0.001607 
0.000742 0.000208 0.000478 0.001850 
0.000721 0.000195 0.000490 0.001863 
0.000724 0.000195 0.000477 0.001894 
0.000728 0.000195 0.000500 0.001837 
0.000737 0.000210 0.000484 0.001896 
0.000726 0.000189 0.000489 0.001656 
0.000734 0.000189 0.000513 0.001757 
0.000720 0.000170 0.000517 0.001529 
0.000748 0.000222 0.000499 0.001951 
0.000730 0.000186 0.000523 0.001844 
0.000728 0.000201 0.000493 0.001855 
0.000775 0.000223 0.000549 0.001797 
0.000749 0.000204 0.000529 0.001739 
0.000774 0.000211 0.000556 0.001766 
0.000759 0.000216 0.000558 0.002013 
0.000771 0.000202 0.000562 0.002010 
0.000770 0.000241 0.000532 0.002027 
0.000795 0.000237 0.000557 0.002097 
0.000761 0.000220 0.000514 0.001777 
0.000776 0.000238 0.000519 0.002096 
0.000780 0.000225 0.000541 0.001978 
0.000784 0.000234 0.000547 0.002025 
0.000751 0.000219 0.000526 0.002012 
0.000769 0.000211 0.000520 0.001860 
