0.000804 0.000277 0.000479 0.002449 
0.000804 0.000281 0.000471 0.002369 
0.000814 0.000289 0.000478 0.002333 
0.000796 0.000267 0.000491 0.002411 
0.000803 0.000280 0.000447 0.002323 
0.000811 0.000278 0.000475 0.002503 
0.000796 0.000265 0.000481 0.002271 
0.000797 0.000263 0.000457 0.002279 
0.000791 0.000277 0.000463 0.002306 
0.000813 0.000274 0.000486 0.002347 
0.000801 0.000268 0.000501 0.002353 
0.000802 0.000269 0.000490 0.002205 
0.000797 0.000273 0.000467 0.002405 
0.000795 0.000309 0.000443 0.002354 
0.000807 0.000317 0.000450 0.002327 
0.000796 0.000305 0.000411 0.002270 
0.000852 0.000333 0.000436 0.002404 
0.000765 0.000289 0.000414 0.002427 
0.000787 0.000307 0.000444 0.002287 
0.000795 0.000301 0.000435 0.002290 
0.000787 0.000311 0.000415 0.002328 
0.000780 0.000309 0.000415 0.002383 
0.000831 0.000325 0.000439 0.002363 
0.000778 0.000302 0.000406 0.002244 
0.000762 0.000283 0.000397 0.002243 
0.000816 0.000318 0.000433 0.002282 
0.000876 0.000332 0.000415 0.002332 
0.000823 0.000317 0.000396 0.002403 
0.000847 0.000333 0.000407 0.002346 
0.000837 0.000313 0.000408 0.002289 
0.000849 0.000321 0.000418 0.002431 
0.000843 0.000323 0.000440 0.002417 
0.000846 0.000328 0.000426 0.002384 
0.000889 0.000344 0.000414 0.002416 
0.000886 0.000329 0.000434 0.002467 
0.000824 0.000299 0.000435 0.002233 
0.000886 0.000336 0.000410 0.002428 
0.000839 0.000309 0.000468 0.002340 
0.000818 0.000308 0.000393 0.002299 
0.000811 0.000304 0.000475 0.002301 
0.000817 0.000312 0.000416 0.002221 
0.000853 0.000317 0.000485 0.002320 
0.000761 0.000275 0.000429 0.002257 
0.000818 0.000299 0.000454 0.002239 
0.000795 0.000296 0.000432 0.002349 
0.000833 0.000316 0.000464 0.002292 
0.000801 0.000294 0.000472 0.002289 
0.000819 0.000312 0.000457 0.002317 
0.000821 0.000305 0.000440 0.002383 
0.000974 0.000372 0.000497 0.002526 
0.000910 0.000340 0.000478 0.002467 
0.000933 0.000351 0.000464 0.002528 
0.001013 0.000384 0.000500 0.002509 
0.000944 0.000376 0.000474 0.002519 
0.000922 0.000367 0.000434 0.002502 
0.000890 0.000340 0.000450 0.002440 
0.000919 0.000355 0.000459 0.002479 
0.000975 0.000367 0.000499 0.002532 
0.000968 0.000375 0.000487 0.002492 
0.000935 0.000339 0.000485 0.002402 
0.000818 0.000311 0.000450 0.002331 
0.000839 0.000311 0.000454 0.002386 
0.000826 0.000308 0.000446 0.002444 
0.000830 0.000304 0.000459 0.002349 
0.000802 0.000301 0.000438 0.002341 
0.000815 0.000306 0.000450 0.002368 
0.000823 0.000310 0.000395 0.002431 
0.000846 0.000309 0.000456 0.002318 
0.000805 0.000302 0.000390 0.002369 
0.000849 0.000317 0.000481 0.002420 
0.000919 0.000313 0.000460 0.002299 
0.000893 0.000320 0.000483 0.002399 
0.000867 0.000291 0.000477 0.002220 
0.000858 0.000292 0.000406 0.002303 
0.000830 0.000289 0.000468 0.002393 
0.000876 0.000308 0.000488 0.002317 
0.000889 0.000296 0.000458 0.002321 
0.000916 0.000307 0.000490 0.002271 
0.000877 0.000306 0.000474 0.002331 
0.000884 0.000301 0.000493 0.002384 
0.000925 0.000315 0.000501 0.002333 
0.000931 0.000316 0.000507 0.002333 
0.000884 0.000305 0.000484 0.002340 
0.000838 0.000276 0.000460 0.002182 
0.000853 0.000282 0.000444 0.002271 
0.000837 0.000294 0.000473 0.002332 
0.000754 0.000244 0.000400 0.002175 
0.000754 0.000237 0.000444 0.002185 
0.000808 0.000268 0.000445 0.002221 
0.000806 0.000271 0.000460 0.002237 
0.000819 0.000285 0.000423 0.002527 
0.000796 0.000264 0.000441 0.002185 
0.000803 0.000280 0.000461 0.002409 
0.000816 0.000280 0.000447 0.002300 
0.000802 0.000270 0.000449 0.002283 
0.000856 0.000298 0.000482 0.002308 
0.000807 0.000270 0.000441 0.002230 
0.000825 0.000278 0.000448 0.002260 
0.000822 0.000273 0.000481 0.002376 
0.000783 0.000254 0.000440 0.002187 
0.000905 0.000369 0.000440 0.002628 
0.000853 0.000355 0.000427 0.002617 
0.000862 0.000353 0.000439 0.002630 
0.000845 0.000336 0.000432 0.002530 
0.000908 0.000372 0.000463 0.002681 
0.000938 0.000379 0.000468 0.002606 
0.000854 0.000354 0.000460 0.002568 
0.000848 0.000352 0.000447 0.002558 
0.000894 0.000372 0.000454 0.002633 
0.000861 0.000360 0.000444 0.002587 
0.000825 0.000331 0.000440 0.002495 
0.000816 0.000335 0.000442 0.002476 
0.000856 0.000348 0.000424 0.002583 
0.000907 0.000360 0.000467 0.002578 
0.000762 0.000263 0.000390 0.002218 
0.000799 0.000294 0.000374 0.002232 
0.000853 0.000308 0.000469 0.002089 
0.000839 0.000315 0.000426 0.002225 
0.000815 0.000300 0.000434 0.002359 
0.000816 0.000301 0.000396 0.002191 
0.000857 0.000300 0.000510 0.002262 
0.000854 0.000319 0.000439 0.002324 
0.000801 0.000269 0.000417 0.002298 
0.000842 0.000311 0.000450 0.002329 
0.000816 0.000292 0.000469 0.002111 
0.000835 0.000300 0.000471 0.002167 
0.000805 0.000291 0.000382 0.002052 
0.000906 0.000355 0.000470 0.002548 
0.000893 0.000353 0.000466 0.002415 
0.000873 0.000336 0.000440 0.002335 
0.000831 0.000320 0.000401 0.002377 
0.000899 0.000353 0.000467 0.002432 
0.000922 0.000369 0.000471 0.002451 
0.000965 0.000377 0.000472 0.002490 
0.000871 0.000340 0.000426 0.002393 
0.000943 0.000376 0.000443 0.002450 
0.000897 0.000339 0.000453 0.002409 
0.000882 0.000344 0.000435 0.002468 
0.000869 0.000334 0.000441 0.002482 
0.000932 0.000368 0.000471 0.002647 
0.000899 0.000379 0.000442 0.002641 
0.000938 0.000385 0.000449 0.002679 
0.000952 0.000393 0.000454 0.002697 
0.000893 0.000371 0.000470 0.002662 
0.000835 0.000334 0.000410 0.002749 
0.000904 0.000375 0.000455 0.002712 
0.000931 0.000390 0.000450 0.002700 
0.000831 0.000334 0.000444 0.002760 
0.000913 0.000383 0.000426 0.002678 
0.000906 0.000382 0.000439 0.002714 
0.000933 0.000379 0.000458 0.002642 
0.000852 0.000346 0.000398 0.002570 
0.000809 0.000252 0.000479 0.002070 
0.000830 0.000260 0.000469 0.002114 
0.000854 0.000284 0.000498 0.002124 
0.000838 0.000267 0.000507 0.002153 
0.000818 0.000256 0.000478 0.002158 
0.000817 0.000258 0.000464 0.001959 
0.000836 0.000273 0.000503 0.002100 
0.000839 0.000274 0.000480 0.002000 
0.000815 0.000264 0.000458 0.002007 
0.000818 0.000268 0.000490 0.002069 
0.000832 0.000276 0.000460 0.002037 
0.000831 0.000272 0.000445 0.002114 
0.000826 0.000266 0.000474 0.002021 
0.000794 0.000273 0.000412 0.002229 
0.000788 0.000270 0.000420 0.002211 
0.000787 0.000277 0.000459 0.002257 
0.000784 0.000272 0.000427 0.002246 
0.000820 0.000291 0.000426 0.002332 
0.000820 0.000292 0.000452 0.002357 
0.000812 0.000287 0.000421 0.002309 
0.000775 0.000277 0.000428 0.002252 
0.000783 0.000266 0.000401 0.002152 
0.000786 0.000273 0.000444 0.002368 
0.000822 0.000295 0.000450 0.002273 
0.000828 0.000290 0.000429 0.002267 
0.000796 0.000273 0.000435 0.002337 
0.000832 0.000301 0.000419 0.002250 
0.001004 0.000369 0.000498 0.002564 
0.000986 0.000370 0.000460 0.002561 
0.001124 0.000378 0.000558 0.002522 
0.001003 0.000359 0.000534 0.002498 
0.001003 0.000375 0.000526 0.002593 
0.001110 0.000386 0.000506 0.002561 
0.001151 0.000399 0.000552 0.002595 
0.001034 0.000371 0.000510 0.002582 
0.001126 0.000413 0.000524 0.002640 
0.001038 0.000371 0.000526 0.002533 
0.001091 0.000385 0.000512 0.002616 
0.000956 0.000360 0.000425 0.002569 
0.001067 0.000381 0.000506 0.002573 
