0.000543 0.000033 0.000470 0.000701 
0.000533 0.000035 0.000456 0.000692 
0.000539 0.000034 0.000466 0.000668 
0.000544 0.000033 0.000476 0.000697 
0.000552 0.000028 0.000483 0.000708 
0.000544 0.000031 0.000470 0.000704 
0.000541 0.000033 0.000472 0.000681 
0.000555 0.000035 0.000471 0.000727 
0.000522 0.000043 0.000425 0.000652 
0.000550 0.000032 0.000474 0.000701 
0.000537 0.000037 0.000458 0.000683 
0.000534 0.000032 0.000458 0.000681 
0.000540 0.000037 0.000471 0.000710 
0.000508 0.000032 0.000431 0.000643 
0.000512 0.000029 0.000436 0.000627 
0.000496 0.000038 0.000412 0.000644 
0.000509 0.000033 0.000430 0.000634 
0.000522 0.000032 0.000445 0.000638 
0.000497 0.000036 0.000418 0.000629 
0.000504 0.000033 0.000425 0.000676 
0.000498 0.000035 0.000425 0.000624 
0.000501 0.000036 0.000423 0.000617 
0.000497 0.000037 0.000414 0.000646 
0.000488 0.000042 0.000404 0.000621 
0.000508 0.000038 0.000426 0.000635 
0.000508 0.000033 0.000435 0.000632 
0.000532 0.000039 0.000443 0.000706 
0.000507 0.000035 0.000407 0.000646 
0.000524 0.000039 0.000438 0.000708 
0.000502 0.000041 0.000414 0.000704 
0.000516 0.000040 0.000432 0.000723 
0.000512 0.000039 0.000426 0.000696 
0.000506 0.000039 0.000418 0.000690 
0.000507 0.000041 0.000426 0.000712 
0.000528 0.000035 0.000441 0.000697 
0.000515 0.000037 0.000428 0.000685 
0.000542 0.000036 0.000456 0.000708 
0.000538 0.000032 0.000453 0.000679 
0.000526 0.000039 0.000443 0.000727 
0.000530 0.000039 0.000446 0.000731 
0.000516 0.000045 0.000419 0.000709 
0.000527 0.000041 0.000443 0.000731 
0.000514 0.000042 0.000427 0.000672 
0.000522 0.000034 0.000446 0.000694 
0.000534 0.000034 0.000454 0.000666 
0.000524 0.000038 0.000442 0.000699 
0.000547 0.000035 0.000470 0.000728 
0.000512 0.000041 0.000433 0.000718 
0.000550 0.000031 0.000485 0.000702 
0.000554 0.000038 0.000456 0.000790 
0.000540 0.000043 0.000445 0.000819 
0.000540 0.000044 0.000427 0.000815 
0.000560 0.000038 0.000465 0.000849 
0.000552 0.000047 0.000440 0.000808 
0.000551 0.000040 0.000423 0.000748 
0.000547 0.000037 0.000456 0.000786 
0.000548 0.000038 0.000451 0.000747 
0.000541 0.000040 0.000444 0.000807 
0.000545 0.000046 0.000440 0.000739 
0.000542 0.000044 0.000436 0.000746 
0.000516 0.000042 0.000435 0.000894 
0.000498 0.000045 0.000421 0.000817 
0.000506 0.000046 0.000425 0.000883 
0.000503 0.000043 0.000422 0.000779 
0.000490 0.000039 0.000416 0.000727 
0.000503 0.000038 0.000411 0.000786 
0.000510 0.000042 0.000432 0.000774 
0.000493 0.000041 0.000432 0.000888 
0.000502 0.000039 0.000417 0.000791 
0.000495 0.000043 0.000419 0.000941 
0.000543 0.000035 0.000469 0.000782 
0.000515 0.000037 0.000446 0.000838 
0.000539 0.000031 0.000482 0.000790 
0.000524 0.000033 0.000437 0.000781 
0.000543 0.000031 0.000483 0.000795 
0.000544 0.000031 0.000486 0.000800 
0.000559 0.000036 0.000473 0.000828 
0.000551 0.000033 0.000478 0.000787 
0.000533 0.000039 0.000463 0.000819 
0.000550 0.000034 0.000484 0.000881 
0.000538 0.000043 0.000463 0.000848 
0.000548 0.000035 0.000471 0.000822 
0.000536 0.000036 0.000456 0.000819 
0.000529 0.000034 0.000439 0.000724 
0.000544 0.000031 0.000468 0.000768 
0.000520 0.000036 0.000435 0.000785 
0.000519 0.000034 0.000426 0.000631 
0.000505 0.000044 0.000411 0.000657 
0.000515 0.000040 0.000424 0.000695 
0.000516 0.000038 0.000425 0.000683 
0.000511 0.000041 0.000422 0.000690 
0.000524 0.000037 0.000427 0.000711 
0.000506 0.000038 0.000421 0.000679 
0.000510 0.000042 0.000416 0.000707 
0.000529 0.000035 0.000445 0.000737 
0.000525 0.000035 0.000442 0.000723 
0.000510 0.000037 0.000425 0.000666 
0.000531 0.000035 0.000443 0.000687 
0.000520 0.000037 0.000446 0.000684 
0.000510 0.000039 0.000429 0.000665 
0.000541 0.000044 0.000435 0.000847 
0.000533 0.000041 0.000431 0.000781 
0.000569 0.000039 0.000473 0.000876 
0.000539 0.000043 0.000438 0.000786 
0.000541 0.000037 0.000443 0.000760 
0.000538 0.000038 0.000450 0.000839 
0.000542 0.000038 0.000456 0.000788 
0.000525 0.000039 0.000426 0.000747 
0.000547 0.000038 0.000454 0.000847 
0.000527 0.000035 0.000443 0.000755 
0.000543 0.000036 0.000453 0.000782 
0.000525 0.000039 0.000428 0.000774 
0.000541 0.000041 0.000444 0.000881 
0.000526 0.000045 0.000450 0.000821 
0.000540 0.000036 0.000445 0.000664 
0.000543 0.000034 0.000457 0.000712 
0.000541 0.000041 0.000451 0.000719 
0.000541 0.000038 0.000451 0.000667 
0.000549 0.000034 0.000446 0.000689 
0.000546 0.000037 0.000458 0.000700 
0.000550 0.000037 0.000462 0.000688 
0.000549 0.000034 0.000467 0.000673 
0.000530 0.000029 0.000458 0.000638 
0.000539 0.000037 0.000453 0.000691 
0.000534 0.000050 0.000437 0.000741 
0.000534 0.000042 0.000445 0.000716 
0.000541 0.000041 0.000449 0.000717 
0.000562 0.000042 0.000452 0.000753 
0.000538 0.000048 0.000428 0.000709 
0.000554 0.000049 0.000455 0.000739 
0.000556 0.000044 0.000431 0.000677 
0.000568 0.000043 0.000468 0.000736 
0.000552 0.000046 0.000440 0.000718 
0.000567 0.000044 0.000447 0.000741 
0.000578 0.000041 0.000468 0.000759 
0.000548 0.000056 0.000437 0.000739 
0.000556 0.000054 0.000436 0.000709 
0.000554 0.000044 0.000457 0.000749 
0.000545 0.000050 0.000416 0.000708 
0.000545 0.000040 0.000459 0.000816 
0.000521 0.000039 0.000440 0.000865 
0.000528 0.000039 0.000449 0.000772 
0.000531 0.000035 0.000470 0.000813 
0.000524 0.000042 0.000432 0.000790 
0.000532 0.000038 0.000440 0.000781 
0.000531 0.000036 0.000448 0.000796 
0.000538 0.000040 0.000454 0.000810 
0.000523 0.000039 0.000443 0.000772 
0.000530 0.000038 0.000452 0.000804 
0.000540 0.000037 0.000450 0.000795 
0.000527 0.000035 0.000462 0.000748 
0.000532 0.000037 0.000433 0.000776 
0.000544 0.000037 0.000455 0.000722 
0.000542 0.000037 0.000448 0.000691 
0.000551 0.000034 0.000474 0.000711 
0.000566 0.000031 0.000499 0.000735 
0.000555 0.000032 0.000483 0.000728 
0.000550 0.000030 0.000473 0.000696 
0.000545 0.000035 0.000475 0.000702 
0.000543 0.000037 0.000454 0.000706 
0.000540 0.000033 0.000461 0.000694 
0.000542 0.000034 0.000469 0.000713 
0.000543 0.000035 0.000460 0.000723 
0.000534 0.000039 0.000453 0.000690 
0.000540 0.000034 0.000457 0.000693 
0.000509 0.000030 0.000435 0.000702 
0.000503 0.000032 0.000443 0.000675 
0.000504 0.000028 0.000440 0.000681 
0.000519 0.000031 0.000436 0.000731 
0.000507 0.000027 0.000447 0.000664 
0.000517 0.000030 0.000455 0.000772 
0.000503 0.000029 0.000443 0.000689 
0.000500 0.000029 0.000439 0.000693 
0.000506 0.000030 0.000438 0.000706 
0.000525 0.000031 0.000459 0.000729 
0.000503 0.000030 0.000444 0.000696 
0.000501 0.000032 0.000431 0.000738 
0.000520 0.000028 0.000459 0.000670 
0.000511 0.000030 0.000446 0.000743 
0.000592 0.000047 0.000511 0.001024 
0.000536 0.000050 0.000419 0.000892 
0.000569 0.000047 0.000458 0.000880 
0.000575 0.000045 0.000466 0.000931 
0.000559 0.000049 0.000472 0.000924 
0.000545 0.000057 0.000445 0.000968 
0.000614 0.000056 0.000508 0.001021 
0.000553 0.000049 0.000447 0.000908 
0.000581 0.000053 0.000484 0.001058 
0.000559 0.000044 0.000461 0.000934 
0.000586 0.000046 0.000474 0.000972 
0.000539 0.000052 0.000440 0.000974 
0.000549 0.000049 0.000462 0.000915 
