0.000545 0.000038 0.000000 0.000742 
0.000552 0.000053 0.000000 0.000929 
0.000555 0.000047 0.000000 0.000898 
0.000537 0.000044 0.000000 0.000954 
0.000536 0.000039 0.000000 0.000957 
0.000533 0.000036 0.000000 0.000701 
0.000554 0.000038 0.000000 0.000835 
0.000553 0.000046 0.000000 0.001046 
0.000549 0.000044 0.000000 0.000997 
0.000525 0.000037 0.000000 0.000854 
0.000561 0.000041 0.000000 0.000994 
0.000531 0.000042 0.000000 0.000838 
0.000540 0.000045 0.000000 0.000839 
0.000517 0.000050 0.000000 0.000899 
0.000523 0.000048 0.000000 0.000996 
0.000531 0.000052 0.000000 0.000936 
0.000533 0.000062 0.000000 0.001089 
0.000514 0.000050 0.000000 0.000876 
0.000522 0.000052 0.000000 0.000887 
0.000514 0.000045 0.000000 0.000879 
0.000520 0.000053 0.000000 0.000966 
0.000504 0.000046 0.000000 0.001001 
0.000520 0.000058 0.000000 0.001145 
0.000515 0.000066 0.000000 0.001269 
0.000526 0.000057 0.000000 0.001136 
0.000525 0.000058 0.000000 0.001109 
0.000554 0.000057 0.000000 0.001085 
0.000563 0.000062 0.000000 0.001032 
0.000543 0.000067 0.000000 0.001098 
0.000536 0.000048 0.000000 0.000987 
0.000539 0.000053 0.000000 0.000928 
0.000540 0.000053 0.000000 0.001096 
0.000540 0.000068 0.000000 0.001121 
0.000545 0.000069 0.000000 0.001205 
0.000546 0.000044 0.000000 0.000949 
0.000544 0.000068 0.000000 0.001057 
0.000548 0.000062 0.000000 0.001156 
0.000543 0.000041 0.000000 0.000836 
0.000546 0.000045 0.000000 0.000885 
0.000551 0.000050 0.000000 0.000971 
0.000550 0.000052 0.000000 0.000970 
0.000549 0.000042 0.000000 0.000842 
0.000533 0.000050 0.000000 0.000858 
0.000525 0.000061 0.000000 0.001007 
0.000540 0.000039 0.000000 0.000937 
0.000540 0.000047 0.000000 0.000891 
0.000561 0.000068 0.000000 0.001132 
0.000525 0.000039 0.000000 0.000954 
0.000538 0.000043 0.000000 0.001007 
0.000537 0.000054 0.000000 0.001036 
0.000546 0.000049 0.000000 0.000884 
0.000530 0.000055 0.000000 0.000924 
0.000563 0.000082 0.000000 0.001175 
0.000569 0.000064 0.000000 0.001137 
0.000554 0.000058 0.000000 0.001003 
0.000544 0.000069 0.000000 0.001044 
0.000551 0.000051 0.000000 0.001030 
0.000553 0.000062 0.000000 0.001072 
0.000551 0.000052 0.000000 0.000963 
0.000531 0.000043 0.000000 0.000816 
0.000538 0.000069 0.000000 0.001065 
0.000525 0.000046 0.000000 0.000928 
0.000541 0.000065 0.000000 0.001053 
0.000533 0.000070 0.000000 0.001070 
0.000531 0.000063 0.000000 0.000985 
0.000523 0.000067 0.000000 0.001091 
0.000532 0.000058 0.000000 0.000919 
0.000508 0.000045 0.000000 0.000969 
0.000513 0.000066 0.000000 0.000955 
0.000514 0.000054 0.000000 0.000986 
0.000541 0.000051 0.000000 0.000947 
0.000544 0.000055 0.000000 0.000918 
0.000527 0.000038 0.000000 0.000782 
0.000535 0.000057 0.000000 0.000959 
0.000523 0.000064 0.000000 0.001029 
0.000518 0.000044 0.000000 0.000733 
0.000527 0.000044 0.000000 0.000876 
0.000526 0.000047 0.000000 0.000851 
0.000518 0.000052 0.000000 0.000857 
0.000528 0.000061 0.000000 0.001031 
0.000523 0.000048 0.000000 0.000981 
0.000541 0.000049 0.000000 0.000821 
0.000519 0.000045 0.000000 0.000736 
0.000521 0.000054 0.000000 0.000859 
0.000530 0.000051 0.000000 0.000836 
0.000565 0.000055 0.000000 0.000877 
0.000526 0.000056 0.000000 0.001075 
0.000528 0.000043 0.000000 0.000771 
0.000545 0.000055 0.000000 0.001051 
0.000541 0.000051 0.000000 0.000870 
0.000554 0.000073 0.000000 0.001101 
0.000530 0.000049 0.000000 0.000825 
0.000541 0.000052 0.000000 0.000989 
0.000521 0.000042 0.000000 0.000983 
0.000517 0.000041 0.000000 0.000907 
0.000522 0.000064 0.000000 0.001144 
0.000524 0.000062 0.000000 0.001029 
0.000548 0.000080 0.000000 0.001186 
0.000492 0.000043 0.000000 0.000717 
0.000527 0.000049 0.000000 0.000829 
0.000528 0.000047 0.000000 0.001022 
0.000554 0.000082 0.000000 0.001196 
0.000525 0.000053 0.000000 0.000936 
0.000561 0.000054 0.000000 0.000973 
0.000518 0.000044 0.000000 0.000924 
0.000549 0.000082 0.000000 0.001140 
0.000545 0.000064 0.000000 0.000984 
0.000532 0.000050 0.000000 0.000933 
0.000524 0.000047 0.000000 0.000939 
0.000527 0.000050 0.000000 0.001060 
0.000544 0.000044 0.000000 0.001019 
0.000537 0.000060 0.000000 0.001181 
0.000548 0.000056 0.000000 0.001121 
0.000568 0.000049 0.000000 0.000945 
0.000507 0.000041 0.000000 0.000949 
0.000577 0.000146 0.000000 0.001401 
0.000496 0.000048 0.000000 0.000800 
0.000498 0.000045 0.000000 0.000845 
0.000508 0.000051 0.000000 0.001027 
0.000497 0.000040 0.000000 0.000841 
0.000522 0.000055 0.000000 0.000969 
0.000511 0.000052 0.000000 0.000895 
0.000523 0.000052 0.000000 0.000922 
0.000557 0.000193 0.000000 0.001636 
0.000501 0.000045 0.000000 0.000807 
0.000522 0.000076 0.000000 0.001149 
0.000503 0.000052 0.000000 0.000956 
0.000530 0.000069 0.000000 0.001028 
0.000547 0.000069 0.000000 0.001147 
0.000520 0.000059 0.000000 0.000957 
0.000556 0.000084 0.000000 0.001180 
0.000537 0.000055 0.000000 0.001081 
0.000507 0.000055 0.000000 0.000920 
0.000517 0.000059 0.000000 0.001053 
0.000529 0.000075 0.000000 0.001191 
0.000519 0.000086 0.000000 0.001315 
0.000524 0.000038 0.000000 0.000877 
0.000533 0.000074 0.000000 0.001180 
0.000542 0.000055 0.000000 0.001114 
0.000545 0.000037 0.000000 0.000807 
0.000528 0.000039 0.000000 0.000813 
0.000522 0.000048 0.000000 0.000899 
0.000521 0.000048 0.000000 0.000924 
0.000520 0.000035 0.000000 0.000825 
0.000524 0.000049 0.000000 0.000867 
0.000524 0.000050 0.000000 0.000989 
0.000534 0.000046 0.000000 0.000967 
0.000513 0.000035 0.000000 0.000793 
0.000521 0.000050 0.000000 0.000876 
0.000519 0.000049 0.000000 0.000929 
0.000534 0.000056 0.000000 0.000969 
0.000516 0.000060 0.000000 0.001109 
0.000529 0.000035 0.000000 0.000831 
0.000528 0.000039 0.000000 0.000747 
0.000537 0.000050 0.000000 0.000816 
0.000545 0.000051 0.000000 0.000849 
0.000517 0.000043 0.000000 0.000847 
0.000524 0.000043 0.000000 0.000810 
0.000532 0.000041 0.000000 0.000898 
0.000522 0.000049 0.000000 0.000847 
0.000499 0.000048 0.000000 0.000869 
0.000520 0.000048 0.000000 0.000938 
0.000515 0.000044 0.000000 0.000873 
0.000534 0.000038 0.000000 0.000861 
0.000495 0.000052 0.000000 0.000924 
0.000520 0.000059 0.000000 0.000975 
0.000523 0.000068 0.000000 0.001052 
0.000520 0.000029 0.000000 0.000850 
0.000531 0.000041 0.000000 0.000861 
0.000521 0.000039 0.000000 0.000926 
0.000527 0.000036 0.000000 0.000772 
0.000522 0.000045 0.000000 0.000928 
0.000522 0.000034 0.000000 0.000845 
0.000516 0.000047 0.000000 0.000923 
0.000530 0.000048 0.000000 0.000937 
0.000530 0.000061 0.000000 0.001056 
0.000518 0.000054 0.000000 0.000967 
0.000518 0.000050 0.000000 0.000995 
0.000519 0.000041 0.000000 0.000832 
0.000538 0.000063 0.000000 0.001079 
0.000529 0.000067 0.000000 0.001175 
0.000534 0.000070 0.000000 0.001170 
0.000538 0.000077 0.000000 0.001236 
0.000554 0.000061 0.000000 0.001062 
0.000540 0.000098 0.000000 0.001388 
0.000528 0.000058 0.000000 0.001060 
0.000535 0.000074 0.000000 0.001043 
0.000528 0.000066 0.000000 0.001173 
0.000524 0.000052 0.000000 0.001044 
0.000509 0.000058 0.000000 0.001166 
0.000536 0.000073 0.000000 0.001034 
0.000527 0.000065 0.000000 0.001145 
