0.000728 0.000101 0.000587 0.001133 
0.000733 0.000100 0.000585 0.001154 
0.000712 0.000090 0.000569 0.001145 
0.000714 0.000089 0.000587 0.001012 
0.000724 0.000094 0.000579 0.001080 
0.000707 0.000088 0.000575 0.001063 
0.000724 0.000098 0.000573 0.001172 
0.000729 0.000087 0.000605 0.001016 
0.000724 0.000089 0.000581 0.001009 
0.000714 0.000088 0.000570 0.001097 
0.000721 0.000099 0.000569 0.001190 
0.000705 0.000090 0.000560 0.001136 
0.000714 0.000091 0.000573 0.001091 
0.000678 0.000120 0.000540 0.001124 
0.000679 0.000132 0.000518 0.001164 
0.000684 0.000122 0.000531 0.001259 
0.000680 0.000130 0.000534 0.001150 
0.000666 0.000114 0.000491 0.001114 
0.000671 0.000130 0.000523 0.001160 
0.000692 0.000150 0.000520 0.001511 
0.000671 0.000139 0.000513 0.001293 
0.000668 0.000113 0.000542 0.001224 
0.000676 0.000126 0.000536 0.001203 
0.000677 0.000125 0.000527 0.001308 
0.000678 0.000114 0.000550 0.001118 
0.000677 0.000117 0.000537 0.001250 
0.000712 0.000078 0.000555 0.000993 
0.000696 0.000096 0.000535 0.001064 
0.000713 0.000089 0.000563 0.001049 
0.000721 0.000119 0.000560 0.001318 
0.000721 0.000119 0.000538 0.001206 
0.000712 0.000102 0.000556 0.001176 
0.000716 0.000109 0.000554 0.001121 
0.000708 0.000104 0.000559 0.001097 
0.000702 0.000103 0.000546 0.001121 
0.000706 0.000103 0.000531 0.001238 
0.000711 0.000093 0.000553 0.001035 
0.000657 0.000047 0.000569 0.000854 
0.000676 0.000060 0.000575 0.000955 
0.000670 0.000057 0.000566 0.000905 
0.000669 0.000048 0.000578 0.000873 
0.000671 0.000051 0.000576 0.000917 
0.000658 0.000045 0.000550 0.000887 
0.000659 0.000049 0.000555 0.000880 
0.000677 0.000046 0.000589 0.000889 
0.000663 0.000054 0.000575 0.000958 
0.000679 0.000047 0.000588 0.000868 
0.000672 0.000055 0.000563 0.000912 
0.000662 0.000042 0.000572 0.000821 
0.000663 0.000069 0.000571 0.001079 
0.000672 0.000060 0.000572 0.001077 
0.000651 0.000059 0.000571 0.001086 
0.000667 0.000065 0.000567 0.001036 
0.000695 0.000067 0.000601 0.001029 
0.000663 0.000053 0.000578 0.000964 
0.000657 0.000052 0.000567 0.000997 
0.000666 0.000054 0.000596 0.001037 
0.000668 0.000068 0.000567 0.001045 
0.000665 0.000048 0.000592 0.001016 
0.000653 0.000060 0.000557 0.001113 
0.000634 0.000078 0.000528 0.000937 
0.000624 0.000078 0.000519 0.000933 
0.000632 0.000077 0.000527 0.000932 
0.000633 0.000084 0.000514 0.001000 
0.000619 0.000081 0.000508 0.000941 
0.000625 0.000077 0.000512 0.000921 
0.000636 0.000084 0.000522 0.000988 
0.000617 0.000078 0.000505 0.000920 
0.000621 0.000076 0.000516 0.000946 
0.000614 0.000079 0.000503 0.000902 
0.000712 0.000109 0.000537 0.001258 
0.000737 0.000115 0.000549 0.001221 
0.000714 0.000108 0.000535 0.001269 
0.000708 0.000100 0.000533 0.001234 
0.000694 0.000111 0.000529 0.001438 
0.000728 0.000137 0.000563 0.001286 
0.000714 0.000092 0.000551 0.001167 
0.000725 0.000102 0.000555 0.001233 
0.000705 0.000104 0.000552 0.001268 
0.000743 0.000126 0.000554 0.001294 
0.000727 0.000108 0.000559 0.001252 
0.000742 0.000112 0.000565 0.001264 
0.000714 0.000116 0.000544 0.001347 
0.000705 0.000101 0.000533 0.001164 
0.000733 0.000113 0.000560 0.001247 
0.000726 0.000125 0.000539 0.001266 
0.000692 0.000078 0.000557 0.001061 
0.000682 0.000068 0.000564 0.001080 
0.000709 0.000086 0.000577 0.001112 
0.000692 0.000097 0.000548 0.001155 
0.000692 0.000083 0.000563 0.001079 
0.000688 0.000079 0.000569 0.001072 
0.000692 0.000088 0.000569 0.001129 
0.000683 0.000076 0.000577 0.001066 
0.000699 0.000075 0.000577 0.001052 
0.000724 0.000103 0.000589 0.001248 
0.000699 0.000092 0.000550 0.001207 
0.000704 0.000091 0.000571 0.001199 
0.000670 0.000068 0.000570 0.001094 
0.000680 0.000080 0.000561 0.001060 
0.000682 0.000088 0.000551 0.001100 
0.000688 0.000094 0.000535 0.001162 
0.000686 0.000095 0.000546 0.001102 
0.000670 0.000085 0.000490 0.001018 
0.000674 0.000069 0.000565 0.000990 
0.000684 0.000091 0.000555 0.001123 
0.000682 0.000079 0.000558 0.001076 
0.000671 0.000085 0.000566 0.001109 
0.000665 0.000083 0.000542 0.001022 
0.000659 0.000081 0.000549 0.001053 
0.000674 0.000081 0.000540 0.001023 
0.000679 0.000085 0.000560 0.001000 
0.000693 0.000099 0.000539 0.001117 
0.000677 0.000102 0.000525 0.001173 
0.000709 0.000087 0.000569 0.001016 
0.000690 0.000092 0.000522 0.000998 
0.000706 0.000105 0.000550 0.001152 
0.000711 0.000122 0.000509 0.001304 
0.000702 0.000098 0.000566 0.001103 
0.000715 0.000120 0.000540 0.001256 
0.000716 0.000110 0.000580 0.001188 
0.000714 0.000112 0.000572 0.001206 
0.000690 0.000100 0.000560 0.001028 
0.000697 0.000091 0.000553 0.001073 
0.000698 0.000090 0.000551 0.001015 
0.000718 0.000131 0.000546 0.001333 
0.000697 0.000114 0.000528 0.001190 
0.000821 0.000145 0.000636 0.001341 
0.000830 0.000165 0.000622 0.001529 
0.000813 0.000167 0.000629 0.001532 
0.000816 0.000129 0.000616 0.001352 
0.000827 0.000148 0.000647 0.001462 
0.000819 0.000160 0.000622 0.001533 
0.000811 0.000152 0.000617 0.001430 
0.000850 0.000159 0.000621 0.001446 
0.000818 0.000155 0.000622 0.001525 
0.000828 0.000159 0.000633 0.001665 
0.000816 0.000159 0.000633 0.001611 
0.000808 0.000121 0.000629 0.001290 
0.000675 0.000065 0.000530 0.000917 
0.000660 0.000059 0.000542 0.000901 
0.000667 0.000061 0.000546 0.000921 
0.000678 0.000070 0.000539 0.000996 
0.000666 0.000066 0.000545 0.000955 
0.000666 0.000073 0.000533 0.001055 
0.000669 0.000069 0.000534 0.000955 
0.000675 0.000075 0.000550 0.001049 
0.000664 0.000073 0.000543 0.001041 
0.000666 0.000065 0.000555 0.000983 
0.000671 0.000072 0.000537 0.000958 
0.000678 0.000064 0.000547 0.000917 
0.000676 0.000078 0.000483 0.001217 
0.000706 0.000091 0.000588 0.001174 
0.000714 0.000076 0.000604 0.001131 
0.000705 0.000082 0.000593 0.001145 
0.000720 0.000095 0.000594 0.001188 
0.000701 0.000098 0.000579 0.001360 
0.000704 0.000096 0.000594 0.001309 
0.000710 0.000102 0.000609 0.001283 
0.000713 0.000092 0.000597 0.001120 
0.000688 0.000087 0.000596 0.001249 
0.000702 0.000087 0.000582 0.001157 
0.000698 0.000090 0.000591 0.001249 
0.000712 0.000091 0.000594 0.001340 
0.000685 0.000088 0.000578 0.001164 
0.000683 0.000088 0.000574 0.001063 
0.000694 0.000089 0.000559 0.001049 
0.000678 0.000091 0.000552 0.000992 
0.000723 0.000106 0.000577 0.001114 
0.000692 0.000099 0.000552 0.001051 
0.000693 0.000104 0.000564 0.001108 
0.000692 0.000104 0.000558 0.001098 
0.000700 0.000100 0.000562 0.001067 
0.000691 0.000091 0.000561 0.001009 
0.000697 0.000095 0.000575 0.001058 
0.000696 0.000098 0.000540 0.001028 
0.000694 0.000097 0.000558 0.001011 
0.000681 0.000092 0.000566 0.001128 
0.000685 0.000092 0.000556 0.001040 
0.000814 0.000171 0.000573 0.001450 
0.000774 0.000144 0.000548 0.001367 
0.000775 0.000135 0.000559 0.001253 
0.000781 0.000146 0.000578 0.001446 
0.000797 0.000153 0.000584 0.001503 
0.000794 0.000161 0.000574 0.001384 
0.000806 0.000166 0.000568 0.001513 
0.000784 0.000163 0.000555 0.001508 
0.000796 0.000167 0.000575 0.001612 
0.000780 0.000155 0.000561 0.001348 
0.000775 0.000153 0.000577 0.001402 
0.000785 0.000165 0.000564 0.001519 
0.000769 0.000138 0.000542 0.001328 
