0.000740 0.000111 0.000521 0.001337 
0.000759 0.000137 0.000499 0.001404 
0.000737 0.000134 0.000465 0.001385 
0.000721 0.000120 0.000482 0.001323 
0.000732 0.000111 0.000506 0.001278 
0.000737 0.000115 0.000485 0.001402 
0.000734 0.000121 0.000500 0.001400 
0.000737 0.000133 0.000508 0.001421 
0.000713 0.000120 0.000504 0.001353 
0.000739 0.000131 0.000471 0.001413 
0.000722 0.000123 0.000485 0.001371 
0.000723 0.000117 0.000493 0.001319 
0.000728 0.000119 0.000508 0.001400 
0.000714 0.000125 0.000470 0.001220 
0.000744 0.000124 0.000475 0.001239 
0.000731 0.000130 0.000497 0.001222 
0.000765 0.000130 0.000483 0.001288 
0.000736 0.000148 0.000492 0.001393 
0.000728 0.000122 0.000493 0.001221 
0.000723 0.000113 0.000504 0.001139 
0.000733 0.000143 0.000455 0.001246 
0.000757 0.000159 0.000471 0.001312 
0.000736 0.000145 0.000467 0.001272 
0.000711 0.000125 0.000481 0.001203 
0.000701 0.000123 0.000468 0.001216 
0.000733 0.000127 0.000476 0.001177 
0.000798 0.000151 0.000542 0.001619 
0.000760 0.000155 0.000484 0.001492 
0.000794 0.000139 0.000542 0.001452 
0.000769 0.000136 0.000493 0.001375 
0.000763 0.000143 0.000509 0.001544 
0.000784 0.000147 0.000491 0.001424 
0.000782 0.000147 0.000523 0.001567 
0.000809 0.000142 0.000523 0.001558 
0.000766 0.000135 0.000504 0.001458 
0.000764 0.000140 0.000494 0.001469 
0.000799 0.000128 0.000541 0.001464 
0.000800 0.000176 0.000531 0.001622 
0.000804 0.000170 0.000534 0.001638 
0.000808 0.000195 0.000517 0.001689 
0.000812 0.000172 0.000535 0.001599 
0.000803 0.000170 0.000524 0.001605 
0.000803 0.000216 0.000502 0.001740 
0.000775 0.000157 0.000535 0.001535 
0.000818 0.000210 0.000517 0.001741 
0.000791 0.000163 0.000519 0.001526 
0.000807 0.000227 0.000530 0.001812 
0.000793 0.000181 0.000521 0.001609 
0.000807 0.000229 0.000507 0.001743 
0.000760 0.000133 0.000516 0.001469 
0.000773 0.000125 0.000535 0.001418 
0.000767 0.000129 0.000517 0.001503 
0.000796 0.000125 0.000532 0.001464 
0.000787 0.000131 0.000551 0.001560 
0.000755 0.000123 0.000542 0.001530 
0.000790 0.000123 0.000514 0.001500 
0.000774 0.000129 0.000532 0.001584 
0.000763 0.000126 0.000528 0.001462 
0.000773 0.000130 0.000546 0.001474 
0.000774 0.000127 0.000523 0.001418 
0.000702 0.000140 0.000488 0.001412 
0.000704 0.000131 0.000483 0.001392 
0.000718 0.000136 0.000470 0.001385 
0.000696 0.000125 0.000494 0.001371 
0.000696 0.000131 0.000459 0.001413 
0.000726 0.000138 0.000487 0.001411 
0.000695 0.000123 0.000477 0.001331 
0.000699 0.000124 0.000479 0.001203 
0.000682 0.000132 0.000474 0.001425 
0.000700 0.000133 0.000477 0.001421 
0.000792 0.000149 0.000502 0.001342 
0.000784 0.000138 0.000526 0.001323 
0.000769 0.000130 0.000524 0.001301 
0.000807 0.000154 0.000502 0.001343 
0.000769 0.000148 0.000477 0.001366 
0.000807 0.000151 0.000517 0.001340 
0.000802 0.000126 0.000513 0.001231 
0.000789 0.000139 0.000527 0.001262 
0.000787 0.000146 0.000463 0.001301 
0.000786 0.000144 0.000513 0.001424 
0.000760 0.000131 0.000502 0.001250 
0.000809 0.000135 0.000531 0.001376 
0.000798 0.000143 0.000535 0.001290 
0.000760 0.000126 0.000527 0.001284 
0.000781 0.000145 0.000511 0.001400 
0.000784 0.000169 0.000491 0.001391 
0.000747 0.000143 0.000502 0.001583 
0.000730 0.000124 0.000503 0.001414 
0.000757 0.000124 0.000549 0.001448 
0.000735 0.000116 0.000523 0.001388 
0.000752 0.000133 0.000507 0.001452 
0.000737 0.000109 0.000523 0.001359 
0.000773 0.000146 0.000523 0.001555 
0.000787 0.000116 0.000520 0.001398 
0.000738 0.000126 0.000509 0.001445 
0.000820 0.000140 0.000490 0.001476 
0.000729 0.000118 0.000515 0.001368 
0.000778 0.000134 0.000506 0.001515 
0.000749 0.000107 0.000508 0.001262 
0.000755 0.000111 0.000519 0.001268 
0.000754 0.000161 0.000527 0.001629 
0.000770 0.000173 0.000527 0.001703 
0.000745 0.000171 0.000522 0.001730 
0.000742 0.000144 0.000546 0.001517 
0.000775 0.000174 0.000514 0.001763 
0.000768 0.000158 0.000499 0.001563 
0.000757 0.000184 0.000496 0.001748 
0.000767 0.000155 0.000512 0.001519 
0.000769 0.000158 0.000510 0.001591 
0.000757 0.000161 0.000511 0.001557 
0.000754 0.000156 0.000530 0.001656 
0.000754 0.000156 0.000519 0.001632 
0.000769 0.000193 0.000541 0.001809 
0.000779 0.000155 0.000539 0.001677 
0.000735 0.000106 0.000534 0.001051 
0.000698 0.000108 0.000479 0.001103 
0.000718 0.000124 0.000476 0.001188 
0.000724 0.000117 0.000469 0.001173 
0.000736 0.000126 0.000496 0.001298 
0.000719 0.000111 0.000474 0.001137 
0.000739 0.000106 0.000482 0.001154 
0.000723 0.000108 0.000500 0.001111 
0.000710 0.000112 0.000493 0.001153 
0.000772 0.000129 0.000497 0.001319 
0.000734 0.000126 0.000498 0.001295 
0.000716 0.000114 0.000502 0.001154 
0.000730 0.000095 0.000525 0.001097 
0.000790 0.000134 0.000551 0.001373 
0.000848 0.000159 0.000543 0.001535 
0.000790 0.000135 0.000510 0.001427 
0.000781 0.000163 0.000523 0.001433 
0.000803 0.000139 0.000543 0.001311 
0.000829 0.000165 0.000516 0.001648 
0.000779 0.000143 0.000520 0.001323 
0.000805 0.000160 0.000531 0.001434 
0.000774 0.000141 0.000494 0.001327 
0.000798 0.000151 0.000552 0.001469 
0.000796 0.000157 0.000527 0.001435 
0.000809 0.000153 0.000575 0.001367 
0.000913 0.000225 0.000542 0.001671 
0.000850 0.000225 0.000520 0.001684 
0.000881 0.000224 0.000496 0.001619 
0.000919 0.000225 0.000534 0.001632 
0.000911 0.000233 0.000527 0.001675 
0.000867 0.000227 0.000527 0.001742 
0.000876 0.000211 0.000528 0.001553 
0.000895 0.000215 0.000536 0.001595 
0.000912 0.000268 0.000521 0.001802 
0.000934 0.000238 0.000538 0.001705 
0.000880 0.000224 0.000534 0.001561 
0.000916 0.000231 0.000549 0.001780 
0.000859 0.000230 0.000529 0.001782 
0.000792 0.000151 0.000540 0.001516 
0.000811 0.000156 0.000571 0.001367 
0.000831 0.000157 0.000541 0.001507 
0.000858 0.000174 0.000522 0.001433 
0.000801 0.000150 0.000536 0.001447 
0.000800 0.000152 0.000549 0.001436 
0.000795 0.000141 0.000534 0.001301 
0.000798 0.000149 0.000543 0.001415 
0.000780 0.000133 0.000547 0.001226 
0.000781 0.000129 0.000528 0.001264 
0.000779 0.000145 0.000535 0.001392 
0.000810 0.000172 0.000523 0.001570 
0.000767 0.000137 0.000525 0.001252 
0.000711 0.000096 0.000556 0.001123 
0.000712 0.000084 0.000537 0.001067 
0.000709 0.000102 0.000492 0.001083 
0.000712 0.000087 0.000517 0.001101 
0.000717 0.000097 0.000526 0.001151 
0.000702 0.000097 0.000521 0.001180 
0.000718 0.000118 0.000511 0.001194 
0.000724 0.000104 0.000505 0.001150 
0.000673 0.000096 0.000509 0.001177 
0.000703 0.000095 0.000531 0.001117 
0.000726 0.000111 0.000495 0.001225 
0.000711 0.000088 0.000534 0.001094 
0.000725 0.000111 0.000501 0.001199 
0.000741 0.000112 0.000519 0.001192 
0.000784 0.000123 0.000575 0.001413 
0.000755 0.000115 0.000532 0.001274 
0.000777 0.000125 0.000541 0.001254 
0.000788 0.000131 0.000545 0.001389 
0.000821 0.000148 0.000530 0.001468 
0.000804 0.000138 0.000545 0.001225 
0.000803 0.000137 0.000539 0.001333 
0.000783 0.000135 0.000589 0.001418 
0.000787 0.000120 0.000578 0.001261 
0.000747 0.000123 0.000513 0.001301 
0.000788 0.000113 0.000577 0.001203 
0.000773 0.000122 0.000529 0.001374 
0.000778 0.000126 0.000548 0.001212 
