0.000525 0.000093 0.000000 0.001001 
0.000475 0.000042 0.000000 0.000808 
0.000474 0.000053 0.000000 0.000811 
0.000467 0.000058 0.000000 0.000806 
0.000494 0.000066 0.000000 0.000843 
0.000498 0.000105 0.000000 0.001062 
0.000496 0.000064 0.000000 0.000822 
0.000484 0.000061 0.000000 0.000787 
0.000483 0.000075 0.000000 0.000939 
0.000461 0.000075 0.000000 0.000904 
0.000482 0.000060 0.000000 0.000836 
0.000488 0.000083 0.000000 0.000932 
0.000503 0.000078 0.000000 0.000930 
0.000452 0.000027 0.000000 0.000640 
0.000440 0.000032 0.000000 0.000670 
0.000463 0.000028 0.000000 0.000661 
0.000459 0.000014 0.000000 0.000563 
0.000434 0.000020 0.000000 0.000564 
0.000442 0.000021 0.000000 0.000587 
0.000434 0.000021 0.000000 0.000563 
0.000436 0.000020 0.000000 0.000551 
0.000459 0.000017 0.000000 0.000590 
0.000451 0.000015 0.000000 0.000540 
0.000459 0.000023 0.000000 0.000649 
0.000454 0.000029 0.000000 0.000668 
0.000454 0.000020 0.000000 0.000556 
0.000466 0.000026 0.000000 0.000607 
0.000496 0.000023 0.000000 0.000608 
0.000459 0.000017 0.000000 0.000534 
0.000470 0.000020 0.000000 0.000551 
0.000470 0.000018 0.000000 0.000543 
0.000456 0.000024 0.000000 0.000591 
0.000463 0.000018 0.000000 0.000553 
0.000471 0.000028 0.000000 0.000594 
0.000455 0.000024 0.000000 0.000666 
0.000465 0.000031 0.000000 0.000654 
0.000459 0.000015 0.000000 0.000579 
0.000480 0.000030 0.000000 0.000657 
0.000487 0.000020 0.000000 0.000581 
0.000498 0.000026 0.000000 0.000647 
0.000505 0.000023 0.000000 0.000690 
0.000498 0.000027 0.000000 0.000625 
0.000486 0.000028 0.000000 0.000644 
0.000491 0.000036 0.000000 0.000701 
0.000490 0.000028 0.000000 0.000713 
0.000490 0.000027 0.000000 0.000682 
0.000495 0.000020 0.000000 0.000637 
0.000480 0.000022 0.000000 0.000630 
0.000486 0.000030 0.000000 0.000656 
0.000477 0.000045 0.000000 0.000768 
0.000495 0.000022 0.000000 0.000608 
0.000473 0.000024 0.000000 0.000633 
0.000488 0.000028 0.000000 0.000651 
0.000509 0.000026 0.000000 0.000660 
0.000507 0.000027 0.000000 0.000683 
0.000478 0.000023 0.000000 0.000594 
0.000500 0.000026 0.000000 0.000686 
0.000486 0.000018 0.000000 0.000609 
0.000509 0.000025 0.000000 0.000639 
0.000496 0.000018 0.000000 0.000581 
0.000583 0.000122 0.000000 0.001145 
0.000538 0.000077 0.000000 0.000943 
0.000547 0.000101 0.000000 0.001074 
0.000595 0.000146 0.000000 0.001400 
0.000512 0.000058 0.000000 0.000784 
0.000556 0.000101 0.000000 0.001062 
0.000545 0.000103 0.000000 0.000972 
0.000535 0.000132 0.000000 0.001238 
0.000526 0.000087 0.000000 0.001013 
0.000507 0.000096 0.000000 0.001078 
0.000482 0.000030 0.000000 0.000635 
0.000496 0.000021 0.000000 0.000597 
0.000499 0.000035 0.000000 0.000694 
0.000488 0.000030 0.000000 0.000646 
0.000469 0.000032 0.000000 0.000684 
0.000496 0.000036 0.000000 0.000672 
0.000502 0.000038 0.000000 0.000700 
0.000492 0.000026 0.000000 0.000627 
0.000498 0.000050 0.000000 0.000760 
0.000488 0.000032 0.000000 0.000698 
0.000489 0.000033 0.000000 0.000685 
0.000495 0.000032 0.000000 0.000660 
0.000499 0.000037 0.000000 0.000656 
0.000494 0.000027 0.000000 0.000705 
0.000498 0.000031 0.000000 0.000696 
0.000528 0.000032 0.000000 0.000676 
0.000521 0.000092 0.000000 0.000912 
0.000511 0.000110 0.000000 0.000893 
0.000608 0.000172 0.000000 0.001181 
0.000497 0.000113 0.000000 0.000984 
0.000565 0.000150 0.000000 0.001030 
0.000611 0.000154 0.000000 0.001107 
0.000566 0.000136 0.000000 0.000939 
0.000516 0.000117 0.000000 0.000976 
0.000548 0.000149 0.000000 0.001033 
0.000483 0.000096 0.000000 0.000974 
0.000517 0.000143 0.000000 0.001062 
0.000569 0.000142 0.000000 0.001038 
0.000501 0.000153 0.000000 0.001140 
0.000471 0.000060 0.000000 0.000825 
0.000499 0.000092 0.000000 0.001012 
0.000511 0.000081 0.000000 0.000877 
0.000535 0.000074 0.000000 0.000851 
0.000584 0.000080 0.000000 0.000965 
0.000550 0.000107 0.000000 0.001040 
0.000507 0.000090 0.000000 0.001020 
0.000503 0.000090 0.000000 0.001019 
0.000536 0.000075 0.000000 0.000852 
0.000515 0.000086 0.000000 0.000869 
0.000527 0.000087 0.000000 0.000884 
0.000518 0.000086 0.000000 0.000915 
0.000501 0.000068 0.000000 0.000921 
0.000520 0.000058 0.000000 0.000774 
0.000495 0.000037 0.000000 0.000811 
0.000451 0.000034 0.000000 0.000697 
0.000499 0.000104 0.000000 0.000936 
0.000419 0.000031 0.000000 0.000599 
0.000405 0.000050 0.000000 0.000767 
0.000453 0.000058 0.000000 0.000859 
0.000418 0.000043 0.000000 0.000756 
0.000457 0.000076 0.000000 0.000884 
0.000450 0.000052 0.000000 0.000699 
0.000442 0.000028 0.000000 0.000635 
0.000453 0.000082 0.000000 0.000926 
0.000435 0.000026 0.000000 0.000605 
0.000468 0.000106 0.000000 0.000960 
0.000430 0.000034 0.000000 0.000667 
0.000468 0.000031 0.000000 0.000610 
0.000476 0.000027 0.000000 0.000575 
0.000445 0.000039 0.000000 0.000708 
0.000448 0.000029 0.000000 0.000581 
0.000455 0.000031 0.000000 0.000610 
0.000438 0.000039 0.000000 0.000631 
0.000451 0.000080 0.000000 0.000863 
0.000424 0.000018 0.000000 0.000510 
0.000472 0.000086 0.000000 0.000844 
0.000467 0.000040 0.000000 0.000735 
0.000450 0.000028 0.000000 0.000564 
0.000506 0.000035 0.000000 0.000639 
0.000493 0.000048 0.000000 0.000791 
0.000480 0.000050 0.000000 0.000836 
0.000475 0.000057 0.000000 0.000808 
0.000481 0.000057 0.000000 0.000878 
0.000483 0.000055 0.000000 0.000932 
0.000462 0.000045 0.000000 0.000880 
0.000469 0.000059 0.000000 0.000885 
0.000461 0.000035 0.000000 0.000744 
0.000474 0.000061 0.000000 0.001050 
0.000463 0.000025 0.000000 0.000669 
0.000468 0.000028 0.000000 0.000655 
0.000482 0.000042 0.000000 0.000875 
0.000500 0.000051 0.000000 0.000831 
0.000496 0.000065 0.000000 0.000822 
0.000475 0.000014 0.000000 0.000568 
0.000460 0.000022 0.000000 0.000614 
0.000475 0.000022 0.000000 0.000571 
0.000457 0.000034 0.000000 0.000631 
0.000467 0.000030 0.000000 0.000675 
0.000465 0.000018 0.000000 0.000586 
0.000465 0.000022 0.000000 0.000612 
0.000444 0.000020 0.000000 0.000527 
0.000460 0.000019 0.000000 0.000562 
0.000454 0.000025 0.000000 0.000594 
0.000479 0.000018 0.000000 0.000586 
0.000430 0.000031 0.000000 0.000636 
0.000468 0.000029 0.000000 0.000639 
0.000496 0.000034 0.000000 0.000700 
0.000472 0.000030 0.000000 0.000623 
0.000485 0.000037 0.000000 0.000733 
0.000476 0.000032 0.000000 0.000634 
0.000466 0.000031 0.000000 0.000641 
0.000465 0.000038 0.000000 0.000689 
0.000488 0.000037 0.000000 0.000710 
0.000490 0.000060 0.000000 0.000780 
0.000484 0.000047 0.000000 0.000772 
0.000484 0.000030 0.000000 0.000621 
0.000486 0.000030 0.000000 0.000654 
0.000479 0.000029 0.000000 0.000624 
0.000487 0.000043 0.000000 0.000714 
0.000527 0.000084 0.000000 0.000938 
0.000521 0.000076 0.000000 0.000900 
0.000516 0.000088 0.000000 0.001003 
0.000518 0.000075 0.000000 0.000979 
0.000531 0.000079 0.000000 0.000989 
0.000535 0.000103 0.000000 0.001004 
0.000514 0.000084 0.000000 0.000915 
0.000498 0.000064 0.000000 0.000863 
0.000515 0.000079 0.000000 0.001003 
0.000529 0.000109 0.000000 0.001122 
0.000528 0.000096 0.000000 0.001030 
0.000512 0.000060 0.000000 0.000888 
0.000514 0.000071 0.000000 0.000910 
