0.000840 0.000306 0.000000 0.001862 
0.000865 0.000317 0.000000 0.001962 
0.000843 0.000283 0.000000 0.001831 
0.000868 0.000334 0.000000 0.001947 
0.000845 0.000312 0.000000 0.001875 
0.000851 0.000321 0.000000 0.001961 
0.000841 0.000283 0.000000 0.001804 
0.000848 0.000289 0.000000 0.001806 
0.000842 0.000299 0.000000 0.001825 
0.000799 0.000265 0.000000 0.001773 
0.000846 0.000294 0.000000 0.001849 
0.000812 0.000283 0.000000 0.001793 
0.000868 0.000338 0.000000 0.002005 
0.000765 0.000267 0.000000 0.001879 
0.000780 0.000254 0.000000 0.001743 
0.000776 0.000259 0.000000 0.001879 
0.000792 0.000275 0.000000 0.001847 
0.000742 0.000214 0.000000 0.001693 
0.000750 0.000257 0.000000 0.001817 
0.000764 0.000245 0.000000 0.001626 
0.000746 0.000253 0.000000 0.001769 
0.000762 0.000272 0.000000 0.002001 
0.000784 0.000281 0.000000 0.001865 
0.000800 0.000286 0.000000 0.001917 
0.000771 0.000256 0.000000 0.001789 
0.000792 0.000284 0.000000 0.001922 
0.000895 0.000256 0.000000 0.001800 
0.000907 0.000295 0.000000 0.001901 
0.000900 0.000290 0.000000 0.001947 
0.000915 0.000326 0.000000 0.001969 
0.000892 0.000332 0.000000 0.002071 
0.000914 0.000301 0.000000 0.001929 
0.000922 0.000301 0.000000 0.001972 
0.000932 0.000307 0.000000 0.001940 
0.000900 0.000315 0.000000 0.001953 
0.000890 0.000283 0.000000 0.001973 
0.000898 0.000276 0.000000 0.001897 
0.000769 0.000243 0.000000 0.001861 
0.000804 0.000263 0.000000 0.001837 
0.000791 0.000250 0.000000 0.001791 
0.000803 0.000238 0.000000 0.001744 
0.000806 0.000259 0.000000 0.001867 
0.000755 0.000222 0.000000 0.001699 
0.000765 0.000251 0.000000 0.001784 
0.000773 0.000230 0.000000 0.001710 
0.000775 0.000250 0.000000 0.001790 
0.000791 0.000251 0.000000 0.001789 
0.000763 0.000235 0.000000 0.001774 
0.000741 0.000214 0.000000 0.001737 
0.000823 0.000231 0.000000 0.001632 
0.000825 0.000221 0.000000 0.001625 
0.000806 0.000228 0.000000 0.001598 
0.000831 0.000227 0.000000 0.001595 
0.000848 0.000225 0.000000 0.001562 
0.000827 0.000211 0.000000 0.001526 
0.000825 0.000218 0.000000 0.001627 
0.000851 0.000234 0.000000 0.001650 
0.000841 0.000235 0.000000 0.001609 
0.000806 0.000210 0.000000 0.001620 
0.000823 0.000221 0.000000 0.001598 
0.000823 0.000283 0.000000 0.001879 
0.000809 0.000281 0.000000 0.001804 
0.000845 0.000330 0.000000 0.001997 
0.000837 0.000319 0.000000 0.001981 
0.000835 0.000301 0.000000 0.001952 
0.000843 0.000324 0.000000 0.002001 
0.000844 0.000352 0.000000 0.002168 
0.000820 0.000311 0.000000 0.001949 
0.000816 0.000304 0.000000 0.001988 
0.000806 0.000302 0.000000 0.001850 
0.000786 0.000232 0.000000 0.001679 
0.000850 0.000266 0.000000 0.001903 
0.000770 0.000231 0.000000 0.001724 
0.000816 0.000237 0.000000 0.001700 
0.000788 0.000241 0.000000 0.001738 
0.000807 0.000258 0.000000 0.001852 
0.000816 0.000257 0.000000 0.001895 
0.000798 0.000251 0.000000 0.002000 
0.000809 0.000278 0.000000 0.001951 
0.000832 0.000265 0.000000 0.001820 
0.000806 0.000249 0.000000 0.001770 
0.000810 0.000251 0.000000 0.001832 
0.000789 0.000216 0.000000 0.001602 
0.000791 0.000223 0.000000 0.001795 
0.000831 0.000250 0.000000 0.001894 
0.000856 0.000256 0.000000 0.001781 
0.000806 0.000227 0.000000 0.001585 
0.000894 0.000275 0.000000 0.001801 
0.000915 0.000305 0.000000 0.002018 
0.000897 0.000308 0.000000 0.002008 
0.000926 0.000316 0.000000 0.002002 
0.000897 0.000319 0.000000 0.002119 
0.000922 0.000302 0.000000 0.001892 
0.000880 0.000299 0.000000 0.001948 
0.000876 0.000286 0.000000 0.001792 
0.000904 0.000322 0.000000 0.001941 
0.000909 0.000312 0.000000 0.001952 
0.000924 0.000328 0.000000 0.002124 
0.000851 0.000304 0.000000 0.002072 
0.000902 0.000283 0.000000 0.001912 
0.000783 0.000255 0.000000 0.001902 
0.000810 0.000273 0.000000 0.001870 
0.000771 0.000209 0.000000 0.001515 
0.000799 0.000225 0.000000 0.001709 
0.000754 0.000213 0.000000 0.001554 
0.000809 0.000270 0.000000 0.001815 
0.000808 0.000261 0.000000 0.001733 
0.000795 0.000232 0.000000 0.001705 
0.000763 0.000246 0.000000 0.001810 
0.000808 0.000250 0.000000 0.001721 
0.000793 0.000238 0.000000 0.001769 
0.000812 0.000247 0.000000 0.001778 
0.000793 0.000249 0.000000 0.001770 
0.000818 0.000257 0.000000 0.001842 
0.000762 0.000204 0.000000 0.001553 
0.000821 0.000265 0.000000 0.002118 
0.000785 0.000219 0.000000 0.001629 
0.000764 0.000193 0.000000 0.001537 
0.000800 0.000239 0.000000 0.001854 
0.000756 0.000199 0.000000 0.001586 
0.000753 0.000213 0.000000 0.001616 
0.000741 0.000199 0.000000 0.001554 
0.000761 0.000181 0.000000 0.001434 
0.000799 0.000253 0.000000 0.001916 
0.000799 0.000224 0.000000 0.001694 
0.000806 0.000237 0.000000 0.001917 
0.000759 0.000215 0.000000 0.001631 
0.000819 0.000311 0.000000 0.001911 
0.000865 0.000303 0.000000 0.001876 
0.000829 0.000324 0.000000 0.001992 
0.000840 0.000299 0.000000 0.001879 
0.000814 0.000277 0.000000 0.001805 
0.000791 0.000291 0.000000 0.001836 
0.000773 0.000293 0.000000 0.001950 
0.000824 0.000280 0.000000 0.001774 
0.000793 0.000313 0.000000 0.001938 
0.000804 0.000294 0.000000 0.001924 
0.000829 0.000322 0.000000 0.002031 
0.000805 0.000267 0.000000 0.001948 
0.000756 0.000192 0.000000 0.001477 
0.000716 0.000182 0.000000 0.001446 
0.000733 0.000200 0.000000 0.001520 
0.000729 0.000174 0.000000 0.001358 
0.000712 0.000170 0.000000 0.001325 
0.000727 0.000218 0.000000 0.001605 
0.000733 0.000207 0.000000 0.001470 
0.000738 0.000187 0.000000 0.001404 
0.000738 0.000218 0.000000 0.001574 
0.000734 0.000197 0.000000 0.001458 
0.000709 0.000181 0.000000 0.001400 
0.000741 0.000193 0.000000 0.001468 
0.000723 0.000209 0.000000 0.001577 
0.000757 0.000214 0.000000 0.001609 
0.000762 0.000216 0.000000 0.001614 
0.000775 0.000211 0.000000 0.001599 
0.000771 0.000203 0.000000 0.001553 
0.000774 0.000226 0.000000 0.001602 
0.000752 0.000226 0.000000 0.001642 
0.000777 0.000236 0.000000 0.001719 
0.000764 0.000228 0.000000 0.001646 
0.000741 0.000227 0.000000 0.001625 
0.000776 0.000212 0.000000 0.001583 
0.000757 0.000209 0.000000 0.001558 
0.000782 0.000240 0.000000 0.001846 
0.000749 0.000229 0.000000 0.001668 
0.000721 0.000212 0.000000 0.001646 
0.000723 0.000213 0.000000 0.001590 
0.000717 0.000203 0.000000 0.001548 
0.000723 0.000190 0.000000 0.001484 
0.000753 0.000244 0.000000 0.001782 
0.000730 0.000209 0.000000 0.001686 
0.000733 0.000231 0.000000 0.001665 
0.000729 0.000216 0.000000 0.001694 
0.000696 0.000198 0.000000 0.001532 
0.000719 0.000197 0.000000 0.001430 
0.000742 0.000214 0.000000 0.001628 
0.000717 0.000195 0.000000 0.001495 
0.000724 0.000211 0.000000 0.001680 
0.000712 0.000197 0.000000 0.001537 
0.000851 0.000257 0.000000 0.001728 
0.000868 0.000283 0.000000 0.001882 
0.000848 0.000249 0.000000 0.001690 
0.000858 0.000268 0.000000 0.001755 
0.000862 0.000251 0.000000 0.001723 
0.000874 0.000303 0.000000 0.001925 
0.000836 0.000240 0.000000 0.001675 
0.000838 0.000248 0.000000 0.001680 
0.000873 0.000285 0.000000 0.001849 
0.000827 0.000258 0.000000 0.001754 
0.000844 0.000296 0.000000 0.001924 
0.000867 0.000284 0.000000 0.001981 
0.000864 0.000288 0.000000 0.001923 
