0.000692 0.000093 0.000510 0.001144 
0.000702 0.000111 0.000511 0.001144 
0.000682 0.000096 0.000497 0.001082 
0.000681 0.000096 0.000500 0.001156 
0.000684 0.000102 0.000488 0.001142 
0.000677 0.000093 0.000486 0.001107 
0.000693 0.000100 0.000507 0.001137 
0.000690 0.000088 0.000524 0.001062 
0.000684 0.000093 0.000507 0.001069 
0.000673 0.000093 0.000489 0.001081 
0.000681 0.000090 0.000495 0.001015 
0.000672 0.000096 0.000496 0.001063 
0.000687 0.000105 0.000483 0.001226 
0.000661 0.000107 0.000486 0.001122 
0.000665 0.000103 0.000480 0.001157 
0.000677 0.000092 0.000506 0.001061 
0.000685 0.000114 0.000493 0.001226 
0.000650 0.000100 0.000492 0.001217 
0.000664 0.000109 0.000474 0.001171 
0.000669 0.000106 0.000475 0.001157 
0.000661 0.000114 0.000456 0.001169 
0.000680 0.000113 0.000473 0.001136 
0.000678 0.000114 0.000485 0.001134 
0.000653 0.000088 0.000484 0.001036 
0.000658 0.000099 0.000483 0.001118 
0.000663 0.000088 0.000481 0.001081 
0.000743 0.000142 0.000531 0.001274 
0.000708 0.000146 0.000522 0.001203 
0.000763 0.000164 0.000517 0.001299 
0.000776 0.000173 0.000514 0.001430 
0.000758 0.000165 0.000501 0.001367 
0.000744 0.000137 0.000513 0.001196 
0.000757 0.000162 0.000508 0.001300 
0.000771 0.000162 0.000528 0.001316 
0.000737 0.000165 0.000509 0.001280 
0.000738 0.000149 0.000506 0.001394 
0.000760 0.000150 0.000522 0.001264 
0.000697 0.000108 0.000537 0.001302 
0.000710 0.000099 0.000528 0.001211 
0.000714 0.000116 0.000513 0.001359 
0.000714 0.000112 0.000548 0.001344 
0.000726 0.000119 0.000528 0.001374 
0.000698 0.000096 0.000523 0.001258 
0.000690 0.000105 0.000524 0.001243 
0.000717 0.000118 0.000550 0.001432 
0.000707 0.000112 0.000529 0.001305 
0.000736 0.000127 0.000528 0.001397 
0.000717 0.000111 0.000515 0.001235 
0.000707 0.000122 0.000525 0.001396 
0.000764 0.000158 0.000508 0.001464 
0.000798 0.000168 0.000524 0.001398 
0.000780 0.000153 0.000522 0.001450 
0.000779 0.000150 0.000536 0.001454 
0.000795 0.000148 0.000523 0.001422 
0.000755 0.000149 0.000539 0.001480 
0.000789 0.000166 0.000509 0.001596 
0.000766 0.000153 0.000543 0.001538 
0.000772 0.000156 0.000515 0.001404 
0.000765 0.000132 0.000542 0.001353 
0.000759 0.000144 0.000542 0.001268 
0.000690 0.000108 0.000520 0.001105 
0.000685 0.000119 0.000506 0.001219 
0.000689 0.000122 0.000480 0.001170 
0.000688 0.000113 0.000503 0.001100 
0.000677 0.000136 0.000487 0.001259 
0.000685 0.000122 0.000475 0.001182 
0.000683 0.000111 0.000490 0.001034 
0.000657 0.000121 0.000456 0.001131 
0.000665 0.000118 0.000451 0.001159 
0.000661 0.000115 0.000462 0.001076 
0.000734 0.000125 0.000521 0.001208 
0.000762 0.000147 0.000517 0.001374 
0.000734 0.000128 0.000518 0.001277 
0.000731 0.000127 0.000512 0.001376 
0.000740 0.000137 0.000512 0.001444 
0.000752 0.000124 0.000529 0.001212 
0.000752 0.000126 0.000545 0.001387 
0.000737 0.000117 0.000529 0.001231 
0.000738 0.000141 0.000488 0.001368 
0.000762 0.000136 0.000539 0.001422 
0.000758 0.000137 0.000508 0.001270 
0.000768 0.000134 0.000558 0.001368 
0.000772 0.000137 0.000545 0.001258 
0.000713 0.000120 0.000525 0.001205 
0.000756 0.000154 0.000517 0.001531 
0.000742 0.000133 0.000520 0.001224 
0.000685 0.000121 0.000528 0.001521 
0.000681 0.000088 0.000538 0.001265 
0.000710 0.000085 0.000528 0.001184 
0.000696 0.000088 0.000525 0.001175 
0.000705 0.000090 0.000530 0.001252 
0.000688 0.000093 0.000519 0.001216 
0.000718 0.000099 0.000517 0.001268 
0.000703 0.000092 0.000520 0.001252 
0.000690 0.000092 0.000516 0.001212 
0.000739 0.000114 0.000503 0.001346 
0.000690 0.000083 0.000526 0.001123 
0.000731 0.000094 0.000539 0.001291 
0.000693 0.000079 0.000526 0.001165 
0.000698 0.000081 0.000530 0.001236 
0.000699 0.000109 0.000503 0.001295 
0.000693 0.000105 0.000523 0.001344 
0.000718 0.000116 0.000505 0.001358 
0.000683 0.000087 0.000537 0.001243 
0.000702 0.000104 0.000520 0.001259 
0.000707 0.000112 0.000505 0.001310 
0.000715 0.000118 0.000500 0.001353 
0.000699 0.000100 0.000520 0.001213 
0.000700 0.000106 0.000501 0.001261 
0.000694 0.000100 0.000522 0.001235 
0.000696 0.000106 0.000517 0.001333 
0.000695 0.000121 0.000510 0.001407 
0.000737 0.000153 0.000493 0.001621 
0.000726 0.000107 0.000515 0.001234 
0.000727 0.000115 0.000513 0.001136 
0.000721 0.000111 0.000504 0.001156 
0.000757 0.000148 0.000490 0.001285 
0.000756 0.000126 0.000506 0.001183 
0.000730 0.000110 0.000508 0.001096 
0.000750 0.000133 0.000460 0.001259 
0.000743 0.000110 0.000520 0.001163 
0.000728 0.000105 0.000537 0.001081 
0.000719 0.000115 0.000521 0.001174 
0.000722 0.000110 0.000500 0.001149 
0.000727 0.000102 0.000509 0.001155 
0.000722 0.000105 0.000513 0.001145 
0.000705 0.000108 0.000500 0.001108 
0.000740 0.000108 0.000551 0.001057 
0.000739 0.000113 0.000522 0.001229 
0.000736 0.000099 0.000533 0.001095 
0.000703 0.000104 0.000538 0.001251 
0.000739 0.000097 0.000551 0.001120 
0.000724 0.000101 0.000529 0.001131 
0.000701 0.000111 0.000495 0.001092 
0.000718 0.000101 0.000527 0.001108 
0.000721 0.000107 0.000515 0.001036 
0.000722 0.000107 0.000531 0.001123 
0.000732 0.000104 0.000504 0.001099 
0.000721 0.000097 0.000553 0.001055 
0.000794 0.000147 0.000547 0.001643 
0.000763 0.000141 0.000519 0.001492 
0.000756 0.000137 0.000512 0.001580 
0.000812 0.000165 0.000516 0.001632 
0.000779 0.000144 0.000527 0.001482 
0.000746 0.000140 0.000516 0.001449 
0.000760 0.000144 0.000527 0.001633 
0.000806 0.000149 0.000528 0.001613 
0.000758 0.000148 0.000518 0.001446 
0.000797 0.000150 0.000552 0.001667 
0.000766 0.000155 0.000534 0.001654 
0.000782 0.000145 0.000535 0.001639 
0.000737 0.000152 0.000537 0.001709 
0.000719 0.000094 0.000535 0.001157 
0.000719 0.000078 0.000555 0.001028 
0.000722 0.000094 0.000509 0.001058 
0.000759 0.000092 0.000560 0.001142 
0.000723 0.000089 0.000532 0.001112 
0.000708 0.000067 0.000551 0.000950 
0.000737 0.000087 0.000532 0.001066 
0.000712 0.000073 0.000525 0.000959 
0.000681 0.000079 0.000514 0.000918 
0.000724 0.000085 0.000506 0.001018 
0.000706 0.000082 0.000520 0.000972 
0.000711 0.000090 0.000520 0.001100 
0.000688 0.000092 0.000514 0.001146 
0.000692 0.000097 0.000509 0.001181 
0.000678 0.000092 0.000522 0.001109 
0.000672 0.000099 0.000483 0.001237 
0.000702 0.000106 0.000516 0.001306 
0.000690 0.000097 0.000494 0.001060 
0.000685 0.000090 0.000504 0.001170 
0.000699 0.000092 0.000507 0.001026 
0.000682 0.000094 0.000499 0.001080 
0.000680 0.000102 0.000494 0.001177 
0.000683 0.000096 0.000486 0.001152 
0.000700 0.000110 0.000500 0.001213 
0.000688 0.000098 0.000511 0.001124 
0.000687 0.000088 0.000508 0.001166 
0.000690 0.000104 0.000509 0.001115 
0.000786 0.000094 0.000572 0.001112 
0.000743 0.000091 0.000576 0.001166 
0.000730 0.000090 0.000561 0.001037 
0.000759 0.000085 0.000554 0.001113 
0.000797 0.000107 0.000581 0.001210 
0.000764 0.000097 0.000543 0.001129 
0.000778 0.000100 0.000561 0.001204 
0.000775 0.000094 0.000587 0.001108 
0.000778 0.000101 0.000565 0.001201 
0.000751 0.000088 0.000577 0.001029 
0.000746 0.000090 0.000568 0.001069 
0.000761 0.000096 0.000541 0.001279 
0.000731 0.000089 0.000537 0.001161 
