0.000547 0.000099 0.000000 0.000918 
0.000557 0.000144 0.000000 0.001313 
0.000509 0.000103 0.000000 0.001077 
0.000520 0.000117 0.000000 0.000982 
0.000540 0.000109 0.000000 0.001003 
0.000551 0.000129 0.000000 0.001023 
0.000551 0.000109 0.000000 0.001183 
0.000549 0.000124 0.000000 0.001125 
0.000533 0.000096 0.000000 0.000912 
0.000508 0.000116 0.000000 0.001049 
0.000531 0.000117 0.000000 0.001135 
0.000529 0.000113 0.000000 0.001050 
0.000537 0.000106 0.000000 0.001060 
0.000612 0.000229 0.000000 0.001306 
0.000577 0.000211 0.000000 0.001404 
0.000602 0.000214 0.000000 0.001336 
0.000537 0.000140 0.000000 0.001287 
0.000535 0.000174 0.000000 0.001348 
0.000586 0.000231 0.000000 0.001480 
0.000568 0.000202 0.000000 0.001561 
0.000580 0.000224 0.000000 0.001535 
0.000549 0.000177 0.000000 0.001375 
0.000551 0.000182 0.000000 0.001511 
0.000586 0.000201 0.000000 0.001383 
0.000604 0.000217 0.000000 0.001367 
0.000552 0.000198 0.000000 0.001538 
0.000537 0.000118 0.000000 0.001181 
0.000548 0.000136 0.000000 0.001305 
0.000537 0.000106 0.000000 0.001156 
0.000522 0.000086 0.000000 0.001060 
0.000546 0.000112 0.000000 0.001173 
0.000512 0.000108 0.000000 0.001099 
0.000518 0.000088 0.000000 0.001042 
0.000566 0.000130 0.000000 0.001262 
0.000542 0.000125 0.000000 0.001127 
0.000527 0.000099 0.000000 0.001103 
0.000544 0.000124 0.000000 0.001212 
0.000595 0.000160 0.000000 0.001274 
0.000612 0.000141 0.000000 0.001181 
0.000617 0.000166 0.000000 0.001303 
0.000610 0.000147 0.000000 0.001287 
0.000616 0.000162 0.000000 0.001196 
0.000591 0.000157 0.000000 0.001164 
0.000602 0.000147 0.000000 0.001227 
0.000607 0.000155 0.000000 0.001202 
0.000622 0.000161 0.000000 0.001187 
0.000586 0.000158 0.000000 0.001362 
0.000613 0.000165 0.000000 0.001335 
0.000601 0.000154 0.000000 0.001229 
0.000593 0.000189 0.000000 0.001406 
0.000580 0.000139 0.000000 0.001143 
0.000550 0.000123 0.000000 0.001178 
0.000558 0.000106 0.000000 0.000955 
0.000619 0.000165 0.000000 0.001514 
0.000592 0.000147 0.000000 0.001437 
0.000556 0.000131 0.000000 0.001170 
0.000561 0.000124 0.000000 0.001182 
0.000558 0.000115 0.000000 0.001288 
0.000595 0.000140 0.000000 0.001274 
0.000561 0.000112 0.000000 0.001183 
0.000603 0.000157 0.000000 0.001195 
0.000578 0.000129 0.000000 0.001145 
0.000606 0.000144 0.000000 0.001138 
0.000622 0.000155 0.000000 0.001173 
0.000577 0.000149 0.000000 0.001350 
0.000596 0.000150 0.000000 0.001142 
0.000630 0.000143 0.000000 0.001166 
0.000598 0.000184 0.000000 0.001309 
0.000587 0.000151 0.000000 0.001208 
0.000605 0.000176 0.000000 0.001368 
0.000567 0.000108 0.000000 0.000988 
0.000563 0.000114 0.000000 0.001186 
0.000579 0.000104 0.000000 0.000995 
0.000557 0.000104 0.000000 0.000989 
0.000536 0.000116 0.000000 0.000986 
0.000569 0.000091 0.000000 0.000883 
0.000584 0.000098 0.000000 0.001001 
0.000557 0.000102 0.000000 0.000971 
0.000582 0.000127 0.000000 0.001032 
0.000572 0.000121 0.000000 0.001020 
0.000595 0.000131 0.000000 0.001040 
0.000592 0.000121 0.000000 0.001028 
0.000572 0.000094 0.000000 0.000966 
0.000571 0.000111 0.000000 0.000977 
0.000572 0.000127 0.000000 0.001166 
0.000574 0.000088 0.000000 0.001084 
0.000498 0.000085 0.000000 0.001018 
0.000541 0.000100 0.000000 0.000913 
0.000618 0.000124 0.000000 0.001004 
0.000535 0.000109 0.000000 0.000942 
0.000589 0.000112 0.000000 0.000898 
0.000627 0.000129 0.000000 0.001086 
0.000580 0.000114 0.000000 0.000982 
0.000570 0.000123 0.000000 0.001028 
0.000561 0.000113 0.000000 0.000972 
0.000569 0.000142 0.000000 0.001142 
0.000564 0.000109 0.000000 0.000965 
0.000556 0.000102 0.000000 0.000934 
0.000550 0.000147 0.000000 0.001020 
0.000490 0.000096 0.000000 0.000978 
0.000601 0.000138 0.000000 0.001100 
0.000564 0.000110 0.000000 0.000974 
0.000640 0.000176 0.000000 0.001264 
0.000685 0.000167 0.000000 0.001254 
0.000638 0.000163 0.000000 0.001277 
0.000581 0.000160 0.000000 0.001257 
0.000553 0.000135 0.000000 0.001203 
0.000591 0.000143 0.000000 0.001136 
0.000600 0.000182 0.000000 0.001359 
0.000600 0.000151 0.000000 0.001138 
0.000579 0.000114 0.000000 0.001064 
0.000558 0.000115 0.000000 0.001103 
0.000545 0.000083 0.000000 0.000890 
0.000541 0.000103 0.000000 0.000944 
0.000564 0.000131 0.000000 0.001020 
0.000547 0.000151 0.000000 0.001181 
0.000521 0.000124 0.000000 0.000886 
0.000589 0.000175 0.000000 0.001203 
0.000654 0.000183 0.000000 0.001184 
0.000517 0.000126 0.000000 0.000952 
0.000616 0.000179 0.000000 0.001515 
0.000611 0.000136 0.000000 0.001389 
0.000505 0.000132 0.000000 0.001054 
0.000510 0.000132 0.000000 0.000985 
0.000507 0.000121 0.000000 0.001054 
0.000644 0.000197 0.000000 0.001372 
0.000505 0.000086 0.000000 0.000820 
0.000557 0.000151 0.000000 0.001124 
0.000529 0.000140 0.000000 0.001184 
0.000548 0.000164 0.000000 0.001136 
0.000502 0.000139 0.000000 0.001283 
0.000522 0.000142 0.000000 0.001091 
0.000538 0.000168 0.000000 0.001098 
0.000613 0.000249 0.000000 0.001290 
0.000560 0.000172 0.000000 0.001211 
0.000645 0.000251 0.000000 0.001344 
0.000627 0.000213 0.000000 0.001283 
0.000515 0.000150 0.000000 0.001194 
0.000566 0.000161 0.000000 0.001263 
0.000616 0.000135 0.000000 0.001231 
0.000615 0.000150 0.000000 0.001189 
0.000607 0.000158 0.000000 0.001177 
0.000635 0.000167 0.000000 0.001191 
0.000647 0.000199 0.000000 0.001857 
0.000620 0.000175 0.000000 0.001121 
0.000611 0.000158 0.000000 0.001156 
0.000603 0.000156 0.000000 0.001129 
0.000635 0.000190 0.000000 0.001331 
0.000579 0.000133 0.000000 0.001000 
0.000568 0.000133 0.000000 0.001147 
0.000589 0.000126 0.000000 0.001056 
0.000605 0.000143 0.000000 0.001036 
0.000566 0.000102 0.000000 0.000983 
0.000525 0.000083 0.000000 0.000908 
0.000527 0.000086 0.000000 0.000910 
0.000526 0.000081 0.000000 0.000949 
0.000538 0.000107 0.000000 0.000981 
0.000554 0.000104 0.000000 0.001035 
0.000545 0.000102 0.000000 0.000955 
0.000526 0.000090 0.000000 0.000942 
0.000497 0.000092 0.000000 0.000862 
0.000511 0.000088 0.000000 0.000885 
0.000537 0.000110 0.000000 0.000979 
0.000519 0.000077 0.000000 0.000863 
0.000502 0.000094 0.000000 0.000846 
0.000563 0.000126 0.000000 0.000974 
0.000600 0.000151 0.000000 0.001090 
0.000474 0.000048 0.000000 0.000688 
0.000537 0.000082 0.000000 0.000801 
0.000528 0.000079 0.000000 0.000896 
0.000493 0.000071 0.000000 0.000749 
0.000481 0.000059 0.000000 0.000738 
0.000506 0.000064 0.000000 0.000817 
0.000599 0.000120 0.000000 0.000984 
0.000542 0.000082 0.000000 0.000785 
0.000562 0.000145 0.000000 0.001100 
0.000527 0.000077 0.000000 0.000793 
0.000530 0.000104 0.000000 0.000930 
0.000553 0.000108 0.000000 0.000989 
0.000606 0.000118 0.000000 0.001007 
0.000598 0.000133 0.000000 0.001047 
0.000616 0.000127 0.000000 0.001055 
0.000637 0.000151 0.000000 0.001126 
0.000626 0.000123 0.000000 0.001161 
0.000635 0.000146 0.000000 0.001126 
0.000644 0.000157 0.000000 0.001189 
0.000602 0.000145 0.000000 0.001013 
0.000658 0.000271 0.000000 0.001588 
0.000599 0.000134 0.000000 0.001003 
0.000628 0.000151 0.000000 0.001134 
0.000601 0.000141 0.000000 0.001103 
0.000596 0.000127 0.000000 0.001017 
