0.001322 0.000319 0.000799 0.002359 
0.001357 0.000284 0.000762 0.002086 
0.001385 0.000335 0.000740 0.002318 
0.001392 0.000359 0.000764 0.002355 
0.001354 0.000325 0.000772 0.002283 
0.001414 0.000358 0.000800 0.002368 
0.001363 0.000355 0.000747 0.002394 
0.001364 0.000340 0.000786 0.002297 
0.001298 0.000303 0.000722 0.002070 
0.001442 0.000356 0.000726 0.002456 
0.001425 0.000332 0.000840 0.002392 
0.001417 0.000349 0.000727 0.002388 
0.001326 0.000330 0.000719 0.002279 
0.001296 0.000343 0.000604 0.002322 
0.001338 0.000329 0.000664 0.002161 
0.001200 0.000276 0.000633 0.001974 
0.001280 0.000299 0.000655 0.001999 
0.001303 0.000339 0.000619 0.002138 
0.001240 0.000305 0.000695 0.002035 
0.001221 0.000311 0.000599 0.002018 
0.001211 0.000315 0.000549 0.002002 
0.001173 0.000273 0.000625 0.002044 
0.001149 0.000263 0.000621 0.001852 
0.001196 0.000302 0.000587 0.001904 
0.001154 0.000279 0.000622 0.001893 
0.001225 0.000297 0.000634 0.002043 
0.001355 0.000339 0.000571 0.002152 
0.001402 0.000372 0.000593 0.002330 
0.001316 0.000350 0.000561 0.002241 
0.001456 0.000423 0.000577 0.002540 
0.001408 0.000407 0.000560 0.002500 
0.001468 0.000429 0.000530 0.002455 
0.001441 0.000400 0.000586 0.002498 
0.001237 0.000304 0.000560 0.001972 
0.001432 0.000392 0.000565 0.002468 
0.001248 0.000321 0.000537 0.001973 
0.001391 0.000357 0.000586 0.002229 
0.001305 0.000296 0.000737 0.002055 
0.001306 0.000303 0.000721 0.002090 
0.001329 0.000316 0.000713 0.002130 
0.001290 0.000283 0.000722 0.002048 
0.001325 0.000287 0.000713 0.002051 
0.001382 0.000364 0.000674 0.002287 
0.001272 0.000294 0.000694 0.002005 
0.001349 0.000351 0.000684 0.002237 
0.001307 0.000300 0.000717 0.002086 
0.001371 0.000350 0.000755 0.002300 
0.001324 0.000321 0.000683 0.002090 
0.001309 0.000317 0.000733 0.002124 
0.001501 0.000344 0.000757 0.002361 
0.001378 0.000308 0.000677 0.002154 
0.001509 0.000332 0.000732 0.002317 
0.001468 0.000335 0.000699 0.002259 
0.001494 0.000332 0.000730 0.002472 
0.001485 0.000356 0.000697 0.002559 
0.001511 0.000348 0.000684 0.002271 
0.001540 0.000365 0.000742 0.002373 
0.001497 0.000368 0.000743 0.002457 
0.001467 0.000311 0.000778 0.002327 
0.001498 0.000352 0.000721 0.002314 
0.001220 0.000316 0.000639 0.002038 
0.001322 0.000336 0.000634 0.002332 
0.001224 0.000275 0.000632 0.002009 
0.001198 0.000281 0.000638 0.001974 
0.001406 0.000371 0.000647 0.002555 
0.001244 0.000294 0.000646 0.002053 
0.001276 0.000307 0.000669 0.002084 
0.001248 0.000305 0.000606 0.001935 
0.001338 0.000377 0.000638 0.002475 
0.001303 0.000333 0.000635 0.002284 
0.001295 0.000232 0.000701 0.001808 
0.001163 0.000211 0.000681 0.001794 
0.001252 0.000218 0.000719 0.001791 
0.001225 0.000211 0.000644 0.001720 
0.001164 0.000203 0.000631 0.001691 
0.001361 0.000260 0.000714 0.002167 
0.001219 0.000197 0.000712 0.001704 
0.001226 0.000205 0.000713 0.001780 
0.001196 0.000217 0.000672 0.001795 
0.001204 0.000218 0.000702 0.001780 
0.001177 0.000200 0.000696 0.001674 
0.001247 0.000206 0.000753 0.001795 
0.001289 0.000221 0.000719 0.001900 
0.001257 0.000223 0.000710 0.001821 
0.001193 0.000210 0.000717 0.001737 
0.001234 0.000240 0.000726 0.001980 
0.001400 0.000406 0.000622 0.002366 
0.001409 0.000371 0.000628 0.002314 
0.001407 0.000380 0.000623 0.002430 
0.001392 0.000381 0.000623 0.002345 
0.001356 0.000358 0.000657 0.002307 
0.001341 0.000376 0.000620 0.002410 
0.001348 0.000367 0.000615 0.002322 
0.001369 0.000347 0.000643 0.002177 
0.001396 0.000384 0.000618 0.002386 
0.001446 0.000393 0.000605 0.002396 
0.001359 0.000361 0.000608 0.002175 
0.001358 0.000363 0.000627 0.002311 
0.001430 0.000400 0.000579 0.002446 
0.001451 0.000363 0.000658 0.002283 
0.001518 0.000385 0.000681 0.002570 
0.001493 0.000379 0.000744 0.002458 
0.001572 0.000424 0.000706 0.002731 
0.001594 0.000405 0.000742 0.002607 
0.001617 0.000413 0.000788 0.002661 
0.001519 0.000387 0.000687 0.002605 
0.001475 0.000404 0.000731 0.002603 
0.001582 0.000458 0.000769 0.002723 
0.001625 0.000431 0.000791 0.002723 
0.001509 0.000399 0.000768 0.002576 
0.001506 0.000384 0.000781 0.002516 
0.001439 0.000373 0.000716 0.002535 
0.001462 0.000371 0.000719 0.002538 
0.001463 0.000376 0.000749 0.002451 
0.001424 0.000269 0.000807 0.002058 
0.001376 0.000259 0.000837 0.002094 
0.001501 0.000267 0.000777 0.002207 
0.001449 0.000279 0.000809 0.002132 
0.001454 0.000285 0.000781 0.002125 
0.001421 0.000270 0.000883 0.002148 
0.001596 0.000302 0.000897 0.002270 
0.001472 0.000270 0.000849 0.002072 
0.001514 0.000275 0.000877 0.002168 
0.001535 0.000307 0.000742 0.002345 
0.001420 0.000267 0.000833 0.002089 
0.001415 0.000275 0.000838 0.002141 
0.001510 0.000284 0.000906 0.002226 
0.001365 0.000314 0.000801 0.002236 
0.001303 0.000284 0.000772 0.002023 
0.001334 0.000269 0.000792 0.002051 
0.001286 0.000250 0.000858 0.001960 
0.001370 0.000302 0.000844 0.002193 
0.001337 0.000267 0.000841 0.001987 
0.001367 0.000254 0.000890 0.002041 
0.001392 0.000382 0.000718 0.002545 
0.001362 0.000279 0.000843 0.002101 
0.001384 0.000278 0.000856 0.002163 
0.001368 0.000282 0.000770 0.002094 
0.001376 0.000265 0.000798 0.002079 
0.001390 0.000349 0.000630 0.002253 
0.001324 0.000330 0.000620 0.001991 
0.001399 0.000382 0.000618 0.002309 
0.001456 0.000402 0.000625 0.002311 
0.001365 0.000364 0.000616 0.002229 
0.001399 0.000391 0.000607 0.002292 
0.001290 0.000360 0.000574 0.002079 
0.001513 0.000436 0.000609 0.002401 
0.001386 0.000410 0.000591 0.002258 
0.001474 0.000410 0.000621 0.002354 
0.001350 0.000366 0.000620 0.002169 
0.001506 0.000420 0.000635 0.002473 
0.001269 0.000331 0.000608 0.001997 
0.001116 0.000329 0.000587 0.001902 
0.001239 0.000387 0.000609 0.002194 
0.001213 0.000399 0.000597 0.002152 
0.001247 0.000415 0.000581 0.002247 
0.001211 0.000403 0.000572 0.002260 
0.001143 0.000340 0.000578 0.002032 
0.001148 0.000340 0.000585 0.002058 
0.001167 0.000377 0.000567 0.002133 
0.001115 0.000329 0.000570 0.001859 
0.001092 0.000344 0.000569 0.001862 
0.001079 0.000311 0.000586 0.001891 
0.001243 0.000417 0.000588 0.002181 
0.001200 0.000399 0.000563 0.002222 
0.001287 0.000290 0.000709 0.002245 
0.001208 0.000273 0.000643 0.002142 
0.001324 0.000325 0.000620 0.002246 
0.001300 0.000315 0.000665 0.002341 
0.001303 0.000295 0.000700 0.002070 
0.001302 0.000282 0.000720 0.002022 
0.001265 0.000281 0.000711 0.002223 
0.001266 0.000324 0.000649 0.002292 
0.001249 0.000285 0.000605 0.002126 
0.001296 0.000304 0.000711 0.002178 
0.001261 0.000282 0.000682 0.002059 
0.001338 0.000335 0.000643 0.002438 
0.001300 0.000313 0.000571 0.002300 
0.001147 0.000231 0.000690 0.001812 
0.001431 0.000399 0.000674 0.002428 
0.001319 0.000290 0.000732 0.002043 
0.001439 0.000367 0.000749 0.002318 
0.001390 0.000346 0.000715 0.002316 
0.001425 0.000366 0.000722 0.002465 
0.001380 0.000326 0.000741 0.002137 
0.001376 0.000335 0.000716 0.002274 
0.001425 0.000404 0.000675 0.002490 
0.001344 0.000305 0.000701 0.002055 
0.001487 0.000399 0.000686 0.002498 
0.001366 0.000299 0.000706 0.002154 
0.001285 0.000293 0.000688 0.002097 
0.001356 0.000303 0.000752 0.002163 
