0.000532 0.000025 0.000469 0.000625 
0.000537 0.000030 0.000441 0.000648 
0.000521 0.000026 0.000465 0.000680 
0.000520 0.000032 0.000448 0.000651 
0.000531 0.000038 0.000364 0.000641 
0.000528 0.000025 0.000449 0.000647 
0.000536 0.000024 0.000488 0.000669 
0.000535 0.000025 0.000479 0.000665 
0.000524 0.000023 0.000467 0.000616 
0.000524 0.000027 0.000411 0.000620 
0.000523 0.000033 0.000447 0.000635 
0.000522 0.000039 0.000381 0.000671 
0.000526 0.000032 0.000450 0.000626 
0.000505 0.000024 0.000441 0.000619 
0.000507 0.000024 0.000447 0.000627 
0.000515 0.000028 0.000446 0.000627 
0.000527 0.000023 0.000459 0.000659 
0.000526 0.000031 0.000436 0.000696 
0.000502 0.000029 0.000439 0.000689 
0.000529 0.000034 0.000373 0.000626 
0.000509 0.000025 0.000446 0.000641 
0.000504 0.000026 0.000430 0.000650 
0.000509 0.000026 0.000452 0.000666 
0.000506 0.000029 0.000434 0.000599 
0.000508 0.000034 0.000420 0.000671 
0.000505 0.000030 0.000424 0.000609 
0.000512 0.000033 0.000450 0.000620 
0.000503 0.000041 0.000376 0.000622 
0.000502 0.000029 0.000435 0.000603 
0.000497 0.000038 0.000413 0.000615 
0.000510 0.000041 0.000425 0.000617 
0.000491 0.000046 0.000382 0.000613 
0.000503 0.000031 0.000427 0.000601 
0.000510 0.000040 0.000414 0.000629 
0.000508 0.000047 0.000304 0.000633 
0.000495 0.000033 0.000423 0.000606 
0.000504 0.000022 0.000452 0.000594 
0.000537 0.000036 0.000406 0.000648 
0.000550 0.000026 0.000470 0.000664 
0.000546 0.000032 0.000439 0.000686 
0.000536 0.000028 0.000455 0.000644 
0.000540 0.000025 0.000478 0.000645 
0.000530 0.000029 0.000459 0.000715 
0.000537 0.000044 0.000374 0.000656 
0.000543 0.000023 0.000481 0.000650 
0.000534 0.000027 0.000461 0.000648 
0.000550 0.000030 0.000482 0.000712 
0.000532 0.000029 0.000454 0.000648 
0.000558 0.000028 0.000491 0.000748 
0.000536 0.000034 0.000464 0.000886 
0.000553 0.000031 0.000459 0.000942 
0.000540 0.000034 0.000450 0.000899 
0.000550 0.000029 0.000484 0.000878 
0.000563 0.000031 0.000480 0.000890 
0.000558 0.000034 0.000438 0.000859 
0.000549 0.000036 0.000472 0.000891 
0.000549 0.000032 0.000478 0.000895 
0.000547 0.000031 0.000454 0.000791 
0.000556 0.000033 0.000475 0.000863 
0.000548 0.000034 0.000435 0.000872 
0.000518 0.000028 0.000453 0.000853 
0.000514 0.000027 0.000456 0.000741 
0.000517 0.000029 0.000445 0.000757 
0.000513 0.000027 0.000453 0.000718 
0.000503 0.000033 0.000403 0.000830 
0.000509 0.000028 0.000441 0.000797 
0.000516 0.000027 0.000452 0.000821 
0.000495 0.000027 0.000410 0.000762 
0.000505 0.000027 0.000425 0.000809 
0.000499 0.000034 0.000411 0.000925 
0.000545 0.000037 0.000455 0.000866 
0.000535 0.000029 0.000476 0.000769 
0.000542 0.000033 0.000472 0.000800 
0.000539 0.000033 0.000463 0.000820 
0.000524 0.000038 0.000435 0.000807 
0.000538 0.000036 0.000469 0.000888 
0.000543 0.000030 0.000485 0.000814 
0.000544 0.000034 0.000471 0.000790 
0.000526 0.000035 0.000447 0.000871 
0.000544 0.000033 0.000480 0.000827 
0.000522 0.000034 0.000453 0.000774 
0.000543 0.000032 0.000468 0.000809 
0.000530 0.000033 0.000446 0.000758 
0.000545 0.000034 0.000462 0.000818 
0.000544 0.000036 0.000472 0.000792 
0.000530 0.000033 0.000454 0.000867 
0.000548 0.000031 0.000462 0.000782 
0.000535 0.000041 0.000418 0.000752 
0.000543 0.000032 0.000452 0.000761 
0.000530 0.000031 0.000439 0.000722 
0.000527 0.000036 0.000425 0.000755 
0.000529 0.000030 0.000458 0.000751 
0.000535 0.000035 0.000469 0.000843 
0.000520 0.000030 0.000444 0.000766 
0.000525 0.000027 0.000478 0.000805 
0.000520 0.000030 0.000428 0.000720 
0.000522 0.000035 0.000421 0.000736 
0.000531 0.000031 0.000452 0.000799 
0.000510 0.000032 0.000444 0.000735 
0.000525 0.000037 0.000440 0.000844 
0.000533 0.000049 0.000437 0.001206 
0.000539 0.000045 0.000448 0.001137 
0.000564 0.000055 0.000439 0.001126 
0.000536 0.000060 0.000374 0.001166 
0.000537 0.000052 0.000424 0.001222 
0.000520 0.000049 0.000427 0.001190 
0.000538 0.000060 0.000421 0.001207 
0.000525 0.000046 0.000436 0.001109 
0.000525 0.000050 0.000432 0.001185 
0.000529 0.000052 0.000431 0.001182 
0.000552 0.000049 0.000452 0.001155 
0.000544 0.000044 0.000452 0.001097 
0.000560 0.000064 0.000451 0.001214 
0.000552 0.000049 0.000446 0.001238 
0.000558 0.000033 0.000469 0.001004 
0.000516 0.000033 0.000450 0.000941 
0.000509 0.000047 0.000382 0.001033 
0.000513 0.000042 0.000436 0.000988 
0.000525 0.000037 0.000439 0.000960 
0.000517 0.000045 0.000417 0.000935 
0.000517 0.000034 0.000446 0.000833 
0.000511 0.000042 0.000440 0.001013 
0.000532 0.000041 0.000427 0.000958 
0.000517 0.000048 0.000415 0.001049 
0.000517 0.000035 0.000438 0.000892 
0.000513 0.000039 0.000410 0.000830 
0.000522 0.000036 0.000445 0.000897 
0.000526 0.000042 0.000434 0.000904 
0.000527 0.000036 0.000445 0.000848 
0.000508 0.000045 0.000424 0.000894 
0.000530 0.000047 0.000439 0.000861 
0.000517 0.000048 0.000439 0.000909 
0.000506 0.000045 0.000412 0.000874 
0.000490 0.000043 0.000397 0.000842 
0.000535 0.000046 0.000450 0.000916 
0.000505 0.000051 0.000405 0.000879 
0.000532 0.000043 0.000428 0.000802 
0.000512 0.000044 0.000433 0.000834 
0.000547 0.000038 0.000476 0.000907 
0.000538 0.000037 0.000471 0.000944 
0.000530 0.000041 0.000441 0.000929 
0.000520 0.000039 0.000416 0.000919 
0.000524 0.000035 0.000452 0.000957 
0.000523 0.000040 0.000445 0.000902 
0.000522 0.000038 0.000427 0.000908 
0.000526 0.000042 0.000404 0.000850 
0.000531 0.000037 0.000450 0.000947 
0.000511 0.000035 0.000421 0.000899 
0.000523 0.000035 0.000437 0.000928 
0.000535 0.000036 0.000453 0.000881 
0.000537 0.000033 0.000468 0.000930 
0.000542 0.000040 0.000461 0.000972 
0.000543 0.000032 0.000460 0.000766 
0.000554 0.000030 0.000483 0.000692 
0.000539 0.000031 0.000469 0.000837 
0.000551 0.000038 0.000454 0.000729 
0.000544 0.000029 0.000485 0.000773 
0.000545 0.000030 0.000459 0.000799 
0.000541 0.000030 0.000466 0.000711 
0.000542 0.000031 0.000460 0.000815 
0.000528 0.000026 0.000467 0.000668 
0.000537 0.000034 0.000465 0.000797 
0.000534 0.000032 0.000457 0.000742 
0.000539 0.000030 0.000466 0.000761 
0.000528 0.000030 0.000459 0.000689 
0.000541 0.000036 0.000443 0.000865 
0.000546 0.000034 0.000461 0.000832 
0.000522 0.000034 0.000446 0.000932 
0.000540 0.000028 0.000468 0.000826 
0.000528 0.000033 0.000444 0.000898 
0.000528 0.000032 0.000443 0.000900 
0.000514 0.000033 0.000418 0.000793 
0.000521 0.000027 0.000440 0.000737 
0.000534 0.000037 0.000434 0.000893 
0.000545 0.000034 0.000467 0.000957 
0.000530 0.000033 0.000447 0.000887 
0.000529 0.000029 0.000458 0.000881 
0.000526 0.000033 0.000440 0.000863 
0.000520 0.000039 0.000382 0.000843 
0.000561 0.000042 0.000497 0.001045 
0.000546 0.000056 0.000447 0.000958 
0.000544 0.000045 0.000460 0.000946 
0.000567 0.000061 0.000434 0.001012 
0.000561 0.000049 0.000459 0.000999 
0.000538 0.000051 0.000426 0.000922 
0.000558 0.000045 0.000462 0.000986 
0.000558 0.000054 0.000467 0.001055 
0.000541 0.000046 0.000438 0.000934 
0.000552 0.000053 0.000422 0.000959 
0.000551 0.000040 0.000478 0.000936 
0.000555 0.000052 0.000462 0.001003 
0.000543 0.000043 0.000457 0.000922 
