0.000552 0.000041 0.000465 0.000682 
0.000560 0.000055 0.000443 0.000707 
0.000558 0.000064 0.000433 0.000759 
0.000542 0.000058 0.000439 0.000692 
0.000539 0.000047 0.000468 0.000770 
0.000540 0.000052 0.000431 0.000682 
0.000579 0.000076 0.000465 0.000806 
0.000571 0.000074 0.000453 0.000760 
0.000576 0.000092 0.000459 0.000957 
0.000525 0.000059 0.000404 0.000702 
0.000567 0.000058 0.000432 0.000746 
0.000520 0.000069 0.000402 0.000718 
0.000562 0.000042 0.000479 0.000681 
0.000554 0.000083 0.000424 0.000799 
0.000541 0.000086 0.000445 0.000834 
0.000590 0.000102 0.000438 0.000890 
0.000605 0.000085 0.000434 0.000863 
0.000576 0.000096 0.000440 0.000952 
0.000549 0.000084 0.000439 0.000816 
0.000522 0.000075 0.000434 0.000715 
0.000536 0.000063 0.000431 0.000690 
0.000556 0.000093 0.000446 0.000864 
0.000577 0.000093 0.000430 0.000786 
0.000561 0.000071 0.000458 0.000864 
0.000569 0.000073 0.000438 0.000821 
0.000562 0.000090 0.000457 0.000777 
0.000563 0.000071 0.000448 0.000748 
0.000604 0.000058 0.000459 0.000795 
0.000558 0.000063 0.000436 0.000750 
0.000572 0.000052 0.000458 0.000736 
0.000555 0.000047 0.000454 0.000736 
0.000568 0.000059 0.000459 0.000719 
0.000574 0.000063 0.000462 0.000773 
0.000558 0.000060 0.000458 0.000785 
0.000530 0.000062 0.000397 0.000642 
0.000559 0.000065 0.000446 0.000823 
0.000575 0.000066 0.000456 0.000751 
0.000554 0.000064 0.000436 0.000798 
0.000542 0.000068 0.000439 0.000734 
0.000558 0.000067 0.000461 0.000751 
0.000606 0.000070 0.000481 0.000845 
0.000575 0.000052 0.000483 0.000790 
0.000548 0.000059 0.000463 0.000720 
0.000539 0.000066 0.000416 0.000755 
0.000588 0.000063 0.000467 0.000791 
0.000573 0.000053 0.000456 0.000735 
0.000611 0.000080 0.000494 0.000878 
0.000577 0.000070 0.000473 0.000839 
0.000590 0.000072 0.000463 0.000787 
0.000586 0.000094 0.000431 0.000825 
0.000607 0.000072 0.000480 0.000817 
0.000534 0.000067 0.000444 0.000762 
0.000596 0.000074 0.000485 0.000803 
0.000623 0.000092 0.000498 0.000860 
0.000583 0.000052 0.000497 0.000755 
0.000607 0.000084 0.000444 0.000844 
0.000594 0.000068 0.000489 0.000801 
0.000571 0.000082 0.000473 0.000791 
0.000570 0.000063 0.000476 0.000722 
0.000599 0.000098 0.000446 0.000932 
0.000616 0.000081 0.000504 0.000885 
0.000576 0.000048 0.000474 0.000710 
0.000575 0.000044 0.000510 0.000684 
0.000590 0.000046 0.000497 0.000783 
0.000574 0.000061 0.000474 0.000762 
0.000588 0.000065 0.000489 0.000861 
0.000559 0.000050 0.000469 0.000693 
0.000532 0.000050 0.000451 0.000808 
0.000567 0.000062 0.000484 0.000824 
0.000565 0.000085 0.000469 0.000911 
0.000577 0.000063 0.000459 0.000796 
0.000631 0.000080 0.000492 0.000828 
0.000565 0.000052 0.000460 0.000700 
0.000597 0.000064 0.000485 0.000827 
0.000572 0.000058 0.000439 0.000732 
0.000558 0.000049 0.000479 0.000698 
0.000581 0.000059 0.000472 0.000723 
0.000584 0.000060 0.000466 0.000760 
0.000558 0.000044 0.000482 0.000703 
0.000583 0.000057 0.000455 0.000732 
0.000571 0.000063 0.000451 0.000704 
0.000586 0.000063 0.000472 0.000796 
0.000557 0.000054 0.000462 0.000688 
0.000578 0.000051 0.000470 0.000700 
0.000620 0.000066 0.000499 0.000837 
0.000632 0.000052 0.000514 0.000770 
0.000685 0.000114 0.000500 0.001004 
0.000586 0.000061 0.000460 0.000719 
0.000597 0.000068 0.000470 0.000790 
0.000540 0.000075 0.000421 0.000724 
0.000563 0.000076 0.000440 0.000855 
0.000610 0.000071 0.000475 0.000816 
0.000601 0.000069 0.000458 0.000744 
0.000573 0.000068 0.000449 0.000732 
0.000566 0.000073 0.000426 0.000728 
0.000584 0.000104 0.000433 0.000928 
0.000545 0.000062 0.000433 0.000708 
0.000620 0.000075 0.000467 0.000796 
0.000508 0.000048 0.000419 0.000612 
0.000567 0.000062 0.000444 0.000684 
0.000517 0.000054 0.000403 0.000672 
0.000558 0.000050 0.000451 0.000667 
0.000544 0.000068 0.000449 0.000715 
0.000515 0.000091 0.000384 0.000720 
0.000530 0.000046 0.000455 0.000637 
0.000564 0.000057 0.000465 0.000712 
0.000547 0.000062 0.000446 0.000699 
0.000554 0.000064 0.000447 0.000678 
0.000524 0.000054 0.000437 0.000642 
0.000525 0.000058 0.000420 0.000744 
0.000525 0.000061 0.000437 0.000667 
0.000548 0.000062 0.000442 0.000776 
0.000560 0.000071 0.000459 0.000737 
0.000550 0.000051 0.000460 0.000731 
0.000530 0.000058 0.000420 0.000707 
0.000613 0.000114 0.000423 0.001018 
0.000551 0.000067 0.000445 0.000717 
0.000519 0.000073 0.000368 0.000697 
0.000558 0.000066 0.000393 0.000717 
0.000542 0.000076 0.000432 0.000759 
0.000550 0.000069 0.000422 0.000741 
0.000555 0.000070 0.000434 0.000716 
0.000582 0.000088 0.000429 0.000768 
0.000586 0.000068 0.000456 0.000737 
0.000565 0.000076 0.000444 0.000754 
0.000544 0.000077 0.000383 0.000786 
0.000539 0.000068 0.000423 0.000693 
0.000530 0.000049 0.000444 0.000704 
0.000599 0.000085 0.000454 0.000929 
0.000490 0.000050 0.000422 0.000655 
0.000569 0.000067 0.000434 0.000756 
0.000547 0.000063 0.000455 0.000701 
0.000538 0.000075 0.000419 0.000802 
0.000517 0.000083 0.000416 0.000895 
0.000530 0.000069 0.000393 0.000776 
0.000512 0.000068 0.000401 0.000716 
0.000517 0.000043 0.000451 0.000642 
0.000511 0.000075 0.000421 0.000732 
0.000565 0.000057 0.000492 0.000902 
0.000551 0.000052 0.000438 0.000752 
0.000563 0.000054 0.000451 0.000757 
0.000559 0.000071 0.000445 0.000728 
0.000568 0.000069 0.000472 0.000799 
0.000540 0.000052 0.000451 0.000685 
0.000548 0.000048 0.000450 0.000731 
0.000521 0.000071 0.000428 0.000727 
0.000563 0.000065 0.000431 0.000800 
0.000543 0.000058 0.000451 0.000729 
0.000574 0.000066 0.000431 0.000751 
0.000556 0.000066 0.000464 0.000739 
0.000567 0.000057 0.000444 0.000765 
0.000574 0.000056 0.000435 0.000774 
0.000581 0.000055 0.000462 0.000740 
0.000586 0.000063 0.000483 0.000757 
0.000588 0.000064 0.000458 0.000769 
0.000605 0.000067 0.000466 0.000814 
0.000593 0.000064 0.000416 0.000804 
0.000566 0.000066 0.000454 0.000809 
0.000598 0.000076 0.000455 0.000840 
0.000591 0.000072 0.000452 0.000796 
0.000545 0.000060 0.000429 0.000702 
0.000622 0.000077 0.000473 0.000846 
0.000567 0.000072 0.000442 0.000774 
0.000632 0.000078 0.000492 0.000973 
0.000548 0.000060 0.000427 0.000736 
0.000552 0.000073 0.000430 0.000759 
0.000566 0.000064 0.000461 0.000729 
0.000543 0.000070 0.000440 0.000732 
0.000570 0.000075 0.000452 0.000771 
0.000576 0.000069 0.000464 0.000786 
0.000553 0.000065 0.000441 0.000754 
0.000547 0.000080 0.000440 0.000765 
0.000548 0.000057 0.000452 0.000745 
0.000519 0.000060 0.000413 0.000667 
0.000559 0.000066 0.000454 0.000747 
0.000659 0.000133 0.000474 0.001044 
0.000569 0.000063 0.000479 0.000726 
0.000582 0.000079 0.000464 0.000790 
0.000549 0.000065 0.000452 0.000713 
0.000594 0.000081 0.000473 0.000912 
0.000576 0.000066 0.000467 0.000807 
0.000602 0.000129 0.000444 0.000982 
0.000623 0.000117 0.000455 0.000984 
0.000623 0.000104 0.000483 0.000917 
0.000587 0.000095 0.000426 0.000823 
0.000576 0.000088 0.000436 0.000848 
0.000664 0.000131 0.000466 0.001065 
0.000641 0.000123 0.000434 0.001021 
0.000538 0.000061 0.000443 0.000798 
0.000569 0.000070 0.000446 0.000831 
0.000651 0.000101 0.000484 0.000981 
0.000611 0.000092 0.000483 0.000921 
