0.000548 0.000036 0.000480 0.000685 
0.000550 0.000049 0.000484 0.000702 
0.000558 0.000047 0.000485 0.000747 
0.000537 0.000046 0.000450 0.000929 
0.000536 0.000040 0.000470 0.000745 
0.000534 0.000036 0.000464 0.000684 
0.000554 0.000034 0.000477 0.000673 
0.000552 0.000034 0.000482 0.000750 
0.000544 0.000029 0.000460 0.000628 
0.000524 0.000028 0.000445 0.000613 
0.000558 0.000026 0.000480 0.000624 
0.000533 0.000035 0.000453 0.000633 
0.000540 0.000043 0.000470 0.000655 
0.000519 0.000046 0.000459 0.000670 
0.000525 0.000048 0.000465 0.000760 
0.000528 0.000046 0.000476 0.000707 
0.000537 0.000064 0.000489 0.000806 
0.000517 0.000046 0.000446 0.000721 
0.000521 0.000048 0.000466 0.000691 
0.000514 0.000031 0.000418 0.000633 
0.000519 0.000050 0.000446 0.000703 
0.000500 0.000038 0.000449 0.000677 
0.000516 0.000046 0.000458 0.000776 
0.000513 0.000056 0.000468 0.000805 
0.000525 0.000056 0.000481 0.000867 
0.000527 0.000057 0.000475 0.000821 
0.000551 0.000047 0.000484 0.000828 
0.000557 0.000049 0.000484 0.000749 
0.000541 0.000061 0.000451 0.000795 
0.000528 0.000037 0.000469 0.000672 
0.000531 0.000042 0.000447 0.000686 
0.000536 0.000048 0.000480 0.000801 
0.000532 0.000053 0.000477 0.000713 
0.000537 0.000045 0.000474 0.000722 
0.000543 0.000048 0.000446 0.000917 
0.000543 0.000064 0.000490 0.000829 
0.000544 0.000052 0.000487 0.000810 
0.000547 0.000029 0.000448 0.000646 
0.000548 0.000049 0.000425 0.000928 
0.000554 0.000053 0.000461 0.000796 
0.000555 0.000053 0.000487 0.000807 
0.000548 0.000035 0.000484 0.000667 
0.000538 0.000042 0.000460 0.000697 
0.000529 0.000047 0.000422 0.000764 
0.000543 0.000049 0.000483 0.000851 
0.000542 0.000041 0.000465 0.000725 
0.000566 0.000071 0.000498 0.000852 
0.000524 0.000039 0.000471 0.000841 
0.000540 0.000039 0.000486 0.000736 
0.000526 0.000048 0.000470 0.000850 
0.000540 0.000046 0.000488 0.000690 
0.000525 0.000043 0.000466 0.000675 
0.000563 0.000076 0.000493 0.000824 
0.000562 0.000056 0.000493 0.000848 
0.000550 0.000050 0.000496 0.000716 
0.000538 0.000065 0.000480 0.000812 
0.000541 0.000037 0.000478 0.000699 
0.000546 0.000054 0.000480 0.000834 
0.000545 0.000042 0.000500 0.000697 
0.000534 0.000037 0.000470 0.000683 
0.000534 0.000059 0.000477 0.000749 
0.000518 0.000039 0.000475 0.000742 
0.000536 0.000052 0.000460 0.000701 
0.000535 0.000066 0.000461 0.000828 
0.000527 0.000061 0.000474 0.000724 
0.000515 0.000049 0.000467 0.000730 
0.000525 0.000054 0.000458 0.000723 
0.000500 0.000029 0.000438 0.000610 
0.000509 0.000056 0.000438 0.000699 
0.000504 0.000046 0.000442 0.000703 
0.000540 0.000040 0.000460 0.000737 
0.000540 0.000043 0.000457 0.000669 
0.000525 0.000033 0.000467 0.000696 
0.000533 0.000049 0.000443 0.000850 
0.000520 0.000056 0.000413 0.000796 
0.000527 0.000058 0.000437 0.000811 
0.000527 0.000042 0.000416 0.000748 
0.000535 0.000059 0.000414 0.000790 
0.000518 0.000050 0.000445 0.000740 
0.000524 0.000038 0.000451 0.000637 
0.000525 0.000041 0.000428 0.000724 
0.000543 0.000055 0.000450 0.000752 
0.000531 0.000057 0.000419 0.000723 
0.000524 0.000047 0.000424 0.000655 
0.000531 0.000045 0.000447 0.000658 
0.000566 0.000065 0.000453 0.000852 
0.000527 0.000033 0.000469 0.000750 
0.000530 0.000042 0.000455 0.000656 
0.000546 0.000058 0.000480 0.000822 
0.000540 0.000051 0.000423 0.000822 
0.000566 0.000089 0.000453 0.000981 
0.000534 0.000042 0.000418 0.000690 
0.000539 0.000042 0.000466 0.000676 
0.000523 0.000035 0.000444 0.000735 
0.000513 0.000037 0.000438 0.000786 
0.000520 0.000067 0.000453 0.000841 
0.000521 0.000049 0.000436 0.000688 
0.000561 0.000089 0.000477 0.000934 
0.000491 0.000036 0.000410 0.000586 
0.000523 0.000050 0.000432 0.000730 
0.000519 0.000031 0.000461 0.000659 
0.000552 0.000079 0.000473 0.000818 
0.000526 0.000049 0.000472 0.000708 
0.000561 0.000042 0.000427 0.000800 
0.000508 0.000035 0.000451 0.000646 
0.000552 0.000089 0.000472 0.000856 
0.000538 0.000063 0.000468 0.000758 
0.000529 0.000047 0.000480 0.000718 
0.000518 0.000035 0.000470 0.000663 
0.000525 0.000044 0.000473 0.000756 
0.000539 0.000033 0.000467 0.000802 
0.000530 0.000047 0.000467 0.000782 
0.000537 0.000037 0.000481 0.000748 
0.000561 0.000047 0.000513 0.000692 
0.000507 0.000044 0.000468 0.000804 
0.000512 0.000044 0.000439 0.000815 
0.000496 0.000044 0.000424 0.000625 
0.000497 0.000036 0.000408 0.000629 
0.000505 0.000041 0.000427 0.000844 
0.000498 0.000033 0.000427 0.000620 
0.000492 0.000020 0.000444 0.000565 
0.000511 0.000055 0.000430 0.000774 
0.000523 0.000045 0.000469 0.000729 
0.000515 0.000065 0.000430 0.000822 
0.000506 0.000049 0.000440 0.000789 
0.000512 0.000041 0.000418 0.000698 
0.000503 0.000042 0.000452 0.000772 
0.000526 0.000058 0.000469 0.000774 
0.000537 0.000055 0.000479 0.000780 
0.000515 0.000044 0.000466 0.000693 
0.000554 0.000065 0.000457 0.000806 
0.000536 0.000044 0.000480 0.000866 
0.000501 0.000045 0.000451 0.000686 
0.000512 0.000046 0.000453 0.000699 
0.000520 0.000043 0.000461 0.000710 
0.000510 0.000055 0.000452 0.000789 
0.000525 0.000036 0.000473 0.000752 
0.000526 0.000055 0.000468 0.000865 
0.000540 0.000041 0.000489 0.000798 
0.000543 0.000042 0.000472 0.000739 
0.000526 0.000042 0.000466 0.000677 
0.000528 0.000065 0.000454 0.000781 
0.000518 0.000047 0.000473 0.000737 
0.000522 0.000037 0.000459 0.000664 
0.000522 0.000046 0.000461 0.000701 
0.000522 0.000047 0.000474 0.000745 
0.000538 0.000053 0.000487 0.000813 
0.000511 0.000036 0.000449 0.000682 
0.000526 0.000059 0.000463 0.000724 
0.000525 0.000061 0.000462 0.000812 
0.000537 0.000062 0.000481 0.000785 
0.000518 0.000046 0.000435 0.000689 
0.000528 0.000026 0.000449 0.000592 
0.000526 0.000035 0.000439 0.000699 
0.000533 0.000041 0.000438 0.000617 
0.000546 0.000047 0.000441 0.000641 
0.000514 0.000037 0.000417 0.000585 
0.000525 0.000035 0.000417 0.000631 
0.000532 0.000033 0.000447 0.000631 
0.000523 0.000041 0.000408 0.000657 
0.000499 0.000039 0.000394 0.000623 
0.000514 0.000042 0.000417 0.000686 
0.000516 0.000034 0.000430 0.000644 
0.000533 0.000042 0.000449 0.000775 
0.000493 0.000041 0.000401 0.000659 
0.000519 0.000042 0.000446 0.000701 
0.000514 0.000043 0.000447 0.000687 
0.000512 0.000018 0.000467 0.000578 
0.000526 0.000028 0.000472 0.000608 
0.000511 0.000016 0.000462 0.000563 
0.000521 0.000026 0.000465 0.000597 
0.000516 0.000034 0.000472 0.000679 
0.000515 0.000019 0.000460 0.000561 
0.000511 0.000027 0.000440 0.000660 
0.000529 0.000038 0.000478 0.000685 
0.000521 0.000040 0.000472 0.000734 
0.000516 0.000043 0.000470 0.000736 
0.000514 0.000041 0.000466 0.000770 
0.000515 0.000031 0.000464 0.000656 
0.000534 0.000049 0.000466 0.000746 
0.000522 0.000044 0.000454 0.000751 
0.000529 0.000048 0.000459 0.000877 
0.000534 0.000063 0.000455 0.000856 
0.000545 0.000042 0.000461 0.000688 
0.000536 0.000081 0.000459 0.000888 
0.000522 0.000037 0.000444 0.000678 
0.000530 0.000067 0.000441 0.000763 
0.000511 0.000032 0.000452 0.000614 
0.000518 0.000028 0.000440 0.000613 
0.000499 0.000028 0.000442 0.000648 
0.000534 0.000066 0.000447 0.000800 
0.000517 0.000038 0.000440 0.000637 
