0.000554 0.000060 0.000450 0.000898 
0.000601 0.000075 0.000471 0.000947 
0.000575 0.000071 0.000455 0.000909 
0.000575 0.000063 0.000462 0.000902 
0.000561 0.000074 0.000429 0.000914 
0.000583 0.000066 0.000454 0.000914 
0.000562 0.000066 0.000460 0.000927 
0.000561 0.000058 0.000472 0.000872 
0.000566 0.000068 0.000440 0.000939 
0.000574 0.000065 0.000461 0.000917 
0.000605 0.000084 0.000444 0.000982 
0.000604 0.000086 0.000400 0.000979 
0.000563 0.000062 0.000447 0.000870 
0.000540 0.000050 0.000451 0.000828 
0.000545 0.000060 0.000446 0.000889 
0.000563 0.000056 0.000448 0.000868 
0.000565 0.000057 0.000470 0.000825 
0.000534 0.000049 0.000447 0.000824 
0.000551 0.000062 0.000433 0.000889 
0.000535 0.000069 0.000420 0.000899 
0.000532 0.000052 0.000446 0.000807 
0.000547 0.000050 0.000452 0.000789 
0.000561 0.000057 0.000455 0.000789 
0.000536 0.000049 0.000452 0.000819 
0.000533 0.000044 0.000463 0.000852 
0.000563 0.000061 0.000452 0.000889 
0.000559 0.000070 0.000444 0.000931 
0.000552 0.000075 0.000425 0.000947 
0.000532 0.000074 0.000416 0.000933 
0.000560 0.000057 0.000458 0.000910 
0.000560 0.000063 0.000443 0.000971 
0.000576 0.000070 0.000480 0.000986 
0.000573 0.000071 0.000467 0.000981 
0.000551 0.000060 0.000452 0.000991 
0.000564 0.000095 0.000394 0.001033 
0.000530 0.000069 0.000379 0.000913 
0.000546 0.000066 0.000441 0.000898 
0.000578 0.000075 0.000417 0.000993 
0.000572 0.000074 0.000445 0.000989 
0.000582 0.000062 0.000460 0.000981 
0.000597 0.000066 0.000481 0.000954 
0.000608 0.000076 0.000504 0.001027 
0.000577 0.000070 0.000447 0.000901 
0.000583 0.000076 0.000430 0.000917 
0.000586 0.000056 0.000502 0.000946 
0.000604 0.000074 0.000482 0.000959 
0.000567 0.000047 0.000481 0.000777 
0.000610 0.000070 0.000504 0.000981 
0.000588 0.000064 0.000471 0.000951 
0.000580 0.000061 0.000454 0.000890 
0.000590 0.000063 0.000468 0.000859 
0.000590 0.000060 0.000477 0.000852 
0.000588 0.000063 0.000484 0.000937 
0.000591 0.000064 0.000482 0.000893 
0.000555 0.000056 0.000429 0.000871 
0.000581 0.000058 0.000481 0.000836 
0.000593 0.000062 0.000450 0.000920 
0.000579 0.000057 0.000460 0.000837 
0.000598 0.000062 0.000493 0.000909 
0.000589 0.000064 0.000461 0.000837 
0.000540 0.000051 0.000443 0.000886 
0.000557 0.000069 0.000421 0.000903 
0.000528 0.000049 0.000422 0.000731 
0.000559 0.000064 0.000441 0.000846 
0.000560 0.000064 0.000427 0.000919 
0.000545 0.000060 0.000440 0.000845 
0.000544 0.000062 0.000410 0.000936 
0.000548 0.000059 0.000435 0.000815 
0.000502 0.000068 0.000339 0.000833 
0.000546 0.000053 0.000426 0.000749 
0.000583 0.000062 0.000475 0.000826 
0.000590 0.000069 0.000479 0.000976 
0.000597 0.000066 0.000494 0.000942 
0.000584 0.000071 0.000458 0.000883 
0.000547 0.000061 0.000425 0.000855 
0.000587 0.000071 0.000485 0.000966 
0.000601 0.000065 0.000487 0.000949 
0.000596 0.000066 0.000487 0.000907 
0.000594 0.000082 0.000467 0.000981 
0.000583 0.000066 0.000487 0.000948 
0.000600 0.000088 0.000473 0.000982 
0.000611 0.000077 0.000510 0.001028 
0.000594 0.000068 0.000478 0.000882 
0.000570 0.000072 0.000454 0.000953 
0.000565 0.000060 0.000449 0.000904 
0.000590 0.000062 0.000475 0.000883 
0.000562 0.000086 0.000399 0.000931 
0.000572 0.000049 0.000466 0.000793 
0.000567 0.000071 0.000434 0.000884 
0.000560 0.000080 0.000409 0.000953 
0.000580 0.000073 0.000452 0.000898 
0.000559 0.000071 0.000404 0.000875 
0.000585 0.000071 0.000474 0.000915 
0.000604 0.000072 0.000456 0.000848 
0.000565 0.000067 0.000463 0.000959 
0.000566 0.000074 0.000425 0.000844 
0.000558 0.000078 0.000434 0.000931 
0.000579 0.000072 0.000461 0.000931 
0.000605 0.000086 0.000461 0.000941 
0.000620 0.000071 0.000478 0.000917 
0.000563 0.000087 0.000423 0.001079 
0.000581 0.000075 0.000451 0.001013 
0.000532 0.000087 0.000362 0.000998 
0.000562 0.000106 0.000222 0.001151 
0.000549 0.000085 0.000436 0.001043 
0.000566 0.000091 0.000399 0.001001 
0.000549 0.000062 0.000450 0.000809 
0.000572 0.000078 0.000436 0.001006 
0.000546 0.000068 0.000416 0.000871 
0.000583 0.000102 0.000430 0.001355 
0.000563 0.000092 0.000410 0.001071 
0.000590 0.000081 0.000472 0.001009 
0.000546 0.000068 0.000379 0.000929 
0.000583 0.000059 0.000474 0.000904 
0.000563 0.000066 0.000465 0.001059 
0.000551 0.000076 0.000447 0.000955 
0.000582 0.000078 0.000443 0.001023 
0.000546 0.000067 0.000464 0.000892 
0.000566 0.000090 0.000426 0.001041 
0.000528 0.000066 0.000418 0.000890 
0.000570 0.000069 0.000439 0.000930 
0.000583 0.000080 0.000466 0.001072 
0.000543 0.000069 0.000440 0.000903 
0.000582 0.000083 0.000474 0.001008 
0.000551 0.000079 0.000433 0.000972 
0.000555 0.000075 0.000437 0.000944 
0.000540 0.000081 0.000425 0.001011 
0.000553 0.000059 0.000446 0.000744 
0.000548 0.000063 0.000384 0.000773 
0.000530 0.000069 0.000342 0.000935 
0.000512 0.000060 0.000352 0.000668 
0.000550 0.000060 0.000393 0.000808 
0.000526 0.000058 0.000410 0.000857 
0.000539 0.000066 0.000358 0.000869 
0.000499 0.000068 0.000320 0.000711 
0.000539 0.000064 0.000382 0.000882 
0.000548 0.000064 0.000437 0.000932 
0.000535 0.000063 0.000416 0.000902 
0.000569 0.000063 0.000428 0.000805 
0.000566 0.000075 0.000438 0.000993 
0.000576 0.000068 0.000405 0.000897 
0.000567 0.000075 0.000406 0.000995 
0.000565 0.000075 0.000448 0.000911 
0.000575 0.000076 0.000432 0.000945 
0.000524 0.000069 0.000372 0.000957 
0.000546 0.000090 0.000414 0.001040 
0.000557 0.000067 0.000458 0.000952 
0.000556 0.000060 0.000441 0.000843 
0.000573 0.000068 0.000478 0.000966 
0.000551 0.000074 0.000440 0.000940 
0.000563 0.000063 0.000460 0.000880 
0.000542 0.000069 0.000401 0.001025 
0.000589 0.000067 0.000451 0.000935 
0.000623 0.000065 0.000505 0.000914 
0.000584 0.000070 0.000444 0.000939 
0.000621 0.000071 0.000455 0.000868 
0.000556 0.000052 0.000462 0.000838 
0.000582 0.000077 0.000463 0.000951 
0.000593 0.000076 0.000461 0.000940 
0.000592 0.000069 0.000471 0.000938 
0.000549 0.000064 0.000442 0.000845 
0.000559 0.000063 0.000402 0.000776 
0.000563 0.000064 0.000443 0.000967 
0.000591 0.000070 0.000471 0.000903 
0.000553 0.000063 0.000446 0.000870 
0.000580 0.000040 0.000512 0.000756 
0.000574 0.000050 0.000494 0.000840 
0.000592 0.000056 0.000445 0.000845 
0.000577 0.000043 0.000500 0.000868 
0.000586 0.000055 0.000483 0.000842 
0.000609 0.000065 0.000451 0.000879 
0.000616 0.000073 0.000433 0.000955 
0.000570 0.000049 0.000488 0.000770 
0.000554 0.000048 0.000463 0.000805 
0.000554 0.000043 0.000451 0.000714 
0.000545 0.000043 0.000459 0.000672 
0.000588 0.000054 0.000494 0.000840 
0.000581 0.000056 0.000449 0.000938 
0.000605 0.000073 0.000440 0.000980 
0.000635 0.000099 0.000492 0.001197 
0.000588 0.000086 0.000479 0.001091 
0.000601 0.000082 0.000465 0.000935 
0.000608 0.000090 0.000451 0.001024 
0.000630 0.000095 0.000486 0.001076 
0.000624 0.000095 0.000460 0.001146 
0.000612 0.000093 0.000472 0.001111 
0.000595 0.000084 0.000465 0.000940 
0.000624 0.000098 0.000479 0.001053 
0.000613 0.000097 0.000462 0.001040 
0.000602 0.000104 0.000439 0.001164 
0.000617 0.000104 0.000483 0.001118 
0.000610 0.000096 0.000476 0.001120 
