0.000587 0.000187 0.000417 0.001361 
0.000563 0.000157 0.000358 0.001519 
0.000528 0.000125 0.000403 0.001395 
0.000558 0.000173 0.000404 0.001467 
0.000577 0.000163 0.000413 0.001310 
0.000560 0.000164 0.000407 0.001310 
0.000588 0.000176 0.000422 0.001332 
0.000567 0.000166 0.000416 0.001372 
0.000588 0.000190 0.000416 0.001391 
0.000527 0.000137 0.000387 0.001357 
0.000559 0.000151 0.000415 0.001303 
0.000575 0.000204 0.000389 0.001370 
0.000570 0.000184 0.000410 0.001600 
0.000633 0.000203 0.000406 0.001431 
0.000612 0.000183 0.000293 0.001164 
0.000661 0.000220 0.000420 0.001573 
0.000599 0.000172 0.000425 0.001307 
0.000606 0.000192 0.000395 0.001233 
0.000615 0.000184 0.000415 0.001319 
0.000626 0.000199 0.000377 0.001306 
0.000600 0.000192 0.000384 0.001401 
0.000624 0.000197 0.000400 0.001359 
0.000610 0.000188 0.000398 0.001282 
0.000631 0.000198 0.000408 0.001391 
0.000635 0.000209 0.000411 0.001351 
0.000621 0.000181 0.000406 0.001362 
0.000597 0.000150 0.000423 0.001263 
0.000618 0.000149 0.000427 0.001208 
0.000607 0.000195 0.000403 0.001644 
0.000587 0.000149 0.000417 0.001236 
0.000625 0.000201 0.000410 0.001597 
0.000601 0.000177 0.000397 0.001302 
0.000582 0.000145 0.000415 0.001173 
0.000592 0.000161 0.000412 0.001247 
0.000629 0.000193 0.000399 0.001438 
0.000583 0.000155 0.000407 0.001364 
0.000601 0.000152 0.000433 0.001222 
0.000637 0.000218 0.000405 0.001720 
0.000665 0.000235 0.000389 0.001719 
0.000658 0.000218 0.000411 0.001693 
0.000645 0.000217 0.000414 0.001802 
0.000671 0.000234 0.000429 0.001731 
0.000647 0.000234 0.000401 0.001630 
0.000647 0.000215 0.000387 0.001693 
0.000660 0.000218 0.000410 0.001635 
0.000643 0.000211 0.000407 0.001807 
0.000663 0.000222 0.000423 0.001716 
0.000670 0.000243 0.000423 0.001627 
0.000651 0.000206 0.000402 0.001614 
0.000603 0.000188 0.000408 0.001529 
0.000643 0.000207 0.000434 0.001634 
0.000573 0.000156 0.000419 0.001574 
0.000614 0.000194 0.000421 0.001581 
0.000597 0.000155 0.000441 0.001673 
0.000596 0.000155 0.000422 0.001532 
0.000597 0.000181 0.000416 0.001383 
0.000611 0.000185 0.000445 0.001564 
0.000587 0.000152 0.000434 0.001473 
0.000618 0.000182 0.000448 0.001668 
0.000599 0.000177 0.000426 0.001501 
0.000597 0.000197 0.000398 0.001415 
0.000603 0.000198 0.000403 0.001436 
0.000606 0.000200 0.000396 0.001701 
0.000588 0.000179 0.000401 0.001514 
0.000598 0.000179 0.000430 0.001321 
0.000592 0.000207 0.000408 0.001616 
0.000627 0.000241 0.000403 0.001846 
0.000576 0.000197 0.000376 0.001530 
0.000598 0.000214 0.000378 0.001494 
0.000586 0.000197 0.000394 0.001494 
0.000578 0.000130 0.000400 0.001181 
0.000566 0.000105 0.000436 0.001227 
0.000609 0.000152 0.000433 0.001315 
0.000585 0.000140 0.000417 0.001233 
0.000569 0.000145 0.000403 0.001253 
0.000593 0.000159 0.000418 0.001401 
0.000600 0.000157 0.000403 0.001356 
0.000597 0.000156 0.000405 0.001451 
0.000586 0.000148 0.000415 0.001308 
0.000572 0.000129 0.000402 0.001271 
0.000590 0.000160 0.000412 0.001400 
0.000601 0.000153 0.000426 0.001389 
0.000568 0.000129 0.000412 0.001172 
0.000604 0.000159 0.000394 0.001283 
0.000569 0.000113 0.000434 0.001254 
0.000586 0.000110 0.000427 0.001117 
0.000572 0.000157 0.000419 0.001340 
0.000621 0.000172 0.000424 0.001424 
0.000647 0.000188 0.000430 0.001348 
0.000603 0.000189 0.000394 0.001466 
0.000631 0.000194 0.000399 0.001383 
0.000639 0.000220 0.000403 0.001628 
0.000634 0.000178 0.000427 0.001321 
0.000624 0.000181 0.000409 0.001363 
0.000627 0.000209 0.000414 0.001558 
0.000596 0.000168 0.000407 0.001338 
0.000631 0.000198 0.000391 0.001370 
0.000631 0.000184 0.000437 0.001333 
0.000582 0.000182 0.000387 0.001377 
0.000600 0.000158 0.000391 0.001329 
0.000589 0.000190 0.000404 0.001553 
0.000616 0.000187 0.000423 0.001530 
0.000588 0.000168 0.000402 0.001275 
0.000632 0.000211 0.000359 0.001360 
0.000602 0.000204 0.000389 0.001488 
0.000598 0.000216 0.000397 0.001664 
0.000594 0.000191 0.000393 0.001397 
0.000612 0.000206 0.000413 0.001395 
0.000564 0.000151 0.000402 0.001161 
0.000607 0.000203 0.000415 0.001486 
0.000620 0.000195 0.000393 0.001381 
0.000623 0.000205 0.000432 0.001464 
0.000596 0.000153 0.000403 0.001349 
0.000602 0.000146 0.000452 0.001383 
0.000591 0.000164 0.000417 0.001222 
0.000549 0.000117 0.000407 0.001347 
0.000550 0.000156 0.000394 0.001168 
0.000569 0.000192 0.000377 0.001251 
0.000626 0.000229 0.000409 0.001450 
0.000550 0.000148 0.000371 0.001249 
0.000561 0.000139 0.000405 0.001211 
0.000573 0.000169 0.000402 0.001171 
0.000536 0.000086 0.000412 0.001292 
0.000562 0.000134 0.000400 0.001279 
0.000550 0.000126 0.000403 0.001274 
0.000616 0.000231 0.000405 0.001496 
0.000538 0.000124 0.000379 0.001273 
0.000595 0.000190 0.000417 0.001484 
0.000587 0.000149 0.000422 0.001448 
0.000576 0.000194 0.000375 0.001350 
0.000552 0.000125 0.000393 0.001316 
0.000556 0.000155 0.000399 0.001265 
0.000533 0.000139 0.000380 0.001291 
0.000566 0.000195 0.000387 0.001498 
0.000559 0.000160 0.000368 0.001330 
0.000592 0.000201 0.000375 0.001416 
0.000596 0.000185 0.000416 0.001508 
0.000552 0.000155 0.000390 0.001492 
0.000606 0.000156 0.000436 0.001450 
0.000652 0.000212 0.000433 0.001373 
0.000610 0.000164 0.000421 0.001343 
0.000646 0.000221 0.000413 0.001565 
0.000611 0.000198 0.000417 0.001398 
0.000628 0.000218 0.000410 0.001299 
0.000600 0.000192 0.000391 0.001483 
0.000610 0.000208 0.000411 0.001463 
0.000610 0.000189 0.000422 0.001296 
0.000646 0.000239 0.000417 0.001551 
0.000612 0.000185 0.000409 0.001426 
0.000593 0.000175 0.000418 0.001398 
0.000632 0.000189 0.000435 0.001411 
0.000615 0.000183 0.000416 0.001316 
0.000594 0.000205 0.000385 0.001586 
0.000590 0.000173 0.000406 0.001420 
0.000554 0.000152 0.000416 0.001322 
0.000574 0.000159 0.000409 0.001365 
0.000536 0.000140 0.000391 0.001340 
0.000599 0.000216 0.000383 0.001530 
0.000567 0.000156 0.000403 0.001401 
0.000569 0.000175 0.000388 0.001489 
0.000542 0.000159 0.000369 0.001275 
0.000555 0.000145 0.000407 0.001417 
0.000553 0.000152 0.000397 0.001363 
0.000557 0.000143 0.000414 0.001509 
0.000541 0.000184 0.000360 0.001370 
0.000584 0.000162 0.000384 0.001251 
0.000613 0.000183 0.000375 0.001322 
0.000572 0.000138 0.000417 0.001144 
0.000614 0.000179 0.000418 0.001217 
0.000582 0.000150 0.000403 0.001088 
0.000582 0.000148 0.000389 0.001173 
0.000574 0.000152 0.000395 0.001413 
0.000608 0.000176 0.000409 0.001170 
0.000615 0.000197 0.000375 0.001368 
0.000615 0.000193 0.000412 0.001455 
0.000610 0.000160 0.000415 0.001204 
0.000603 0.000180 0.000412 0.001284 
0.000592 0.000157 0.000414 0.001217 
0.000633 0.000190 0.000409 0.001381 
0.000658 0.000232 0.000437 0.001581 
0.000642 0.000232 0.000422 0.001624 
0.000623 0.000217 0.000423 0.001694 
0.000656 0.000227 0.000431 0.001647 
0.000646 0.000219 0.000426 0.001591 
0.000658 0.000257 0.000411 0.001554 
0.000626 0.000217 0.000418 0.001581 
0.000612 0.000188 0.000397 0.001589 
0.000608 0.000178 0.000415 0.001549 
0.000639 0.000242 0.000392 0.001586 
0.000645 0.000234 0.000410 0.001588 
0.000638 0.000223 0.000415 0.001606 
0.000648 0.000252 0.000389 0.001611 
