0.000611 0.000044 0.000503 0.000834 
0.000597 0.000044 0.000507 0.000915 
0.000599 0.000047 0.000512 0.000945 
0.000606 0.000043 0.000526 0.000881 
0.000597 0.000044 0.000519 0.000816 
0.000604 0.000046 0.000512 0.000872 
0.000604 0.000045 0.000523 0.000852 
0.000615 0.000045 0.000527 0.000970 
0.000565 0.000038 0.000478 0.000763 
0.000604 0.000045 0.000515 0.000876 
0.000608 0.000046 0.000512 0.000887 
0.000604 0.000047 0.000518 0.000884 
0.000605 0.000041 0.000526 0.000852 
0.000575 0.000039 0.000486 0.000817 
0.000590 0.000043 0.000506 0.000862 
0.000573 0.000047 0.000489 0.000896 
0.000586 0.000045 0.000497 0.000875 
0.000585 0.000041 0.000522 0.000892 
0.000570 0.000040 0.000492 0.000811 
0.000573 0.000043 0.000472 0.000862 
0.000581 0.000045 0.000489 0.000832 
0.000579 0.000051 0.000470 0.000908 
0.000572 0.000051 0.000483 0.000937 
0.000564 0.000050 0.000484 0.000929 
0.000590 0.000052 0.000497 0.000891 
0.000591 0.000047 0.000511 0.000978 
0.000606 0.000044 0.000510 0.000878 
0.000575 0.000056 0.000491 0.000987 
0.000599 0.000058 0.000509 0.001013 
0.000576 0.000046 0.000502 0.000939 
0.000584 0.000036 0.000518 0.000930 
0.000581 0.000047 0.000493 0.001028 
0.000590 0.000062 0.000495 0.001024 
0.000593 0.000051 0.000484 0.000941 
0.000579 0.000042 0.000505 0.000894 
0.000585 0.000052 0.000491 0.000976 
0.000599 0.000047 0.000525 0.000982 
0.000585 0.000027 0.000519 0.000730 
0.000587 0.000029 0.000510 0.000712 
0.000586 0.000027 0.000531 0.000706 
0.000579 0.000030 0.000509 0.000693 
0.000584 0.000030 0.000526 0.000725 
0.000569 0.000035 0.000496 0.000739 
0.000567 0.000028 0.000503 0.000690 
0.000587 0.000028 0.000524 0.000740 
0.000582 0.000027 0.000515 0.000704 
0.000602 0.000029 0.000536 0.000761 
0.000575 0.000027 0.000511 0.000703 
0.000601 0.000027 0.000556 0.000760 
0.000645 0.000060 0.000548 0.000969 
0.000646 0.000089 0.000534 0.001071 
0.000631 0.000074 0.000497 0.001061 
0.000659 0.000082 0.000556 0.001084 
0.000662 0.000098 0.000531 0.001164 
0.000627 0.000054 0.000530 0.000911 
0.000673 0.000106 0.000559 0.001198 
0.000649 0.000071 0.000548 0.001014 
0.000636 0.000066 0.000536 0.000944 
0.000638 0.000063 0.000535 0.001014 
0.000628 0.000054 0.000519 0.000927 
0.000563 0.000034 0.000491 0.000790 
0.000552 0.000034 0.000484 0.000806 
0.000560 0.000031 0.000507 0.000765 
0.000562 0.000028 0.000488 0.000684 
0.000555 0.000032 0.000493 0.000766 
0.000552 0.000031 0.000484 0.000781 
0.000555 0.000030 0.000498 0.000781 
0.000553 0.000028 0.000492 0.000741 
0.000540 0.000036 0.000463 0.000826 
0.000558 0.000032 0.000484 0.000754 
0.000615 0.000047 0.000543 0.000827 
0.000584 0.000050 0.000493 0.000904 
0.000599 0.000055 0.000526 0.001040 
0.000591 0.000051 0.000502 0.000814 
0.000619 0.000054 0.000543 0.000965 
0.000604 0.000042 0.000535 0.000899 
0.000614 0.000061 0.000519 0.001081 
0.000618 0.000051 0.000541 0.000983 
0.000618 0.000056 0.000539 0.000979 
0.000617 0.000052 0.000536 0.000962 
0.000615 0.000044 0.000545 0.000920 
0.000609 0.000051 0.000536 0.000986 
0.000600 0.000055 0.000514 0.000957 
0.000621 0.000062 0.000517 0.001005 
0.000619 0.000071 0.000521 0.001130 
0.000577 0.000060 0.000483 0.000922 
0.000591 0.000042 0.000532 0.000857 
0.000583 0.000052 0.000508 0.000915 
0.000580 0.000039 0.000518 0.000761 
0.000594 0.000048 0.000515 0.000923 
0.000587 0.000040 0.000516 0.000736 
0.000591 0.000043 0.000513 0.000858 
0.000582 0.000041 0.000516 0.000787 
0.000590 0.000046 0.000517 0.000958 
0.000589 0.000035 0.000524 0.000815 
0.000578 0.000040 0.000515 0.000875 
0.000579 0.000040 0.000512 0.000814 
0.000594 0.000037 0.000534 0.000901 
0.000590 0.000041 0.000525 0.000838 
0.000592 0.000052 0.000521 0.000945 
0.000616 0.000043 0.000546 0.000974 
0.000599 0.000048 0.000534 0.000913 
0.000617 0.000042 0.000560 0.000979 
0.000618 0.000048 0.000540 0.001018 
0.000606 0.000033 0.000532 0.000858 
0.000602 0.000038 0.000529 0.000817 
0.000616 0.000047 0.000539 0.000941 
0.000591 0.000051 0.000523 0.001092 
0.000608 0.000048 0.000522 0.000969 
0.000587 0.000049 0.000505 0.001034 
0.000612 0.000051 0.000542 0.001107 
0.000601 0.000072 0.000530 0.001219 
0.000617 0.000062 0.000549 0.001185 
0.000612 0.000054 0.000531 0.001040 
0.000583 0.000042 0.000462 0.000809 
0.000587 0.000037 0.000507 0.000776 
0.000616 0.000050 0.000505 0.000893 
0.000607 0.000040 0.000522 0.000744 
0.000603 0.000045 0.000493 0.000773 
0.000608 0.000043 0.000516 0.000870 
0.000630 0.000056 0.000527 0.000854 
0.000609 0.000039 0.000512 0.000809 
0.000599 0.000037 0.000521 0.000832 
0.000597 0.000036 0.000512 0.000795 
0.000595 0.000046 0.000491 0.000773 
0.000600 0.000039 0.000504 0.000847 
0.000589 0.000047 0.000469 0.000776 
0.000663 0.000071 0.000544 0.000951 
0.000656 0.000079 0.000526 0.001104 
0.000668 0.000076 0.000557 0.001060 
0.000664 0.000089 0.000549 0.001090 
0.000680 0.000074 0.000572 0.001056 
0.000662 0.000081 0.000541 0.001043 
0.000668 0.000069 0.000545 0.001032 
0.000669 0.000076 0.000531 0.000969 
0.000663 0.000070 0.000543 0.001017 
0.000668 0.000077 0.000543 0.001015 
0.000651 0.000063 0.000552 0.000947 
0.000641 0.000062 0.000520 0.000960 
0.000615 0.000058 0.000523 0.000918 
0.000617 0.000056 0.000525 0.000927 
0.000619 0.000062 0.000509 0.000986 
0.000622 0.000062 0.000524 0.001000 
0.000617 0.000054 0.000506 0.000937 
0.000604 0.000048 0.000506 0.000892 
0.000625 0.000061 0.000511 0.000950 
0.000621 0.000058 0.000524 0.000949 
0.000602 0.000060 0.000488 0.000977 
0.000611 0.000063 0.000524 0.000942 
0.000615 0.000059 0.000509 0.001049 
0.000619 0.000064 0.000503 0.001021 
0.000613 0.000069 0.000449 0.000991 
0.000622 0.000042 0.000525 0.000776 
0.000625 0.000041 0.000539 0.000877 
0.000616 0.000040 0.000528 0.000844 
0.000634 0.000042 0.000559 0.000935 
0.000617 0.000047 0.000509 0.000917 
0.000625 0.000050 0.000529 0.000904 
0.000623 0.000045 0.000522 0.000842 
0.000618 0.000047 0.000524 0.000881 
0.000608 0.000044 0.000513 0.000846 
0.000623 0.000050 0.000531 0.000934 
0.000622 0.000046 0.000523 0.000872 
0.000620 0.000053 0.000538 0.001017 
0.000614 0.000041 0.000510 0.000859 
0.000601 0.000063 0.000526 0.001045 
0.000583 0.000066 0.000494 0.000994 
0.000570 0.000056 0.000467 0.001075 
0.000585 0.000048 0.000506 0.000954 
0.000582 0.000054 0.000482 0.000986 
0.000592 0.000048 0.000519 0.000883 
0.000595 0.000066 0.000517 0.001153 
0.000566 0.000063 0.000452 0.000947 
0.000588 0.000057 0.000503 0.000965 
0.000593 0.000064 0.000512 0.000989 
0.000585 0.000055 0.000479 0.000905 
0.000575 0.000046 0.000512 0.000865 
0.000592 0.000062 0.000488 0.001091 
0.000581 0.000056 0.000491 0.001012 
0.000679 0.000078 0.000575 0.001155 
0.000658 0.000093 0.000538 0.001251 
0.000671 0.000083 0.000549 0.001059 
0.000666 0.000082 0.000550 0.001106 
0.000660 0.000083 0.000546 0.001061 
0.000686 0.000101 0.000516 0.001235 
0.000718 0.000098 0.000591 0.001168 
0.000656 0.000074 0.000535 0.001063 
0.000678 0.000103 0.000559 0.001266 
0.000656 0.000076 0.000558 0.001203 
0.000658 0.000075 0.000539 0.001155 
0.000657 0.000092 0.000535 0.001269 
0.000656 0.000086 0.000541 0.001122 
