0.000609 0.000044 0.000536 0.000829 
0.000612 0.000048 0.000509 0.000798 
0.000618 0.000044 0.000524 0.000800 
0.000619 0.000044 0.000526 0.000850 
0.000609 0.000043 0.000512 0.000783 
0.000617 0.000049 0.000510 0.000880 
0.000614 0.000039 0.000534 0.000787 
0.000613 0.000043 0.000537 0.000850 
0.000595 0.000044 0.000517 0.000795 
0.000610 0.000044 0.000514 0.000833 
0.000623 0.000053 0.000535 0.000902 
0.000609 0.000046 0.000520 0.000790 
0.000609 0.000041 0.000526 0.000764 
0.000548 0.000031 0.000473 0.000707 
0.000566 0.000026 0.000487 0.000717 
0.000562 0.000028 0.000492 0.000734 
0.000570 0.000036 0.000509 0.000798 
0.000575 0.000029 0.000515 0.000753 
0.000554 0.000029 0.000485 0.000708 
0.000564 0.000030 0.000480 0.000774 
0.000542 0.000027 0.000463 0.000683 
0.000552 0.000027 0.000493 0.000671 
0.000549 0.000023 0.000475 0.000676 
0.000541 0.000031 0.000481 0.000801 
0.000561 0.000026 0.000511 0.000687 
0.000561 0.000030 0.000493 0.000730 
0.000586 0.000034 0.000515 0.000741 
0.000554 0.000034 0.000481 0.000745 
0.000575 0.000034 0.000489 0.000731 
0.000562 0.000039 0.000476 0.000742 
0.000575 0.000034 0.000500 0.000731 
0.000562 0.000039 0.000474 0.000720 
0.000570 0.000039 0.000489 0.000781 
0.000573 0.000036 0.000505 0.000725 
0.000595 0.000032 0.000530 0.000782 
0.000557 0.000032 0.000481 0.000724 
0.000581 0.000036 0.000484 0.000764 
0.000614 0.000040 0.000520 0.000803 
0.000608 0.000040 0.000515 0.000803 
0.000609 0.000041 0.000520 0.000800 
0.000606 0.000047 0.000498 0.000842 
0.000612 0.000050 0.000503 0.000820 
0.000586 0.000045 0.000491 0.000858 
0.000597 0.000043 0.000490 0.000780 
0.000601 0.000039 0.000500 0.000814 
0.000607 0.000043 0.000513 0.000791 
0.000620 0.000041 0.000541 0.000828 
0.000601 0.000044 0.000499 0.000798 
0.000623 0.000039 0.000541 0.000788 
0.000656 0.000054 0.000544 0.000836 
0.000631 0.000053 0.000530 0.000812 
0.000638 0.000061 0.000539 0.000848 
0.000663 0.000060 0.000513 0.000868 
0.000635 0.000056 0.000527 0.000861 
0.000638 0.000050 0.000515 0.000844 
0.000628 0.000054 0.000527 0.000820 
0.000642 0.000053 0.000536 0.000843 
0.000637 0.000048 0.000529 0.000849 
0.000645 0.000054 0.000546 0.000853 
0.000625 0.000053 0.000500 0.000823 
0.000574 0.000051 0.000465 0.000752 
0.000575 0.000057 0.000474 0.000775 
0.000590 0.000064 0.000478 0.000805 
0.000577 0.000054 0.000480 0.000774 
0.000573 0.000063 0.000471 0.000853 
0.000571 0.000056 0.000459 0.000801 
0.000583 0.000060 0.000474 0.000789 
0.000576 0.000061 0.000470 0.000785 
0.000559 0.000050 0.000452 0.000767 
0.000574 0.000052 0.000463 0.000759 
0.000615 0.000054 0.000533 0.000863 
0.000581 0.000055 0.000478 0.000831 
0.000605 0.000058 0.000514 0.000879 
0.000598 0.000065 0.000489 0.000866 
0.000599 0.000048 0.000517 0.000783 
0.000603 0.000053 0.000530 0.000839 
0.000620 0.000063 0.000523 0.000883 
0.000611 0.000059 0.000521 0.000919 
0.000599 0.000057 0.000509 0.000845 
0.000605 0.000054 0.000520 0.000842 
0.000602 0.000063 0.000485 0.000870 
0.000617 0.000058 0.000529 0.000857 
0.000604 0.000058 0.000517 0.000863 
0.000601 0.000061 0.000501 0.000831 
0.000599 0.000051 0.000522 0.000844 
0.000592 0.000060 0.000487 0.000879 
0.000599 0.000035 0.000524 0.000776 
0.000575 0.000040 0.000498 0.000788 
0.000576 0.000034 0.000501 0.000761 
0.000592 0.000034 0.000504 0.000768 
0.000577 0.000034 0.000506 0.000765 
0.000582 0.000031 0.000499 0.000749 
0.000580 0.000035 0.000501 0.000747 
0.000592 0.000037 0.000510 0.000750 
0.000594 0.000034 0.000508 0.000768 
0.000589 0.000037 0.000466 0.000772 
0.000587 0.000034 0.000503 0.000742 
0.000594 0.000037 0.000503 0.000780 
0.000581 0.000035 0.000506 0.000753 
0.000586 0.000044 0.000490 0.000790 
0.000667 0.000098 0.000530 0.000985 
0.000662 0.000101 0.000490 0.001011 
0.000664 0.000074 0.000536 0.000983 
0.000660 0.000087 0.000531 0.000979 
0.000664 0.000086 0.000523 0.000995 
0.000670 0.000093 0.000535 0.001022 
0.000658 0.000085 0.000536 0.000994 
0.000649 0.000097 0.000496 0.001014 
0.000665 0.000093 0.000534 0.001021 
0.000658 0.000103 0.000469 0.001051 
0.000670 0.000095 0.000539 0.000988 
0.000648 0.000080 0.000496 0.000933 
0.000661 0.000092 0.000525 0.001018 
0.000682 0.000100 0.000536 0.001003 
0.000638 0.000042 0.000546 0.000839 
0.000621 0.000043 0.000535 0.000785 
0.000639 0.000044 0.000544 0.000878 
0.000640 0.000046 0.000543 0.000863 
0.000647 0.000042 0.000560 0.000845 
0.000639 0.000044 0.000550 0.000809 
0.000650 0.000052 0.000526 0.000834 
0.000638 0.000042 0.000556 0.000818 
0.000640 0.000052 0.000560 0.000872 
0.000645 0.000050 0.000553 0.000866 
0.000639 0.000047 0.000556 0.000844 
0.000634 0.000045 0.000527 0.000880 
0.000643 0.000052 0.000533 0.000876 
0.000644 0.000039 0.000537 0.000811 
0.000617 0.000048 0.000510 0.000776 
0.000626 0.000055 0.000521 0.000839 
0.000643 0.000046 0.000552 0.000821 
0.000640 0.000050 0.000527 0.000826 
0.000629 0.000052 0.000513 0.000870 
0.000646 0.000054 0.000527 0.000873 
0.000624 0.000031 0.000545 0.000768 
0.000642 0.000051 0.000539 0.000843 
0.000649 0.000047 0.000547 0.000854 
0.000634 0.000047 0.000536 0.000822 
0.000640 0.000049 0.000528 0.000828 
0.000645 0.000078 0.000514 0.000887 
0.000609 0.000067 0.000484 0.000829 
0.000606 0.000062 0.000489 0.000823 
0.000601 0.000053 0.000479 0.000829 
0.000598 0.000054 0.000495 0.000781 
0.000598 0.000046 0.000517 0.000775 
0.000586 0.000047 0.000495 0.000763 
0.000616 0.000056 0.000497 0.000811 
0.000571 0.000053 0.000455 0.000753 
0.000590 0.000057 0.000482 0.000807 
0.000619 0.000061 0.000527 0.000826 
0.000598 0.000054 0.000510 0.000817 
0.000601 0.000053 0.000509 0.000785 
0.000599 0.000034 0.000519 0.000796 
0.000601 0.000033 0.000514 0.000788 
0.000595 0.000033 0.000493 0.000799 
0.000605 0.000044 0.000522 0.000905 
0.000595 0.000037 0.000510 0.000841 
0.000591 0.000028 0.000515 0.000748 
0.000597 0.000039 0.000519 0.000837 
0.000590 0.000028 0.000521 0.000769 
0.000581 0.000033 0.000500 0.000770 
0.000590 0.000045 0.000501 0.000885 
0.000601 0.000036 0.000525 0.000830 
0.000591 0.000036 0.000489 0.000782 
0.000587 0.000039 0.000517 0.000845 
0.000562 0.000023 0.000506 0.000683 
0.000544 0.000026 0.000485 0.000680 
0.000545 0.000025 0.000481 0.000659 
0.000558 0.000032 0.000484 0.000786 
0.000554 0.000032 0.000472 0.000761 
0.000556 0.000030 0.000479 0.000701 
0.000544 0.000028 0.000477 0.000677 
0.000543 0.000025 0.000451 0.000647 
0.000552 0.000033 0.000480 0.000763 
0.000564 0.000028 0.000495 0.000719 
0.000556 0.000031 0.000478 0.000660 
0.000542 0.000029 0.000481 0.000827 
0.000546 0.000026 0.000473 0.000805 
0.000551 0.000030 0.000466 0.000671 
0.000629 0.000037 0.000549 0.000826 
0.000611 0.000055 0.000501 0.000807 
0.000649 0.000051 0.000534 0.000856 
0.000630 0.000042 0.000535 0.000823 
0.000645 0.000052 0.000554 0.000862 
0.000621 0.000060 0.000507 0.000938 
0.000652 0.000054 0.000566 0.000966 
0.000603 0.000045 0.000532 0.000820 
0.000634 0.000050 0.000532 0.000882 
0.000614 0.000042 0.000529 0.000824 
0.000645 0.000056 0.000536 0.000884 
0.000604 0.000049 0.000511 0.000818 
0.000607 0.000050 0.000489 0.000798 
