0.000608 0.000058 0.000550 0.000943 
0.000603 0.000052 0.000539 0.000882 
0.000610 0.000047 0.000543 0.000859 
0.000617 0.000042 0.000546 0.000836 
0.000612 0.000051 0.000528 0.000948 
0.000613 0.000043 0.000537 0.000811 
0.000604 0.000041 0.000535 0.000798 
0.000617 0.000041 0.000547 0.000813 
0.000602 0.000052 0.000522 0.000859 
0.000612 0.000042 0.000541 0.000802 
0.000611 0.000058 0.000533 0.000938 
0.000608 0.000047 0.000537 0.000840 
0.000605 0.000038 0.000536 0.000816 
0.000554 0.000036 0.000466 0.000749 
0.000559 0.000026 0.000492 0.000720 
0.000551 0.000030 0.000486 0.000755 
0.000561 0.000030 0.000498 0.000689 
0.000567 0.000026 0.000522 0.000735 
0.000554 0.000029 0.000497 0.000761 
0.000554 0.000028 0.000485 0.000700 
0.000538 0.000027 0.000474 0.000664 
0.000551 0.000030 0.000479 0.000712 
0.000543 0.000029 0.000470 0.000711 
0.000537 0.000033 0.000464 0.000671 
0.000560 0.000030 0.000494 0.000709 
0.000559 0.000026 0.000508 0.000761 
0.000592 0.000048 0.000535 0.000826 
0.000562 0.000052 0.000494 0.000789 
0.000583 0.000050 0.000489 0.000743 
0.000567 0.000051 0.000472 0.000827 
0.000582 0.000051 0.000510 0.000839 
0.000564 0.000044 0.000482 0.000806 
0.000567 0.000055 0.000496 0.000807 
0.000584 0.000047 0.000518 0.000785 
0.000593 0.000047 0.000533 0.000834 
0.000564 0.000040 0.000508 0.000730 
0.000589 0.000055 0.000495 0.000811 
0.000603 0.000049 0.000538 0.000836 
0.000590 0.000051 0.000516 0.000860 
0.000601 0.000045 0.000533 0.000803 
0.000582 0.000041 0.000524 0.000789 
0.000593 0.000054 0.000509 0.000833 
0.000580 0.000044 0.000500 0.000752 
0.000584 0.000050 0.000521 0.000886 
0.000597 0.000053 0.000523 0.000873 
0.000593 0.000043 0.000527 0.000804 
0.000615 0.000042 0.000558 0.000823 
0.000589 0.000047 0.000521 0.000827 
0.000611 0.000036 0.000559 0.000796 
0.000640 0.000059 0.000511 0.000881 
0.000636 0.000067 0.000520 0.000904 
0.000635 0.000071 0.000512 0.000875 
0.000655 0.000068 0.000562 0.000881 
0.000646 0.000082 0.000513 0.000932 
0.000627 0.000065 0.000512 0.000899 
0.000629 0.000063 0.000517 0.000880 
0.000633 0.000067 0.000540 0.000853 
0.000638 0.000077 0.000511 0.000883 
0.000651 0.000080 0.000508 0.000940 
0.000623 0.000067 0.000478 0.000842 
0.000564 0.000039 0.000486 0.000686 
0.000554 0.000040 0.000471 0.000700 
0.000559 0.000037 0.000488 0.000752 
0.000563 0.000044 0.000489 0.000731 
0.000549 0.000046 0.000474 0.000722 
0.000546 0.000040 0.000487 0.000739 
0.000569 0.000050 0.000495 0.000783 
0.000548 0.000048 0.000462 0.000725 
0.000533 0.000042 0.000452 0.000681 
0.000562 0.000045 0.000479 0.000761 
0.000597 0.000041 0.000540 0.000875 
0.000565 0.000053 0.000488 0.000865 
0.000588 0.000044 0.000518 0.000784 
0.000564 0.000037 0.000509 0.000737 
0.000581 0.000038 0.000529 0.000749 
0.000599 0.000042 0.000537 0.000823 
0.000598 0.000047 0.000535 0.000862 
0.000594 0.000045 0.000526 0.000853 
0.000588 0.000050 0.000523 0.000862 
0.000602 0.000051 0.000533 0.000917 
0.000586 0.000052 0.000509 0.000860 
0.000598 0.000048 0.000535 0.000821 
0.000600 0.000045 0.000544 0.000920 
0.000570 0.000049 0.000495 0.000825 
0.000577 0.000044 0.000520 0.000852 
0.000571 0.000047 0.000499 0.000830 
0.000577 0.000031 0.000501 0.000660 
0.000575 0.000040 0.000504 0.000739 
0.000572 0.000035 0.000512 0.000716 
0.000575 0.000040 0.000506 0.000730 
0.000579 0.000033 0.000509 0.000740 
0.000573 0.000042 0.000504 0.000788 
0.000578 0.000039 0.000501 0.000769 
0.000585 0.000040 0.000506 0.000790 
0.000579 0.000043 0.000503 0.000745 
0.000583 0.000048 0.000499 0.000754 
0.000567 0.000033 0.000491 0.000727 
0.000577 0.000040 0.000498 0.000738 
0.000580 0.000044 0.000504 0.000785 
0.000570 0.000039 0.000486 0.000721 
0.000634 0.000072 0.000527 0.000980 
0.000624 0.000074 0.000514 0.000866 
0.000652 0.000066 0.000553 0.000990 
0.000635 0.000063 0.000531 0.000859 
0.000653 0.000076 0.000548 0.000892 
0.000636 0.000074 0.000525 0.000866 
0.000643 0.000066 0.000549 0.000867 
0.000617 0.000071 0.000510 0.000840 
0.000654 0.000085 0.000538 0.001039 
0.000610 0.000077 0.000492 0.000877 
0.000640 0.000071 0.000516 0.000897 
0.000622 0.000077 0.000508 0.000871 
0.000631 0.000068 0.000531 0.000882 
0.000641 0.000078 0.000519 0.001011 
0.000633 0.000061 0.000546 0.000934 
0.000623 0.000067 0.000513 0.000940 
0.000645 0.000061 0.000537 0.000937 
0.000647 0.000063 0.000557 0.000952 
0.000639 0.000060 0.000519 0.000936 
0.000630 0.000057 0.000537 0.000936 
0.000651 0.000066 0.000552 0.000983 
0.000645 0.000067 0.000554 0.000967 
0.000622 0.000064 0.000518 0.000932 
0.000631 0.000057 0.000546 0.000888 
0.000639 0.000073 0.000514 0.000973 
0.000639 0.000072 0.000530 0.000995 
0.000634 0.000053 0.000543 0.000875 
0.000645 0.000033 0.000576 0.000809 
0.000616 0.000044 0.000524 0.000852 
0.000634 0.000036 0.000577 0.000780 
0.000639 0.000035 0.000565 0.000827 
0.000650 0.000032 0.000572 0.000786 
0.000629 0.000037 0.000555 0.000792 
0.000647 0.000036 0.000567 0.000808 
0.000646 0.000038 0.000581 0.000785 
0.000657 0.000047 0.000580 0.000844 
0.000653 0.000037 0.000579 0.000824 
0.000633 0.000028 0.000567 0.000775 
0.000623 0.000037 0.000555 0.000790 
0.000627 0.000078 0.000506 0.001142 
0.000603 0.000096 0.000481 0.001217 
0.000605 0.000087 0.000477 0.001006 
0.000624 0.000098 0.000494 0.001386 
0.000611 0.000086 0.000497 0.001202 
0.000603 0.000088 0.000481 0.001055 
0.000615 0.000085 0.000484 0.001152 
0.000621 0.000084 0.000479 0.001230 
0.000591 0.000088 0.000485 0.001009 
0.000602 0.000087 0.000477 0.001053 
0.000621 0.000085 0.000484 0.001166 
0.000619 0.000085 0.000490 0.001289 
0.000612 0.000075 0.000481 0.000974 
0.000618 0.000039 0.000530 0.000784 
0.000624 0.000046 0.000536 0.000888 
0.000623 0.000040 0.000555 0.000792 
0.000634 0.000048 0.000554 0.000872 
0.000621 0.000049 0.000539 0.000837 
0.000628 0.000054 0.000539 0.000957 
0.000627 0.000055 0.000541 0.000946 
0.000614 0.000039 0.000547 0.000753 
0.000618 0.000052 0.000527 0.000895 
0.000620 0.000043 0.000532 0.000850 
0.000642 0.000062 0.000564 0.001017 
0.000622 0.000041 0.000549 0.000793 
0.000614 0.000043 0.000539 0.000846 
0.000557 0.000019 0.000512 0.000733 
0.000535 0.000021 0.000495 0.000650 
0.000550 0.000020 0.000484 0.000606 
0.000556 0.000021 0.000512 0.000684 
0.000555 0.000021 0.000497 0.000640 
0.000563 0.000019 0.000515 0.000690 
0.000550 0.000022 0.000493 0.000636 
0.000542 0.000020 0.000491 0.000633 
0.000551 0.000021 0.000492 0.000663 
0.000565 0.000018 0.000511 0.000663 
0.000548 0.000019 0.000503 0.000704 
0.000543 0.000023 0.000485 0.000756 
0.000554 0.000018 0.000513 0.000656 
0.000551 0.000024 0.000491 0.000680 
0.000654 0.000061 0.000571 0.000889 
0.000603 0.000053 0.000510 0.000843 
0.000650 0.000063 0.000551 0.000929 
0.000629 0.000052 0.000541 0.000844 
0.000626 0.000055 0.000543 0.000856 
0.000624 0.000067 0.000511 0.000931 
0.000680 0.000071 0.000561 0.000961 
0.000629 0.000066 0.000515 0.000871 
0.000652 0.000064 0.000520 0.000909 
0.000637 0.000076 0.000544 0.000927 
0.000654 0.000062 0.000549 0.000944 
0.000592 0.000057 0.000506 0.000848 
0.000630 0.000072 0.000522 0.000903 
