0.000583 0.000039 0.000502 0.000699 
0.000572 0.000040 0.000509 0.000749 
0.000564 0.000031 0.000497 0.000739 
0.000586 0.000033 0.000525 0.000755 
0.000584 0.000042 0.000498 0.000690 
0.000580 0.000036 0.000504 0.000730 
0.000591 0.000046 0.000517 0.000787 
0.000591 0.000043 0.000498 0.000727 
0.000566 0.000034 0.000490 0.000668 
0.000585 0.000041 0.000509 0.000769 
0.000578 0.000030 0.000520 0.000697 
0.000578 0.000040 0.000514 0.000697 
0.000584 0.000035 0.000504 0.000726 
0.000540 0.000032 0.000464 0.000631 
0.000549 0.000038 0.000462 0.000717 
0.000537 0.000036 0.000454 0.000707 
0.000554 0.000038 0.000491 0.000753 
0.000555 0.000046 0.000431 0.000722 
0.000551 0.000033 0.000487 0.000704 
0.000549 0.000040 0.000445 0.000697 
0.000542 0.000037 0.000471 0.000678 
0.000551 0.000028 0.000480 0.000650 
0.000547 0.000034 0.000487 0.000716 
0.000536 0.000033 0.000467 0.000642 
0.000548 0.000044 0.000433 0.000703 
0.000547 0.000028 0.000472 0.000651 
0.000590 0.000055 0.000446 0.000742 
0.000551 0.000055 0.000442 0.000704 
0.000587 0.000060 0.000443 0.000757 
0.000579 0.000047 0.000484 0.000686 
0.000569 0.000053 0.000462 0.000726 
0.000570 0.000057 0.000463 0.000757 
0.000563 0.000054 0.000442 0.000708 
0.000576 0.000043 0.000481 0.000713 
0.000587 0.000044 0.000489 0.000740 
0.000587 0.000050 0.000494 0.000739 
0.000595 0.000056 0.000485 0.000749 
0.000594 0.000044 0.000493 0.000727 
0.000590 0.000053 0.000425 0.000721 
0.000603 0.000040 0.000508 0.000726 
0.000577 0.000045 0.000471 0.000699 
0.000585 0.000045 0.000503 0.000706 
0.000574 0.000045 0.000480 0.000698 
0.000581 0.000044 0.000484 0.000697 
0.000587 0.000051 0.000484 0.000733 
0.000600 0.000046 0.000492 0.000731 
0.000584 0.000040 0.000495 0.000697 
0.000582 0.000040 0.000506 0.000699 
0.000597 0.000037 0.000514 0.000702 
0.000602 0.000039 0.000502 0.000756 
0.000581 0.000044 0.000482 0.000742 
0.000586 0.000053 0.000491 0.000788 
0.000606 0.000047 0.000529 0.000803 
0.000599 0.000055 0.000512 0.000894 
0.000602 0.000049 0.000519 0.000769 
0.000592 0.000050 0.000512 0.000847 
0.000580 0.000048 0.000448 0.000784 
0.000592 0.000048 0.000507 0.000801 
0.000595 0.000048 0.000509 0.000825 
0.000598 0.000052 0.000515 0.000779 
0.000575 0.000042 0.000475 0.000685 
0.000557 0.000029 0.000503 0.000667 
0.000563 0.000044 0.000477 0.000691 
0.000571 0.000048 0.000489 0.000719 
0.000548 0.000038 0.000497 0.000676 
0.000554 0.000045 0.000490 0.000678 
0.000557 0.000046 0.000469 0.000694 
0.000551 0.000039 0.000483 0.000684 
0.000542 0.000052 0.000448 0.000677 
0.000548 0.000035 0.000493 0.000664 
0.000603 0.000041 0.000540 0.000711 
0.000578 0.000046 0.000482 0.000705 
0.000609 0.000048 0.000516 0.000783 
0.000603 0.000054 0.000466 0.000749 
0.000604 0.000051 0.000485 0.000735 
0.000615 0.000045 0.000528 0.000738 
0.000619 0.000048 0.000528 0.000744 
0.000591 0.000042 0.000507 0.000719 
0.000589 0.000039 0.000498 0.000699 
0.000618 0.000052 0.000525 0.000775 
0.000584 0.000048 0.000496 0.000718 
0.000610 0.000042 0.000540 0.000733 
0.000614 0.000042 0.000536 0.000719 
0.000586 0.000051 0.000468 0.000765 
0.000602 0.000052 0.000474 0.000737 
0.000592 0.000045 0.000510 0.000766 
0.000609 0.000060 0.000510 0.000864 
0.000570 0.000040 0.000493 0.000703 
0.000594 0.000046 0.000514 0.000778 
0.000579 0.000040 0.000505 0.000731 
0.000585 0.000037 0.000507 0.000706 
0.000587 0.000040 0.000494 0.000713 
0.000592 0.000041 0.000522 0.000748 
0.000579 0.000034 0.000515 0.000712 
0.000586 0.000040 0.000507 0.000726 
0.000584 0.000039 0.000520 0.000730 
0.000591 0.000040 0.000504 0.000746 
0.000588 0.000041 0.000496 0.000726 
0.000581 0.000034 0.000518 0.000695 
0.000581 0.000043 0.000513 0.000751 
0.000585 0.000043 0.000509 0.000740 
0.000575 0.000054 0.000456 0.000732 
0.000593 0.000040 0.000506 0.000740 
0.000588 0.000042 0.000451 0.000710 
0.000600 0.000045 0.000510 0.000718 
0.000585 0.000042 0.000512 0.000755 
0.000595 0.000050 0.000494 0.000764 
0.000568 0.000059 0.000466 0.000850 
0.000583 0.000045 0.000510 0.000773 
0.000569 0.000041 0.000463 0.000690 
0.000577 0.000041 0.000470 0.000701 
0.000561 0.000045 0.000483 0.000697 
0.000582 0.000048 0.000486 0.000746 
0.000579 0.000038 0.000510 0.000745 
0.000569 0.000038 0.000476 0.000707 
0.000573 0.000042 0.000496 0.000715 
0.000574 0.000035 0.000505 0.000697 
0.000584 0.000033 0.000514 0.000696 
0.000583 0.000038 0.000486 0.000693 
0.000582 0.000037 0.000495 0.000703 
0.000600 0.000033 0.000539 0.000801 
0.000575 0.000037 0.000487 0.000679 
0.000588 0.000058 0.000460 0.000881 
0.000571 0.000053 0.000456 0.000789 
0.000596 0.000036 0.000520 0.000695 
0.000579 0.000039 0.000509 0.000783 
0.000568 0.000047 0.000457 0.000780 
0.000623 0.000028 0.000554 0.000726 
0.000602 0.000042 0.000518 0.000745 
0.000607 0.000033 0.000525 0.000714 
0.000629 0.000041 0.000475 0.000724 
0.000619 0.000031 0.000529 0.000730 
0.000599 0.000039 0.000511 0.000731 
0.000623 0.000033 0.000533 0.000734 
0.000610 0.000041 0.000514 0.000728 
0.000608 0.000028 0.000514 0.000708 
0.000639 0.000033 0.000535 0.000711 
0.000617 0.000034 0.000550 0.000748 
0.000610 0.000033 0.000519 0.000708 
0.000597 0.000046 0.000498 0.000725 
0.000574 0.000041 0.000499 0.000705 
0.000575 0.000054 0.000473 0.000788 
0.000581 0.000050 0.000486 0.000808 
0.000589 0.000041 0.000504 0.000719 
0.000565 0.000060 0.000441 0.000711 
0.000577 0.000051 0.000467 0.000713 
0.000584 0.000051 0.000480 0.000797 
0.000565 0.000046 0.000458 0.000684 
0.000571 0.000059 0.000450 0.000795 
0.000579 0.000048 0.000485 0.000711 
0.000594 0.000048 0.000504 0.000841 
0.000588 0.000048 0.000484 0.000749 
0.000608 0.000037 0.000543 0.000740 
0.000599 0.000033 0.000524 0.000710 
0.000608 0.000039 0.000537 0.000729 
0.000615 0.000044 0.000537 0.000759 
0.000597 0.000038 0.000522 0.000714 
0.000598 0.000041 0.000487 0.000700 
0.000596 0.000032 0.000513 0.000706 
0.000595 0.000035 0.000527 0.000720 
0.000597 0.000041 0.000491 0.000723 
0.000594 0.000031 0.000533 0.000684 
0.000603 0.000035 0.000505 0.000739 
0.000592 0.000039 0.000505 0.000703 
0.000594 0.000038 0.000528 0.000727 
0.000564 0.000043 0.000466 0.000693 
0.000556 0.000046 0.000465 0.000677 
0.000574 0.000040 0.000506 0.000684 
0.000573 0.000049 0.000483 0.000719 
0.000565 0.000044 0.000454 0.000672 
0.000570 0.000037 0.000486 0.000667 
0.000562 0.000037 0.000474 0.000672 
0.000568 0.000045 0.000496 0.000701 
0.000565 0.000039 0.000484 0.000690 
0.000580 0.000053 0.000479 0.000706 
0.000553 0.000039 0.000455 0.000657 
0.000573 0.000049 0.000487 0.000701 
0.000561 0.000048 0.000467 0.000701 
0.000569 0.000041 0.000460 0.000683 
0.000624 0.000045 0.000533 0.000900 
0.000597 0.000075 0.000477 0.000880 
0.000654 0.000067 0.000553 0.000976 
0.000636 0.000050 0.000552 0.000853 
0.000635 0.000050 0.000553 0.000919 
0.000623 0.000083 0.000531 0.001223 
0.000657 0.000076 0.000564 0.001033 
0.000619 0.000067 0.000530 0.000886 
0.000640 0.000077 0.000544 0.001054 
0.000614 0.000061 0.000537 0.000849 
0.000630 0.000057 0.000535 0.000992 
0.000609 0.000050 0.000455 0.000811 
0.000611 0.000064 0.000524 0.000879 
