0.000644 0.000036 0.000561 0.000766 
0.000643 0.000046 0.000547 0.000822 
0.000636 0.000044 0.000563 0.000775 
0.000626 0.000036 0.000553 0.000753 
0.000638 0.000043 0.000538 0.000746 
0.000633 0.000033 0.000545 0.000757 
0.000648 0.000033 0.000576 0.000768 
0.000647 0.000040 0.000572 0.000802 
0.000641 0.000038 0.000566 0.000762 
0.000625 0.000044 0.000535 0.000795 
0.000634 0.000039 0.000549 0.000793 
0.000629 0.000043 0.000535 0.000766 
0.000642 0.000037 0.000571 0.000810 
0.000572 0.000035 0.000499 0.000709 
0.000568 0.000033 0.000483 0.000695 
0.000598 0.000035 0.000511 0.000734 
0.000591 0.000034 0.000535 0.000795 
0.000592 0.000038 0.000512 0.000759 
0.000572 0.000033 0.000480 0.000725 
0.000575 0.000029 0.000513 0.000672 
0.000570 0.000035 0.000500 0.000736 
0.000580 0.000041 0.000503 0.000748 
0.000577 0.000032 0.000508 0.000703 
0.000580 0.000035 0.000510 0.000727 
0.000587 0.000031 0.000507 0.000727 
0.000601 0.000043 0.000517 0.000752 
0.000620 0.000039 0.000549 0.000750 
0.000597 0.000031 0.000526 0.000689 
0.000608 0.000028 0.000552 0.000712 
0.000596 0.000031 0.000538 0.000744 
0.000598 0.000024 0.000533 0.000714 
0.000592 0.000028 0.000541 0.000717 
0.000613 0.000029 0.000555 0.000687 
0.000609 0.000028 0.000553 0.000707 
0.000586 0.000024 0.000529 0.000647 
0.000597 0.000030 0.000536 0.000684 
0.000601 0.000030 0.000521 0.000728 
0.000641 0.000038 0.000573 0.000777 
0.000637 0.000024 0.000587 0.000731 
0.000634 0.000026 0.000577 0.000710 
0.000644 0.000038 0.000573 0.000807 
0.000637 0.000025 0.000573 0.000704 
0.000618 0.000022 0.000556 0.000675 
0.000622 0.000025 0.000563 0.000725 
0.000630 0.000025 0.000577 0.000694 
0.000643 0.000032 0.000575 0.000767 
0.000644 0.000024 0.000568 0.000713 
0.000624 0.000023 0.000574 0.000715 
0.000638 0.000027 0.000561 0.000722 
0.000613 0.000032 0.000554 0.000745 
0.000619 0.000032 0.000541 0.000757 
0.000625 0.000037 0.000546 0.000748 
0.000637 0.000035 0.000578 0.000773 
0.000650 0.000029 0.000576 0.000771 
0.000637 0.000039 0.000579 0.000757 
0.000618 0.000035 0.000517 0.000747 
0.000623 0.000032 0.000556 0.000753 
0.000623 0.000035 0.000551 0.000726 
0.000643 0.000025 0.000589 0.000741 
0.000630 0.000035 0.000553 0.000753 
0.000586 0.000035 0.000504 0.000743 
0.000584 0.000031 0.000503 0.000690 
0.000605 0.000038 0.000517 0.000723 
0.000587 0.000027 0.000523 0.000706 
0.000564 0.000030 0.000495 0.000677 
0.000586 0.000030 0.000524 0.000692 
0.000595 0.000039 0.000502 0.000715 
0.000578 0.000044 0.000499 0.000737 
0.000577 0.000032 0.000508 0.000680 
0.000555 0.000034 0.000491 0.000663 
0.000607 0.000042 0.000510 0.000772 
0.000592 0.000031 0.000531 0.000699 
0.000599 0.000035 0.000528 0.000733 
0.000613 0.000038 0.000529 0.000750 
0.000593 0.000033 0.000529 0.000705 
0.000611 0.000044 0.000534 0.000752 
0.000614 0.000030 0.000531 0.000730 
0.000608 0.000036 0.000520 0.000721 
0.000619 0.000031 0.000551 0.000743 
0.000611 0.000030 0.000531 0.000709 
0.000591 0.000035 0.000509 0.000701 
0.000606 0.000035 0.000522 0.000731 
0.000601 0.000033 0.000532 0.000692 
0.000606 0.000036 0.000537 0.000746 
0.000617 0.000035 0.000538 0.000745 
0.000592 0.000041 0.000489 0.000694 
0.000636 0.000033 0.000565 0.000785 
0.000654 0.000042 0.000546 0.000795 
0.000652 0.000032 0.000560 0.000788 
0.000635 0.000042 0.000545 0.000794 
0.000658 0.000037 0.000539 0.000786 
0.000647 0.000040 0.000549 0.000772 
0.000661 0.000043 0.000564 0.000805 
0.000676 0.000063 0.000564 0.000894 
0.000632 0.000035 0.000524 0.000749 
0.000648 0.000044 0.000533 0.000817 
0.000632 0.000032 0.000531 0.000744 
0.000630 0.000036 0.000542 0.000752 
0.000623 0.000032 0.000532 0.000728 
0.000655 0.000054 0.000537 0.000830 
0.000627 0.000040 0.000521 0.000806 
0.000636 0.000039 0.000534 0.000766 
0.000628 0.000032 0.000545 0.000746 
0.000622 0.000039 0.000495 0.000757 
0.000611 0.000040 0.000536 0.000813 
0.000615 0.000045 0.000521 0.000830 
0.000626 0.000037 0.000535 0.000755 
0.000613 0.000035 0.000536 0.000738 
0.000605 0.000036 0.000518 0.000730 
0.000597 0.000041 0.000494 0.000791 
0.000631 0.000036 0.000524 0.000753 
0.000627 0.000038 0.000505 0.000737 
0.000642 0.000032 0.000567 0.000800 
0.000642 0.000045 0.000551 0.000859 
0.000690 0.000040 0.000603 0.000835 
0.000624 0.000043 0.000545 0.000748 
0.000624 0.000045 0.000536 0.000800 
0.000633 0.000047 0.000554 0.000789 
0.000641 0.000036 0.000570 0.000769 
0.000631 0.000037 0.000546 0.000752 
0.000642 0.000043 0.000568 0.000774 
0.000625 0.000047 0.000542 0.000840 
0.000636 0.000047 0.000551 0.000808 
0.000645 0.000060 0.000554 0.000869 
0.000642 0.000050 0.000544 0.000788 
0.000637 0.000048 0.000552 0.000809 
0.000635 0.000044 0.000566 0.000848 
0.000719 0.000049 0.000621 0.000916 
0.000707 0.000054 0.000612 0.000864 
0.000713 0.000058 0.000605 0.000927 
0.000723 0.000059 0.000627 0.000961 
0.000701 0.000057 0.000590 0.000924 
0.000672 0.000047 0.000571 0.000858 
0.000686 0.000050 0.000567 0.000836 
0.000702 0.000050 0.000603 0.000905 
0.000726 0.000060 0.000617 0.000970 
0.000720 0.000054 0.000620 0.000917 
0.000706 0.000063 0.000601 0.000919 
0.000745 0.000074 0.000622 0.001009 
0.000686 0.000054 0.000545 0.000859 
0.000661 0.000052 0.000525 0.000817 
0.000660 0.000053 0.000528 0.000806 
0.000647 0.000047 0.000504 0.000771 
0.000648 0.000050 0.000527 0.000874 
0.000636 0.000052 0.000521 0.000834 
0.000648 0.000046 0.000535 0.000791 
0.000651 0.000056 0.000528 0.000835 
0.000628 0.000062 0.000495 0.000899 
0.000648 0.000055 0.000521 0.000844 
0.000664 0.000049 0.000552 0.000803 
0.000657 0.000049 0.000526 0.000813 
0.000682 0.000052 0.000548 0.000863 
0.000649 0.000028 0.000578 0.000764 
0.000672 0.000041 0.000577 0.000816 
0.000651 0.000040 0.000569 0.000791 
0.000656 0.000037 0.000552 0.000807 
0.000642 0.000036 0.000548 0.000780 
0.000639 0.000036 0.000576 0.000766 
0.000645 0.000038 0.000568 0.000771 
0.000650 0.000038 0.000551 0.000791 
0.000640 0.000035 0.000572 0.000774 
0.000645 0.000029 0.000570 0.000751 
0.000639 0.000031 0.000577 0.000767 
0.000663 0.000042 0.000567 0.000799 
0.000630 0.000037 0.000553 0.000741 
0.000618 0.000034 0.000547 0.000755 
0.000627 0.000035 0.000537 0.000715 
0.000602 0.000033 0.000502 0.000701 
0.000615 0.000033 0.000536 0.000722 
0.000607 0.000028 0.000511 0.000702 
0.000601 0.000031 0.000512 0.000750 
0.000602 0.000036 0.000510 0.000712 
0.000610 0.000033 0.000520 0.000764 
0.000616 0.000036 0.000525 0.000718 
0.000618 0.000037 0.000533 0.000727 
0.000598 0.000028 0.000529 0.000702 
0.000615 0.000029 0.000548 0.000699 
0.000611 0.000036 0.000500 0.000713 
0.000609 0.000036 0.000521 0.000729 
0.000653 0.000041 0.000541 0.000760 
0.000658 0.000042 0.000567 0.000785 
0.000637 0.000036 0.000557 0.000772 
0.000636 0.000031 0.000545 0.000721 
0.000647 0.000033 0.000577 0.000770 
0.000632 0.000045 0.000542 0.000775 
0.000644 0.000034 0.000570 0.000788 
0.000648 0.000038 0.000547 0.000784 
0.000655 0.000040 0.000578 0.000778 
0.000614 0.000035 0.000527 0.000743 
0.000654 0.000034 0.000579 0.000742 
0.000665 0.000037 0.000586 0.000808 
0.000643 0.000034 0.000566 0.000766 
