0.000714 0.000079 0.000579 0.001014 
0.000734 0.000094 0.000569 0.001089 
0.000743 0.000097 0.000569 0.001113 
0.000710 0.000083 0.000575 0.001012 
0.000703 0.000079 0.000557 0.001052 
0.000707 0.000081 0.000572 0.001088 
0.000733 0.000090 0.000583 0.001093 
0.000736 0.000089 0.000585 0.001137 
0.000706 0.000087 0.000545 0.001106 
0.000719 0.000083 0.000574 0.001063 
0.000722 0.000085 0.000575 0.001081 
0.000723 0.000076 0.000579 0.001011 
0.000719 0.000089 0.000568 0.001061 
0.000721 0.000113 0.000524 0.001289 
0.000744 0.000111 0.000542 0.001323 
0.000707 0.000101 0.000524 0.001110 
0.000771 0.000115 0.000535 0.001361 
0.000715 0.000101 0.000510 0.001110 
0.000696 0.000095 0.000526 0.001103 
0.000708 0.000095 0.000526 0.001072 
0.000751 0.000104 0.000532 0.001258 
0.000725 0.000106 0.000508 0.001213 
0.000754 0.000117 0.000549 0.001252 
0.000716 0.000100 0.000524 0.001133 
0.000730 0.000100 0.000536 0.001149 
0.000750 0.000114 0.000556 0.001307 
0.000783 0.000108 0.000596 0.001199 
0.000752 0.000109 0.000554 0.001366 
0.000775 0.000117 0.000565 0.001295 
0.000717 0.000092 0.000557 0.001152 
0.000726 0.000102 0.000555 0.001182 
0.000722 0.000096 0.000557 0.001151 
0.000770 0.000114 0.000572 0.001234 
0.000771 0.000119 0.000567 0.001243 
0.000720 0.000107 0.000554 0.001260 
0.000722 0.000098 0.000558 0.001162 
0.000755 0.000101 0.000563 0.001159 
0.000696 0.000096 0.000537 0.001129 
0.000704 0.000099 0.000521 0.001198 
0.000693 0.000093 0.000515 0.001158 
0.000696 0.000098 0.000537 0.001144 
0.000696 0.000094 0.000554 0.001156 
0.000679 0.000083 0.000523 0.001090 
0.000685 0.000090 0.000520 0.001160 
0.000698 0.000093 0.000535 0.001164 
0.000699 0.000094 0.000554 0.001155 
0.000712 0.000097 0.000555 0.001131 
0.000688 0.000091 0.000551 0.001080 
0.000719 0.000101 0.000570 0.001202 
0.000923 0.000175 0.000618 0.001673 
0.000962 0.000181 0.000608 0.001738 
0.000887 0.000160 0.000598 0.001501 
0.000895 0.000215 0.000542 0.001753 
0.000978 0.000216 0.000594 0.001698 
0.000898 0.000163 0.000533 0.001650 
0.001029 0.000172 0.000633 0.001625 
0.000945 0.000176 0.000605 0.001686 
0.000907 0.000171 0.000573 0.001536 
0.000881 0.000156 0.000614 0.001461 
0.000885 0.000162 0.000606 0.001594 
0.000748 0.000118 0.000539 0.001213 
0.000740 0.000125 0.000556 0.001293 
0.000748 0.000121 0.000561 0.001286 
0.000726 0.000108 0.000558 0.001208 
0.000735 0.000122 0.000531 0.001187 
0.000730 0.000117 0.000536 0.001205 
0.000738 0.000135 0.000535 0.001245 
0.000731 0.000114 0.000537 0.001149 
0.000733 0.000126 0.000538 0.001270 
0.000752 0.000121 0.000543 0.001280 
0.000786 0.000096 0.000586 0.001161 
0.000801 0.000120 0.000533 0.001279 
0.000749 0.000094 0.000549 0.001170 
0.000753 0.000082 0.000569 0.001130 
0.000764 0.000086 0.000579 0.001111 
0.000751 0.000088 0.000546 0.001112 
0.000768 0.000082 0.000592 0.001081 
0.000778 0.000093 0.000578 0.001139 
0.000777 0.000094 0.000574 0.001204 
0.000786 0.000094 0.000596 0.001253 
0.000776 0.000099 0.000584 0.001215 
0.000785 0.000098 0.000595 0.001242 
0.000738 0.000079 0.000553 0.001023 
0.000777 0.000090 0.000565 0.001128 
0.000786 0.000105 0.000545 0.001345 
0.000739 0.000085 0.000545 0.001082 
0.000677 0.000095 0.000497 0.001167 
0.000696 0.000100 0.000535 0.001160 
0.000698 0.000090 0.000554 0.001069 
0.000726 0.000102 0.000549 0.001160 
0.000679 0.000092 0.000552 0.001063 
0.000688 0.000088 0.000544 0.001116 
0.000705 0.000101 0.000553 0.001106 
0.000709 0.000097 0.000545 0.001219 
0.000706 0.000093 0.000544 0.001089 
0.000750 0.000117 0.000561 0.001250 
0.000700 0.000093 0.000554 0.001083 
0.000719 0.000100 0.000576 0.001172 
0.000706 0.000094 0.000557 0.001098 
0.000711 0.000106 0.000556 0.001227 
0.000814 0.000130 0.000588 0.001416 
0.000770 0.000129 0.000572 0.001309 
0.000745 0.000106 0.000557 0.001164 
0.000775 0.000125 0.000549 0.001397 
0.000761 0.000118 0.000574 0.001326 
0.000798 0.000140 0.000581 0.001464 
0.000776 0.000118 0.000567 0.001291 
0.000779 0.000124 0.000568 0.001303 
0.000807 0.000139 0.000572 0.001356 
0.000749 0.000119 0.000544 0.001349 
0.000781 0.000139 0.000533 0.001385 
0.000783 0.000141 0.000554 0.001508 
0.000829 0.000147 0.000569 0.001516 
0.000818 0.000130 0.000579 0.001338 
0.000708 0.000101 0.000536 0.001124 
0.000705 0.000095 0.000535 0.001307 
0.000780 0.000127 0.000542 0.001301 
0.000755 0.000106 0.000560 0.001257 
0.000742 0.000103 0.000567 0.001367 
0.000771 0.000113 0.000572 0.001323 
0.000761 0.000107 0.000582 0.001289 
0.000756 0.000119 0.000578 0.001372 
0.000712 0.000077 0.000574 0.001032 
0.000765 0.000103 0.000571 0.001287 
0.000721 0.000091 0.000550 0.001290 
0.000741 0.000095 0.000549 0.001152 
0.000729 0.000097 0.000521 0.001249 
0.000793 0.000093 0.000590 0.001237 
0.000821 0.000111 0.000582 0.001344 
0.000783 0.000096 0.000603 0.001398 
0.000784 0.000122 0.000511 0.001464 
0.000806 0.000108 0.000598 0.001393 
0.000812 0.000105 0.000604 0.001283 
0.000838 0.000127 0.000613 0.001453 
0.000796 0.000102 0.000590 0.001249 
0.000804 0.000101 0.000628 0.001241 
0.000792 0.000099 0.000577 0.001212 
0.000795 0.000103 0.000585 0.001237 
0.000794 0.000093 0.000573 0.001253 
0.000785 0.000123 0.000567 0.001328 
0.000796 0.000124 0.000534 0.001340 
0.000786 0.000126 0.000564 0.001381 
0.000815 0.000137 0.000562 0.001403 
0.000794 0.000133 0.000543 0.001330 
0.000750 0.000124 0.000522 0.001424 
0.000789 0.000129 0.000569 0.001365 
0.000785 0.000127 0.000563 0.001354 
0.000749 0.000118 0.000532 0.001304 
0.000774 0.000128 0.000519 0.001297 
0.000791 0.000136 0.000540 0.001406 
0.000807 0.000121 0.000570 0.001300 
0.000823 0.000151 0.000553 0.001407 
0.000739 0.000062 0.000616 0.001008 
0.000762 0.000095 0.000553 0.001203 
0.000766 0.000092 0.000585 0.001103 
0.000773 0.000088 0.000573 0.001130 
0.000752 0.000082 0.000575 0.001065 
0.000756 0.000078 0.000591 0.001076 
0.000762 0.000078 0.000605 0.001111 
0.000780 0.000092 0.000553 0.001165 
0.000742 0.000080 0.000575 0.001059 
0.000788 0.000096 0.000587 0.001202 
0.000760 0.000085 0.000593 0.001085 
0.000773 0.000109 0.000532 0.001228 
0.000754 0.000084 0.000593 0.001105 
0.000747 0.000093 0.000539 0.001121 
0.000737 0.000086 0.000532 0.001132 
0.000701 0.000081 0.000547 0.001056 
0.000718 0.000086 0.000548 0.001115 
0.000709 0.000078 0.000545 0.001007 
0.000726 0.000088 0.000530 0.001109 
0.000736 0.000097 0.000548 0.001139 
0.000715 0.000086 0.000547 0.001062 
0.000738 0.000085 0.000580 0.001097 
0.000728 0.000084 0.000548 0.001109 
0.000775 0.000107 0.000572 0.001185 
0.000724 0.000086 0.000561 0.001062 
0.000731 0.000094 0.000540 0.001151 
0.000744 0.000093 0.000554 0.001101 
0.000905 0.000154 0.000599 0.001468 
0.000890 0.000150 0.000601 0.001485 
0.000869 0.000139 0.000626 0.001503 
0.000875 0.000137 0.000627 0.001436 
0.000873 0.000144 0.000607 0.001511 
0.000906 0.000163 0.000628 0.001586 
0.000948 0.000186 0.000650 0.001777 
0.000856 0.000153 0.000602 0.001501 
0.000980 0.000210 0.000600 0.001782 
0.000852 0.000128 0.000611 0.001362 
0.000901 0.000171 0.000631 0.001564 
0.000899 0.000166 0.000577 0.001502 
0.000877 0.000148 0.000618 0.001573 
