0.000679 0.000035 0.000633 0.000922 
0.000682 0.000033 0.000602 0.001024 
0.000678 0.000039 0.000581 0.001002 
0.000671 0.000036 0.000583 0.001009 
0.000681 0.000036 0.000609 0.000937 
0.000668 0.000033 0.000606 0.000830 
0.000676 0.000041 0.000594 0.001009 
0.000713 0.000051 0.000587 0.001094 
0.000685 0.000036 0.000586 0.000983 
0.000679 0.000043 0.000584 0.000999 
0.000667 0.000037 0.000585 0.000872 
0.000680 0.000044 0.000586 0.001020 
0.000678 0.000038 0.000613 0.001032 
0.000631 0.000024 0.000592 0.000739 
0.000647 0.000029 0.000576 0.000811 
0.000653 0.000023 0.000614 0.000792 
0.000635 0.000012 0.000599 0.000709 
0.000638 0.000031 0.000577 0.000816 
0.000627 0.000022 0.000599 0.000758 
0.000631 0.000041 0.000586 0.000835 
0.000607 0.000038 0.000511 0.000730 
0.000622 0.000032 0.000565 0.000762 
0.000637 0.000023 0.000581 0.000739 
0.000650 0.000032 0.000597 0.000795 
0.000647 0.000030 0.000600 0.000748 
0.000638 0.000022 0.000597 0.000742 
0.000720 0.000048 0.000643 0.000881 
0.000700 0.000042 0.000624 0.000841 
0.000714 0.000066 0.000626 0.000994 
0.000682 0.000067 0.000587 0.000900 
0.000665 0.000045 0.000605 0.000840 
0.000668 0.000039 0.000599 0.000859 
0.000697 0.000040 0.000632 0.000865 
0.000704 0.000060 0.000632 0.000935 
0.000681 0.000044 0.000601 0.000829 
0.000685 0.000040 0.000600 0.000829 
0.000699 0.000047 0.000621 0.000843 
0.000735 0.000041 0.000656 0.001092 
0.000744 0.000040 0.000651 0.001054 
0.000727 0.000043 0.000624 0.000944 
0.000762 0.000048 0.000646 0.001065 
0.000729 0.000050 0.000649 0.001089 
0.000749 0.000037 0.000629 0.000945 
0.000724 0.000049 0.000632 0.000960 
0.000756 0.000038 0.000621 0.000898 
0.000723 0.000043 0.000638 0.001016 
0.000765 0.000047 0.000631 0.001044 
0.000752 0.000051 0.000645 0.001040 
0.000742 0.000045 0.000613 0.000970 
0.000722 0.000053 0.000642 0.001041 
0.000756 0.000056 0.000673 0.001015 
0.000729 0.000054 0.000639 0.000978 
0.000719 0.000036 0.000648 0.000955 
0.000762 0.000058 0.000684 0.000980 
0.000751 0.000053 0.000653 0.001061 
0.000740 0.000061 0.000647 0.001021 
0.000740 0.000056 0.000635 0.001014 
0.000730 0.000052 0.000645 0.000969 
0.000751 0.000053 0.000644 0.000996 
0.000742 0.000048 0.000680 0.000945 
0.000711 0.000083 0.000603 0.001130 
0.000662 0.000047 0.000577 0.000751 
0.000679 0.000071 0.000567 0.001097 
0.000679 0.000095 0.000563 0.001177 
0.000664 0.000067 0.000554 0.001128 
0.000675 0.000077 0.000573 0.001171 
0.000678 0.000071 0.000566 0.001180 
0.000662 0.000063 0.000577 0.001141 
0.000694 0.000059 0.000562 0.001081 
0.000651 0.000066 0.000554 0.001147 
0.000734 0.000069 0.000610 0.000986 
0.000728 0.000061 0.000599 0.001117 
0.000758 0.000052 0.000599 0.001030 
0.000766 0.000083 0.000601 0.001105 
0.000686 0.000067 0.000594 0.001006 
0.000733 0.000070 0.000580 0.001105 
0.000753 0.000060 0.000619 0.001023 
0.000732 0.000059 0.000616 0.001017 
0.000739 0.000057 0.000601 0.001000 
0.000755 0.000078 0.000564 0.001065 
0.000735 0.000055 0.000598 0.000966 
0.000751 0.000067 0.000622 0.001065 
0.000738 0.000077 0.000614 0.001041 
0.000764 0.000066 0.000627 0.000999 
0.000742 0.000068 0.000613 0.001016 
0.000765 0.000069 0.000594 0.001070 
0.000686 0.000025 0.000611 0.000798 
0.000715 0.000038 0.000629 0.001033 
0.000701 0.000036 0.000641 0.001083 
0.000663 0.000048 0.000592 0.001105 
0.000684 0.000066 0.000589 0.001088 
0.000682 0.000041 0.000642 0.001129 
0.000688 0.000040 0.000628 0.000835 
0.000693 0.000064 0.000586 0.001040 
0.000675 0.000036 0.000620 0.001073 
0.000700 0.000045 0.000622 0.001139 
0.000670 0.000037 0.000580 0.000880 
0.000695 0.000046 0.000648 0.001144 
0.000673 0.000087 0.000512 0.001227 
0.000705 0.000065 0.000632 0.001137 
0.000673 0.000042 0.000601 0.000912 
0.000692 0.000050 0.000611 0.000933 
0.000684 0.000042 0.000595 0.000981 
0.000684 0.000066 0.000574 0.000946 
0.000689 0.000054 0.000626 0.000992 
0.000674 0.000047 0.000603 0.000949 
0.000708 0.000047 0.000596 0.001022 
0.000682 0.000049 0.000619 0.000941 
0.000670 0.000059 0.000596 0.001050 
0.000659 0.000055 0.000591 0.001022 
0.000678 0.000059 0.000595 0.000937 
0.000690 0.000049 0.000601 0.000999 
0.000690 0.000053 0.000613 0.001042 
0.000673 0.000051 0.000609 0.000897 
0.000698 0.000050 0.000600 0.000855 
0.000659 0.000048 0.000603 0.000903 
0.000670 0.000058 0.000578 0.000891 
0.000662 0.000044 0.000594 0.000898 
0.000676 0.000074 0.000576 0.000927 
0.000624 0.000030 0.000553 0.000851 
0.000700 0.000054 0.000608 0.000901 
0.000685 0.000040 0.000613 0.000920 
0.000655 0.000054 0.000575 0.000891 
0.000665 0.000068 0.000547 0.000854 
0.000671 0.000051 0.000605 0.000816 
0.000671 0.000063 0.000558 0.000925 
0.000663 0.000063 0.000590 0.000863 
0.000708 0.000045 0.000631 0.001094 
0.000716 0.000039 0.000610 0.000819 
0.000687 0.000028 0.000640 0.000885 
0.000726 0.000047 0.000661 0.001131 
0.000701 0.000034 0.000652 0.001049 
0.000686 0.000047 0.000608 0.000995 
0.000695 0.000039 0.000623 0.001048 
0.000704 0.000051 0.000615 0.001082 
0.000688 0.000033 0.000643 0.001009 
0.000695 0.000033 0.000649 0.001107 
0.000695 0.000046 0.000629 0.001158 
0.000752 0.000052 0.000654 0.001105 
0.000710 0.000055 0.000635 0.001020 
0.000682 0.000045 0.000623 0.001134 
0.000712 0.000054 0.000637 0.000973 
0.000677 0.000049 0.000611 0.000941 
0.000700 0.000043 0.000624 0.000963 
0.000696 0.000062 0.000587 0.001048 
0.000687 0.000063 0.000585 0.000989 
0.000691 0.000054 0.000612 0.001019 
0.000684 0.000057 0.000571 0.000951 
0.000715 0.000055 0.000632 0.000947 
0.000705 0.000049 0.000629 0.000894 
0.000693 0.000061 0.000597 0.000952 
0.000726 0.000038 0.000626 0.000923 
0.000694 0.000035 0.000633 0.000857 
0.000730 0.000050 0.000670 0.001147 
0.000724 0.000066 0.000647 0.001131 
0.000741 0.000059 0.000647 0.001189 
0.000687 0.000028 0.000633 0.000747 
0.000701 0.000040 0.000651 0.001168 
0.000704 0.000030 0.000644 0.000801 
0.000704 0.000032 0.000665 0.000978 
0.000683 0.000037 0.000647 0.000961 
0.000699 0.000037 0.000626 0.000988 
0.000689 0.000026 0.000658 0.000982 
0.000716 0.000042 0.000668 0.001126 
0.000688 0.000049 0.000627 0.001134 
0.000716 0.000038 0.000630 0.000944 
0.000746 0.000039 0.000630 0.000930 
0.000676 0.000032 0.000623 0.000913 
0.000724 0.000037 0.000649 0.000978 
0.000714 0.000035 0.000646 0.001016 
0.000703 0.000035 0.000643 0.000974 
0.000711 0.000037 0.000632 0.000961 
0.000713 0.000049 0.000628 0.001010 
0.000693 0.000029 0.000620 0.000862 
0.000721 0.000058 0.000639 0.001037 
0.000735 0.000046 0.000654 0.000917 
0.000717 0.000038 0.000636 0.000972 
0.000731 0.000033 0.000656 0.000856 
0.000686 0.000029 0.000633 0.000859 
0.000742 0.000080 0.000639 0.001339 
0.000742 0.000080 0.000648 0.001292 
0.000757 0.000085 0.000628 0.001248 
0.000758 0.000091 0.000648 0.001254 
0.000754 0.000078 0.000634 0.001340 
0.000733 0.000065 0.000626 0.001086 
0.000769 0.000081 0.000620 0.001289 
0.000736 0.000080 0.000625 0.001228 
0.000742 0.000082 0.000636 0.001239 
0.000728 0.000056 0.000634 0.001240 
0.000716 0.000072 0.000636 0.001242 
0.000721 0.000090 0.000620 0.001379 
0.000752 0.000086 0.000630 0.001265 
