0.000581 0.000042 0.000493 0.000685 
0.000582 0.000039 0.000524 0.000741 
0.000577 0.000037 0.000499 0.000672 
0.000589 0.000043 0.000509 0.000703 
0.000584 0.000032 0.000520 0.000685 
0.000578 0.000040 0.000503 0.000707 
0.000578 0.000042 0.000506 0.000699 
0.000584 0.000043 0.000498 0.000704 
0.000561 0.000035 0.000483 0.000668 
0.000580 0.000038 0.000494 0.000768 
0.000585 0.000047 0.000511 0.000718 
0.000577 0.000036 0.000502 0.000717 
0.000578 0.000046 0.000480 0.000693 
0.000546 0.000031 0.000489 0.000655 
0.000549 0.000033 0.000470 0.000675 
0.000549 0.000035 0.000477 0.000668 
0.000568 0.000034 0.000477 0.000741 
0.000563 0.000036 0.000473 0.000677 
0.000545 0.000033 0.000479 0.000656 
0.000557 0.000033 0.000480 0.000667 
0.000537 0.000038 0.000469 0.000691 
0.000542 0.000033 0.000453 0.000654 
0.000550 0.000038 0.000474 0.000718 
0.000541 0.000035 0.000479 0.000689 
0.000542 0.000041 0.000439 0.000680 
0.000554 0.000034 0.000470 0.000670 
0.000596 0.000036 0.000499 0.000700 
0.000559 0.000039 0.000481 0.000696 
0.000582 0.000037 0.000495 0.000676 
0.000581 0.000040 0.000496 0.000683 
0.000582 0.000039 0.000484 0.000675 
0.000584 0.000042 0.000479 0.000693 
0.000576 0.000043 0.000486 0.000697 
0.000582 0.000046 0.000493 0.000707 
0.000591 0.000031 0.000527 0.000690 
0.000579 0.000037 0.000505 0.000698 
0.000597 0.000036 0.000523 0.000714 
0.000600 0.000038 0.000530 0.000850 
0.000590 0.000036 0.000510 0.000770 
0.000617 0.000048 0.000553 0.000887 
0.000579 0.000047 0.000492 0.000834 
0.000599 0.000043 0.000533 0.000871 
0.000592 0.000049 0.000503 0.000817 
0.000580 0.000033 0.000527 0.000712 
0.000603 0.000037 0.000531 0.000711 
0.000596 0.000040 0.000520 0.000844 
0.000608 0.000043 0.000531 0.000781 
0.000591 0.000042 0.000511 0.000738 
0.000615 0.000041 0.000543 0.000827 
0.000595 0.000032 0.000539 0.000716 
0.000598 0.000046 0.000529 0.000820 
0.000588 0.000047 0.000513 0.000804 
0.000604 0.000052 0.000525 0.000937 
0.000606 0.000050 0.000521 0.000833 
0.000599 0.000041 0.000535 0.000790 
0.000590 0.000037 0.000517 0.000749 
0.000594 0.000037 0.000535 0.000760 
0.000589 0.000041 0.000526 0.000796 
0.000592 0.000048 0.000508 0.000767 
0.000577 0.000039 0.000514 0.000727 
0.000568 0.000030 0.000507 0.000672 
0.000553 0.000036 0.000478 0.000655 
0.000565 0.000033 0.000480 0.000645 
0.000559 0.000036 0.000465 0.000669 
0.000542 0.000033 0.000470 0.000641 
0.000549 0.000033 0.000474 0.000655 
0.000554 0.000034 0.000486 0.000728 
0.000545 0.000034 0.000485 0.000672 
0.000532 0.000036 0.000456 0.000660 
0.000558 0.000036 0.000505 0.000668 
0.000606 0.000039 0.000518 0.000716 
0.000567 0.000040 0.000493 0.000684 
0.000603 0.000046 0.000503 0.000730 
0.000578 0.000039 0.000486 0.000736 
0.000598 0.000045 0.000491 0.000709 
0.000603 0.000046 0.000483 0.000711 
0.000600 0.000045 0.000503 0.000730 
0.000599 0.000038 0.000515 0.000735 
0.000587 0.000039 0.000512 0.000698 
0.000611 0.000052 0.000483 0.000738 
0.000586 0.000040 0.000513 0.000721 
0.000604 0.000042 0.000500 0.000716 
0.000598 0.000050 0.000497 0.000725 
0.000589 0.000037 0.000518 0.000725 
0.000594 0.000046 0.000484 0.000726 
0.000578 0.000038 0.000494 0.000680 
0.000584 0.000050 0.000498 0.000798 
0.000567 0.000038 0.000475 0.000761 
0.000571 0.000043 0.000482 0.000752 
0.000584 0.000041 0.000515 0.000853 
0.000572 0.000040 0.000497 0.000683 
0.000584 0.000041 0.000514 0.000832 
0.000595 0.000048 0.000505 0.000886 
0.000582 0.000055 0.000504 0.000915 
0.000592 0.000032 0.000523 0.000777 
0.000603 0.000057 0.000530 0.000929 
0.000583 0.000040 0.000506 0.000802 
0.000590 0.000038 0.000517 0.000824 
0.000585 0.000047 0.000506 0.000878 
0.000576 0.000050 0.000506 0.000826 
0.000579 0.000051 0.000480 0.000858 
0.000577 0.000057 0.000503 0.000894 
0.000597 0.000052 0.000501 0.000867 
0.000590 0.000039 0.000512 0.000803 
0.000613 0.000045 0.000546 0.000933 
0.000589 0.000063 0.000516 0.000890 
0.000597 0.000045 0.000517 0.000822 
0.000576 0.000062 0.000502 0.000944 
0.000591 0.000055 0.000518 0.000854 
0.000578 0.000049 0.000516 0.000914 
0.000576 0.000042 0.000495 0.000824 
0.000573 0.000048 0.000496 0.000780 
0.000593 0.000055 0.000513 0.000914 
0.000596 0.000064 0.000496 0.000981 
0.000567 0.000038 0.000501 0.000741 
0.000556 0.000038 0.000497 0.000835 
0.000573 0.000033 0.000503 0.000784 
0.000569 0.000035 0.000480 0.000776 
0.000588 0.000036 0.000512 0.000708 
0.000569 0.000046 0.000487 0.000829 
0.000596 0.000039 0.000505 0.000763 
0.000578 0.000037 0.000502 0.000730 
0.000579 0.000039 0.000513 0.000797 
0.000572 0.000035 0.000503 0.000700 
0.000579 0.000041 0.000500 0.000870 
0.000581 0.000033 0.000510 0.000748 
0.000557 0.000031 0.000489 0.000772 
0.000614 0.000027 0.000533 0.000729 
0.000584 0.000031 0.000532 0.000688 
0.000591 0.000045 0.000516 0.000700 
0.000605 0.000032 0.000529 0.000708 
0.000612 0.000033 0.000548 0.000733 
0.000590 0.000033 0.000526 0.000724 
0.000596 0.000035 0.000528 0.000719 
0.000610 0.000038 0.000523 0.000721 
0.000602 0.000042 0.000525 0.000716 
0.000612 0.000031 0.000533 0.000727 
0.000597 0.000036 0.000525 0.000699 
0.000601 0.000028 0.000539 0.000702 
0.000585 0.000044 0.000511 0.000731 
0.000588 0.000052 0.000486 0.000801 
0.000576 0.000047 0.000499 0.000749 
0.000575 0.000052 0.000493 0.000699 
0.000584 0.000049 0.000501 0.000755 
0.000558 0.000049 0.000468 0.000727 
0.000574 0.000044 0.000478 0.000702 
0.000592 0.000051 0.000502 0.000771 
0.000562 0.000049 0.000465 0.000749 
0.000572 0.000051 0.000477 0.000721 
0.000578 0.000040 0.000509 0.000710 
0.000587 0.000047 0.000504 0.000723 
0.000568 0.000035 0.000512 0.000726 
0.000596 0.000044 0.000523 0.000736 
0.000595 0.000048 0.000501 0.000745 
0.000594 0.000046 0.000518 0.000735 
0.000609 0.000057 0.000519 0.000777 
0.000594 0.000044 0.000507 0.000729 
0.000586 0.000042 0.000508 0.000718 
0.000587 0.000041 0.000516 0.000719 
0.000595 0.000039 0.000510 0.000694 
0.000584 0.000050 0.000503 0.000727 
0.000584 0.000044 0.000516 0.000707 
0.000585 0.000032 0.000532 0.000691 
0.000581 0.000048 0.000496 0.000701 
0.000588 0.000047 0.000501 0.000744 
0.000575 0.000046 0.000476 0.000711 
0.000562 0.000047 0.000480 0.000723 
0.000574 0.000044 0.000496 0.000705 
0.000583 0.000036 0.000509 0.000695 
0.000569 0.000037 0.000478 0.000722 
0.000573 0.000033 0.000510 0.000674 
0.000568 0.000042 0.000483 0.000762 
0.000568 0.000040 0.000483 0.000735 
0.000576 0.000050 0.000475 0.000719 
0.000592 0.000050 0.000491 0.000738 
0.000563 0.000036 0.000488 0.000706 
0.000566 0.000042 0.000493 0.000675 
0.000557 0.000034 0.000497 0.000669 
0.000557 0.000031 0.000488 0.000698 
0.000630 0.000038 0.000521 0.000739 
0.000600 0.000047 0.000521 0.000791 
0.000639 0.000038 0.000552 0.000795 
0.000641 0.000029 0.000570 0.000718 
0.000638 0.000032 0.000542 0.000722 
0.000612 0.000062 0.000511 0.000842 
0.000653 0.000053 0.000528 0.000807 
0.000604 0.000044 0.000521 0.000761 
0.000636 0.000047 0.000534 0.000764 
0.000611 0.000038 0.000527 0.000732 
0.000623 0.000042 0.000533 0.000752 
0.000606 0.000045 0.000507 0.000825 
0.000608 0.000052 0.000536 0.000765 
