0.000815 0.000084 0.000684 0.000921 
0.000877 0.000143 0.000731 0.001150 
0.000853 0.000054 0.000748 0.000895 
0.000872 0.000039 0.000808 0.000902 
0.000773 0.000097 0.000672 0.000932 
0.000883 0.000164 0.000702 0.001172 
0.000870 0.000130 0.000687 0.001110 
0.000797 0.000097 0.000690 0.000901 
0.000769 0.000089 0.000655 0.000862 
0.000771 0.000122 0.000653 0.000972 
0.000852 0.000089 0.000736 0.000947 
0.000890 0.000149 0.000713 0.001158 
0.000824 0.000048 0.000732 0.000876 
0.000712 0.000101 0.000570 0.000832 
0.000690 0.000090 0.000616 0.000878 
0.000719 0.000071 0.000596 0.000791 
0.000727 0.000104 0.000616 0.000852 
0.000762 0.000102 0.000637 0.000936 
0.000743 0.000103 0.000614 0.000861 
0.000737 0.000092 0.000618 0.000851 
0.000621 0.000068 0.000576 0.000764 
0.000657 0.000078 0.000548 0.000739 
0.000682 0.000043 0.000633 0.000767 
0.000717 0.000055 0.000634 0.000808 
0.000715 0.000055 0.000645 0.000806 
0.000760 0.000061 0.000680 0.000868 
0.000624 0.000036 0.000567 0.000677 
0.000634 0.000022 0.000601 0.000668 
0.000597 0.000040 0.000542 0.000664 
0.000619 0.000019 0.000597 0.000638 
0.000618 0.000028 0.000582 0.000657 
0.000600 0.000029 0.000558 0.000634 
0.000647 0.000021 0.000610 0.000666 
0.000603 0.000024 0.000573 0.000636 
0.000641 0.000041 0.000580 0.000692 
0.000556 0.000028 0.000516 0.000594 
0.000654 0.000044 0.000574 0.000689 
0.000804 0.000027 0.000751 0.000837 
0.000808 0.000028 0.000774 0.000847 
0.000813 0.000028 0.000776 0.000849 
0.000792 0.000032 0.000747 0.000841 
0.000812 0.000026 0.000781 0.000850 
0.000772 0.000035 0.000733 0.000823 
0.000718 0.000035 0.000671 0.000784 
0.000771 0.000064 0.000704 0.000900 
0.000793 0.000045 0.000720 0.000858 
0.000818 0.000036 0.000779 0.000866 
0.000772 0.000027 0.000724 0.000809 
0.000792 0.000022 0.000758 0.000833 
0.000786 0.000074 0.000631 0.000835 
0.000717 0.000065 0.000624 0.000778 
0.000835 0.000042 0.000769 0.000885 
0.000793 0.000085 0.000635 0.000903 
0.000793 0.000098 0.000657 0.000890 
0.000765 0.000131 0.000580 0.000875 
0.000760 0.000035 0.000689 0.000789 
0.000728 0.000087 0.000615 0.000842 
0.000830 0.000048 0.000743 0.000885 
0.000764 0.000079 0.000674 0.000887 
0.000792 0.000082 0.000656 0.000875 
0.000687 0.000070 0.000587 0.000785 
0.000691 0.000064 0.000561 0.000749 
0.000667 0.000032 0.000620 0.000708 
0.000715 0.000091 0.000614 0.000898 
0.000801 0.000131 0.000667 0.001061 
0.000683 0.000050 0.000583 0.000723 
0.000651 0.000036 0.000609 0.000719 
0.000653 0.000067 0.000573 0.000740 
0.000676 0.000056 0.000571 0.000740 
0.000686 0.000063 0.000569 0.000740 
0.000733 0.000045 0.000669 0.000808 
0.000660 0.000032 0.000611 0.000699 
0.000736 0.000080 0.000623 0.000849 
0.000681 0.000054 0.000624 0.000759 
0.000693 0.000063 0.000593 0.000783 
0.000733 0.000078 0.000631 0.000864 
0.000744 0.000044 0.000678 0.000815 
0.000755 0.000063 0.000672 0.000835 
0.000733 0.000060 0.000647 0.000825 
0.000695 0.000080 0.000629 0.000811 
0.000735 0.000041 0.000676 0.000811 
0.000785 0.000063 0.000697 0.000854 
0.000685 0.000028 0.000657 0.000734 
0.000756 0.000059 0.000657 0.000809 
0.000713 0.000061 0.000659 0.000800 
0.000717 0.000071 0.000632 0.000811 
0.000694 0.000055 0.000622 0.000780 
0.000755 0.000119 0.000632 0.000936 
0.000704 0.000068 0.000623 0.000800 
0.000674 0.000047 0.000623 0.000733 
0.000740 0.000057 0.000678 0.000823 
0.000701 0.000036 0.000673 0.000777 
0.000676 0.000035 0.000625 0.000724 
0.000722 0.000064 0.000643 0.000812 
0.000677 0.000055 0.000620 0.000761 
0.000678 0.000060 0.000619 0.000773 
0.000669 0.000050 0.000615 0.000743 
0.000711 0.000080 0.000625 0.000848 
0.000667 0.000043 0.000591 0.000716 
0.000779 0.000045 0.000703 0.000839 
0.000804 0.000160 0.000617 0.001017 
0.000794 0.000093 0.000595 0.000878 
0.000796 0.000117 0.000631 0.001001 
0.000794 0.000035 0.000742 0.000843 
0.000787 0.000103 0.000672 0.000935 
0.000779 0.000093 0.000653 0.000886 
0.000776 0.000077 0.000679 0.000894 
0.000863 0.000142 0.000595 0.001052 
0.000827 0.000143 0.000649 0.001026 
0.000820 0.000037 0.000768 0.000867 
0.000816 0.000071 0.000668 0.000873 
0.000774 0.000051 0.000699 0.000846 
0.000796 0.000046 0.000733 0.000852 
0.000795 0.000048 0.000725 0.000853 
0.000841 0.000101 0.000756 0.001046 
0.000870 0.000047 0.000802 0.000947 
0.000892 0.000109 0.000716 0.000993 
0.000818 0.000111 0.000716 0.001011 
0.000849 0.000091 0.000711 0.000965 
0.000781 0.000050 0.000695 0.000836 
0.000979 0.000119 0.000799 0.001138 
0.000796 0.000040 0.000744 0.000849 
0.000984 0.000118 0.000805 0.001103 
0.000863 0.000059 0.000742 0.000919 
0.000919 0.000089 0.000792 0.001045 
0.000731 0.000038 0.000672 0.000782 
0.000942 0.000128 0.000787 0.001111 
0.000795 0.000041 0.000760 0.000869 
0.000747 0.000034 0.000689 0.000797 
0.000765 0.000020 0.000738 0.000792 
0.000855 0.000044 0.000799 0.000913 
0.000807 0.000035 0.000767 0.000849 
0.000865 0.000068 0.000756 0.000941 
0.000848 0.000031 0.000815 0.000903 
0.000749 0.000046 0.000693 0.000812 
0.000837 0.000072 0.000773 0.000943 
0.000860 0.000119 0.000781 0.001121 
0.000756 0.000020 0.000725 0.000777 
0.000818 0.000059 0.000750 0.000902 
0.000685 0.000038 0.000638 0.000745 
0.000608 0.000032 0.000582 0.000674 
0.000615 0.000043 0.000570 0.000676 
0.000639 0.000057 0.000555 0.000699 
0.000619 0.000059 0.000560 0.000705 
0.000623 0.000049 0.000568 0.000699 
0.000590 0.000014 0.000567 0.000613 
0.000617 0.000039 0.000582 0.000684 
0.000615 0.000047 0.000549 0.000660 
0.000653 0.000040 0.000595 0.000712 
0.000629 0.000034 0.000576 0.000665 
0.000622 0.000060 0.000566 0.000730 
0.000623 0.000056 0.000562 0.000695 
0.000606 0.000020 0.000575 0.000631 
0.000648 0.000036 0.000620 0.000709 
0.000647 0.000030 0.000608 0.000695 
0.000609 0.000014 0.000590 0.000631 
0.000601 0.000016 0.000573 0.000620 
0.000618 0.000024 0.000593 0.000657 
0.000622 0.000030 0.000588 0.000673 
0.000660 0.000031 0.000621 0.000702 
0.000609 0.000018 0.000588 0.000633 
0.000589 0.000013 0.000575 0.000611 
0.000615 0.000012 0.000595 0.000628 
0.000630 0.000022 0.000606 0.000673 
0.000592 0.000014 0.000577 0.000615 
0.000775 0.000164 0.000583 0.001074 
0.000672 0.000087 0.000556 0.000764 
0.000691 0.000094 0.000553 0.000814 
0.000704 0.000114 0.000558 0.000829 
0.000641 0.000039 0.000598 0.000707 
0.000660 0.000046 0.000605 0.000720 
0.000694 0.000104 0.000538 0.000853 
0.000581 0.000023 0.000557 0.000615 
0.000680 0.000063 0.000555 0.000738 
0.000674 0.000121 0.000566 0.000850 
0.000612 0.000021 0.000588 0.000651 
0.000710 0.000073 0.000556 0.000768 
0.000734 0.000085 0.000552 0.000799 
0.000658 0.000091 0.000585 0.000792 
0.000785 0.000082 0.000674 0.000892 
0.000811 0.000040 0.000744 0.000856 
0.000831 0.000073 0.000749 0.000945 
0.000796 0.000057 0.000728 0.000875 
0.000806 0.000047 0.000732 0.000866 
0.000835 0.000068 0.000747 0.000931 
0.000814 0.000049 0.000737 0.000867 
0.000769 0.000059 0.000675 0.000855 
0.000808 0.000059 0.000701 0.000875 
0.000773 0.000074 0.000686 0.000889 
0.000797 0.000074 0.000695 0.000886 
0.000791 0.000078 0.000688 0.000940 
0.000819 0.000052 0.000752 0.000899 
