0.000661 0.000021 0.000629 0.000725 
0.000685 0.000024 0.000647 0.000751 
0.000652 0.000020 0.000626 0.000716 
0.000662 0.000026 0.000622 0.000738 
0.000646 0.000022 0.000612 0.000701 
0.000663 0.000024 0.000625 0.000734 
0.000659 0.000022 0.000630 0.000719 
0.000670 0.000020 0.000641 0.000720 
0.000677 0.000019 0.000648 0.000724 
0.000664 0.000022 0.000634 0.000716 
0.000665 0.000021 0.000630 0.000728 
0.000679 0.000019 0.000648 0.000719 
0.000658 0.000030 0.000612 0.000741 
0.000613 0.000023 0.000574 0.000665 
0.000630 0.000031 0.000581 0.000718 
0.000642 0.000035 0.000593 0.000736 
0.000644 0.000029 0.000602 0.000728 
0.000626 0.000032 0.000583 0.000719 
0.000623 0.000025 0.000580 0.000700 
0.000631 0.000042 0.000580 0.000768 
0.000620 0.000033 0.000567 0.000715 
0.000633 0.000033 0.000572 0.000706 
0.000637 0.000031 0.000588 0.000734 
0.000623 0.000034 0.000570 0.000723 
0.000634 0.000034 0.000586 0.000723 
0.000636 0.000030 0.000589 0.000706 
0.000656 0.000014 0.000634 0.000698 
0.000660 0.000020 0.000627 0.000702 
0.000643 0.000019 0.000606 0.000699 
0.000640 0.000027 0.000594 0.000711 
0.000640 0.000026 0.000605 0.000710 
0.000642 0.000019 0.000606 0.000683 
0.000644 0.000018 0.000621 0.000694 
0.000659 0.000013 0.000641 0.000691 
0.000638 0.000019 0.000620 0.000702 
0.000631 0.000022 0.000593 0.000692 
0.000644 0.000015 0.000622 0.000714 
0.000670 0.000024 0.000636 0.000731 
0.000675 0.000033 0.000633 0.000757 
0.000668 0.000033 0.000622 0.000751 
0.000678 0.000030 0.000633 0.000761 
0.000671 0.000026 0.000640 0.000744 
0.000663 0.000037 0.000609 0.000741 
0.000659 0.000025 0.000618 0.000720 
0.000675 0.000028 0.000629 0.000730 
0.000673 0.000021 0.000645 0.000732 
0.000664 0.000026 0.000631 0.000726 
0.000673 0.000027 0.000626 0.000744 
0.000673 0.000036 0.000629 0.000757 
0.000670 0.000028 0.000629 0.000740 
0.000682 0.000026 0.000643 0.000744 
0.000661 0.000026 0.000618 0.000720 
0.000682 0.000020 0.000649 0.000733 
0.000682 0.000027 0.000647 0.000748 
0.000664 0.000024 0.000633 0.000726 
0.000678 0.000032 0.000630 0.000744 
0.000685 0.000025 0.000646 0.000739 
0.000681 0.000036 0.000635 0.000764 
0.000685 0.000028 0.000642 0.000754 
0.000666 0.000027 0.000619 0.000730 
0.000620 0.000021 0.000585 0.000668 
0.000625 0.000018 0.000592 0.000661 
0.000629 0.000023 0.000585 0.000678 
0.000629 0.000026 0.000581 0.000684 
0.000605 0.000021 0.000572 0.000665 
0.000628 0.000028 0.000574 0.000684 
0.000620 0.000022 0.000589 0.000672 
0.000623 0.000024 0.000592 0.000693 
0.000623 0.000025 0.000574 0.000679 
0.000602 0.000020 0.000568 0.000664 
0.000673 0.000029 0.000631 0.000747 
0.000662 0.000022 0.000626 0.000719 
0.000678 0.000032 0.000633 0.000780 
0.000681 0.000036 0.000625 0.000795 
0.000648 0.000022 0.000614 0.000710 
0.000665 0.000032 0.000613 0.000748 
0.000696 0.000032 0.000646 0.000785 
0.000673 0.000029 0.000626 0.000758 
0.000683 0.000027 0.000637 0.000741 
0.000685 0.000027 0.000643 0.000766 
0.000688 0.000028 0.000646 0.000767 
0.000683 0.000033 0.000636 0.000762 
0.000680 0.000030 0.000628 0.000765 
0.000663 0.000033 0.000622 0.000801 
0.000679 0.000035 0.000635 0.000771 
0.000662 0.000029 0.000612 0.000738 
0.000670 0.000031 0.000629 0.000743 
0.000705 0.000026 0.000671 0.000819 
0.000697 0.000019 0.000663 0.000744 
0.000689 0.000030 0.000644 0.000798 
0.000682 0.000027 0.000654 0.000825 
0.000676 0.000030 0.000646 0.000847 
0.000689 0.000016 0.000663 0.000731 
0.000694 0.000021 0.000653 0.000742 
0.000678 0.000026 0.000651 0.000752 
0.000666 0.000027 0.000635 0.000805 
0.000683 0.000024 0.000647 0.000743 
0.000675 0.000027 0.000636 0.000732 
0.000664 0.000028 0.000626 0.000756 
0.000685 0.000029 0.000638 0.000774 
0.000636 0.000032 0.000587 0.000715 
0.000656 0.000033 0.000611 0.000770 
0.000637 0.000033 0.000592 0.000720 
0.000648 0.000036 0.000601 0.000754 
0.000606 0.000037 0.000544 0.000752 
0.000623 0.000029 0.000547 0.000698 
0.000604 0.000031 0.000548 0.000677 
0.000648 0.000034 0.000593 0.000748 
0.000636 0.000028 0.000587 0.000702 
0.000640 0.000039 0.000573 0.000733 
0.000671 0.000038 0.000613 0.000760 
0.000660 0.000028 0.000625 0.000748 
0.000640 0.000027 0.000599 0.000717 
0.000638 0.000029 0.000599 0.000725 
0.000695 0.000022 0.000660 0.000748 
0.000619 0.000031 0.000547 0.000693 
0.000635 0.000028 0.000598 0.000704 
0.000628 0.000028 0.000593 0.000705 
0.000648 0.000032 0.000591 0.000725 
0.000625 0.000037 0.000576 0.000723 
0.000670 0.000025 0.000628 0.000738 
0.000640 0.000030 0.000585 0.000712 
0.000642 0.000014 0.000615 0.000676 
0.000645 0.000026 0.000602 0.000714 
0.000632 0.000039 0.000573 0.000729 
0.000651 0.000032 0.000606 0.000731 
0.000647 0.000023 0.000608 0.000706 
0.000707 0.000031 0.000665 0.000868 
0.000714 0.000040 0.000661 0.000975 
0.000692 0.000036 0.000646 0.000915 
0.000710 0.000048 0.000631 0.001055 
0.000697 0.000025 0.000649 0.000839 
0.000681 0.000020 0.000642 0.000748 
0.000670 0.000031 0.000643 0.000857 
0.000713 0.000041 0.000642 0.000857 
0.000690 0.000031 0.000648 0.000876 
0.000697 0.000033 0.000645 0.000850 
0.000710 0.000033 0.000666 0.000880 
0.000723 0.000049 0.000665 0.001000 
0.000666 0.000023 0.000624 0.000725 
0.000628 0.000019 0.000599 0.000683 
0.000646 0.000025 0.000597 0.000691 
0.000652 0.000022 0.000606 0.000708 
0.000642 0.000021 0.000606 0.000695 
0.000628 0.000032 0.000585 0.000695 
0.000643 0.000020 0.000604 0.000692 
0.000654 0.000023 0.000613 0.000700 
0.000632 0.000023 0.000596 0.000682 
0.000654 0.000023 0.000611 0.000696 
0.000656 0.000026 0.000601 0.000718 
0.000666 0.000016 0.000639 0.000720 
0.000649 0.000025 0.000603 0.000712 
0.000712 0.000022 0.000682 0.000804 
0.000740 0.000018 0.000709 0.000801 
0.000728 0.000017 0.000701 0.000782 
0.000744 0.000021 0.000688 0.000798 
0.000702 0.000019 0.000670 0.000757 
0.000718 0.000014 0.000697 0.000767 
0.000731 0.000013 0.000714 0.000772 
0.000747 0.000013 0.000726 0.000773 
0.000707 0.000012 0.000686 0.000736 
0.000717 0.000021 0.000683 0.000785 
0.000705 0.000018 0.000677 0.000780 
0.000727 0.000011 0.000706 0.000759 
0.000699 0.000017 0.000673 0.000740 
0.000670 0.000030 0.000619 0.000745 
0.000674 0.000020 0.000642 0.000730 
0.000650 0.000021 0.000607 0.000697 
0.000658 0.000020 0.000618 0.000700 
0.000647 0.000019 0.000613 0.000685 
0.000645 0.000031 0.000584 0.000707 
0.000655 0.000027 0.000602 0.000720 
0.000646 0.000024 0.000607 0.000715 
0.000645 0.000019 0.000619 0.000693 
0.000649 0.000024 0.000607 0.000711 
0.000634 0.000022 0.000574 0.000704 
0.000664 0.000015 0.000627 0.000692 
0.000653 0.000023 0.000609 0.000699 
0.000662 0.000022 0.000625 0.000706 
0.000715 0.000013 0.000687 0.000756 
0.000683 0.000017 0.000648 0.000724 
0.000679 0.000016 0.000660 0.000765 
0.000687 0.000014 0.000668 0.000745 
0.000691 0.000018 0.000663 0.000733 
0.000655 0.000029 0.000611 0.000758 
0.000684 0.000016 0.000656 0.000732 
0.000659 0.000024 0.000624 0.000770 
0.000705 0.000012 0.000681 0.000733 
0.000669 0.000027 0.000633 0.000749 
0.000697 0.000013 0.000680 0.000751 
0.000684 0.000016 0.000657 0.000730 
0.000681 0.000021 0.000645 0.000754 
