0.000642 0.000086 0.000510 0.001018 
0.000633 0.000075 0.000511 0.000944 
0.000632 0.000082 0.000497 0.001016 
0.000638 0.000093 0.000505 0.001079 
0.000630 0.000098 0.000493 0.001015 
0.000623 0.000077 0.000486 0.000977 
0.000645 0.000094 0.000514 0.001038 
0.000640 0.000077 0.000529 0.000987 
0.000630 0.000077 0.000512 0.000982 
0.000623 0.000083 0.000494 0.000981 
0.000635 0.000081 0.000495 0.000958 
0.000613 0.000074 0.000507 0.000945 
0.000640 0.000109 0.000496 0.001087 
0.000595 0.000088 0.000486 0.000960 
0.000606 0.000089 0.000480 0.000990 
0.000622 0.000079 0.000510 0.000920 
0.000606 0.000085 0.000493 0.000929 
0.000618 0.000095 0.000488 0.001085 
0.000588 0.000083 0.000474 0.000872 
0.000617 0.000079 0.000477 0.000895 
0.000603 0.000103 0.000478 0.001016 
0.000606 0.000089 0.000495 0.000933 
0.000601 0.000085 0.000494 0.000939 
0.000590 0.000068 0.000493 0.000844 
0.000604 0.000080 0.000488 0.000973 
0.000600 0.000081 0.000491 0.000937 
0.000656 0.000093 0.000547 0.001032 
0.000611 0.000064 0.000522 0.000902 
0.000659 0.000106 0.000527 0.001156 
0.000667 0.000091 0.000538 0.001063 
0.000661 0.000085 0.000509 0.001005 
0.000663 0.000096 0.000513 0.001036 
0.000662 0.000105 0.000525 0.000990 
0.000662 0.000095 0.000535 0.001165 
0.000633 0.000086 0.000509 0.001041 
0.000670 0.000135 0.000514 0.001285 
0.000661 0.000096 0.000518 0.001072 
0.000645 0.000089 0.000546 0.001095 
0.000659 0.000103 0.000528 0.001082 
0.000652 0.000101 0.000519 0.001103 
0.000674 0.000120 0.000553 0.001256 
0.000669 0.000132 0.000533 0.001262 
0.000655 0.000090 0.000523 0.001130 
0.000637 0.000104 0.000524 0.001049 
0.000669 0.000117 0.000554 0.001200 
0.000656 0.000117 0.000527 0.001211 
0.000696 0.000135 0.000535 0.001307 
0.000642 0.000092 0.000519 0.001078 
0.000665 0.000120 0.000528 0.001298 
0.000669 0.000109 0.000537 0.001050 
0.000681 0.000108 0.000526 0.001222 
0.000690 0.000115 0.000534 0.001099 
0.000682 0.000122 0.000542 0.001289 
0.000700 0.000097 0.000551 0.001059 
0.000684 0.000122 0.000542 0.001109 
0.000708 0.000143 0.000510 0.001240 
0.000685 0.000126 0.000528 0.001339 
0.000668 0.000107 0.000533 0.001228 
0.000684 0.000103 0.000537 0.001176 
0.000661 0.000081 0.000544 0.000966 
0.000630 0.000070 0.000522 0.000919 
0.000616 0.000074 0.000506 0.000954 
0.000623 0.000092 0.000480 0.001028 
0.000620 0.000070 0.000503 0.000969 
0.000592 0.000061 0.000494 0.000885 
0.000612 0.000066 0.000490 0.000893 
0.000624 0.000077 0.000500 0.000938 
0.000583 0.000073 0.000462 0.000951 
0.000594 0.000077 0.000459 0.000897 
0.000594 0.000077 0.000482 0.000951 
0.000662 0.000095 0.000523 0.001038 
0.000681 0.000121 0.000528 0.001263 
0.000661 0.000118 0.000520 0.001157 
0.000674 0.000111 0.000512 0.001196 
0.000698 0.000151 0.000515 0.001276 
0.000681 0.000093 0.000534 0.001078 
0.000699 0.000114 0.000552 0.001205 
0.000679 0.000098 0.000538 0.001068 
0.000667 0.000121 0.000509 0.001145 
0.000693 0.000123 0.000539 0.001228 
0.000675 0.000106 0.000508 0.001072 
0.000691 0.000110 0.000552 0.001195 
0.000684 0.000097 0.000547 0.001090 
0.000654 0.000102 0.000529 0.001076 
0.000722 0.000170 0.000517 0.001417 
0.000666 0.000123 0.000529 0.001161 
0.000666 0.000141 0.000533 0.001343 
0.000653 0.000094 0.000538 0.001126 
0.000660 0.000085 0.000541 0.001062 
0.000644 0.000074 0.000536 0.000928 
0.000662 0.000103 0.000524 0.001117 
0.000657 0.000115 0.000525 0.001090 
0.000669 0.000114 0.000543 0.001177 
0.000662 0.000094 0.000538 0.001096 
0.000649 0.000101 0.000529 0.001082 
0.000664 0.000123 0.000521 0.001205 
0.000626 0.000068 0.000534 0.000978 
0.000692 0.000116 0.000549 0.001172 
0.000656 0.000092 0.000526 0.001026 
0.000671 0.000089 0.000532 0.001106 
0.000646 0.000118 0.000509 0.001140 
0.000655 0.000115 0.000516 0.001153 
0.000669 0.000120 0.000515 0.001210 
0.000655 0.000099 0.000473 0.001053 
0.000668 0.000118 0.000519 0.001149 
0.000659 0.000119 0.000505 0.001194 
0.000670 0.000129 0.000497 0.001163 
0.000646 0.000099 0.000518 0.001125 
0.000634 0.000099 0.000506 0.001080 
0.000643 0.000101 0.000511 0.001080 
0.000664 0.000128 0.000514 0.001174 
0.000658 0.000146 0.000512 0.001214 
0.000699 0.000185 0.000508 0.001451 
0.000662 0.000100 0.000515 0.001089 
0.000652 0.000092 0.000504 0.001046 
0.000662 0.000113 0.000504 0.001071 
0.000659 0.000120 0.000494 0.001094 
0.000689 0.000122 0.000506 0.001083 
0.000651 0.000099 0.000498 0.000998 
0.000680 0.000137 0.000470 0.001159 
0.000663 0.000096 0.000504 0.001075 
0.000647 0.000075 0.000540 0.000981 
0.000648 0.000088 0.000526 0.001063 
0.000653 0.000107 0.000500 0.001057 
0.000661 0.000100 0.000509 0.001058 
0.000655 0.000107 0.000498 0.001053 
0.000646 0.000120 0.000498 0.001061 
0.000662 0.000074 0.000561 0.000939 
0.000652 0.000092 0.000522 0.001111 
0.000657 0.000071 0.000533 0.000892 
0.000664 0.000108 0.000513 0.001099 
0.000673 0.000081 0.000551 0.001030 
0.000661 0.000087 0.000533 0.001002 
0.000621 0.000085 0.000489 0.000947 
0.000658 0.000085 0.000527 0.001026 
0.000633 0.000073 0.000514 0.000941 
0.000649 0.000073 0.000532 0.000849 
0.000668 0.000094 0.000505 0.001003 
0.000663 0.000081 0.000557 0.000979 
0.000681 0.000104 0.000518 0.001139 
0.000650 0.000074 0.000518 0.000930 
0.000675 0.000107 0.000512 0.001050 
0.000689 0.000127 0.000518 0.001265 
0.000677 0.000102 0.000520 0.001109 
0.000651 0.000106 0.000511 0.001154 
0.000644 0.000095 0.000520 0.001088 
0.000690 0.000106 0.000519 0.001032 
0.000646 0.000077 0.000498 0.000922 
0.000682 0.000088 0.000506 0.001144 
0.000658 0.000102 0.000515 0.001016 
0.000664 0.000096 0.000509 0.001103 
0.000663 0.000119 0.000503 0.001076 
0.000653 0.000066 0.000535 0.000881 
0.000672 0.000064 0.000552 0.000868 
0.000664 0.000079 0.000533 0.000919 
0.000712 0.000086 0.000577 0.001036 
0.000674 0.000077 0.000542 0.000972 
0.000664 0.000050 0.000553 0.000783 
0.000670 0.000059 0.000545 0.000842 
0.000658 0.000058 0.000527 0.000844 
0.000636 0.000068 0.000528 0.000828 
0.000671 0.000082 0.000497 0.000915 
0.000651 0.000055 0.000531 0.000813 
0.000656 0.000070 0.000529 0.000880 
0.000624 0.000061 0.000525 0.000873 
0.000646 0.000097 0.000509 0.001065 
0.000631 0.000084 0.000524 0.001022 
0.000621 0.000087 0.000488 0.000987 
0.000653 0.000103 0.000525 0.001169 
0.000634 0.000088 0.000505 0.000956 
0.000640 0.000089 0.000504 0.001050 
0.000634 0.000065 0.000509 0.000898 
0.000623 0.000071 0.000506 0.000985 
0.000632 0.000098 0.000505 0.001085 
0.000629 0.000084 0.000507 0.001039 
0.000636 0.000108 0.000499 0.001091 
0.000635 0.000089 0.000506 0.001016 
0.000639 0.000079 0.000517 0.001064 
0.000625 0.000083 0.000514 0.000981 
0.000697 0.000083 0.000509 0.000989 
0.000671 0.000073 0.000557 0.001011 
0.000650 0.000064 0.000543 0.000907 
0.000693 0.000076 0.000554 0.001002 
0.000702 0.000072 0.000561 0.001074 
0.000674 0.000088 0.000522 0.001006 
0.000688 0.000105 0.000532 0.001077 
0.000696 0.000088 0.000557 0.001018 
0.000708 0.000121 0.000543 0.001164 
0.000676 0.000072 0.000560 0.000942 
0.000671 0.000067 0.000557 0.000944 
0.000706 0.000094 0.000551 0.001134 
0.000668 0.000093 0.000517 0.001080 
