0.000631 0.000070 0.000493 0.001074 
0.000645 0.000084 0.000486 0.001190 
0.000637 0.000066 0.000506 0.001140 
0.000631 0.000065 0.000503 0.001091 
0.000636 0.000080 0.000479 0.001318 
0.000633 0.000066 0.000497 0.001063 
0.000639 0.000072 0.000511 0.001158 
0.000633 0.000064 0.000489 0.001123 
0.000625 0.000075 0.000484 0.001129 
0.000633 0.000071 0.000488 0.001091 
0.000644 0.000072 0.000504 0.001154 
0.000641 0.000070 0.000508 0.001166 
0.000623 0.000070 0.000490 0.001111 
0.000596 0.000088 0.000475 0.001437 
0.000618 0.000088 0.000475 0.001406 
0.000622 0.000087 0.000492 0.001194 
0.000616 0.000071 0.000504 0.001188 
0.000607 0.000080 0.000468 0.001184 
0.000603 0.000086 0.000492 0.001241 
0.000616 0.000089 0.000473 0.001307 
0.000586 0.000083 0.000452 0.001177 
0.000599 0.000082 0.000467 0.001207 
0.000595 0.000075 0.000478 0.001082 
0.000597 0.000083 0.000471 0.001284 
0.000607 0.000080 0.000463 0.001171 
0.000609 0.000076 0.000474 0.001252 
0.000611 0.000060 0.000503 0.001027 
0.000594 0.000078 0.000473 0.001394 
0.000602 0.000058 0.000505 0.001023 
0.000591 0.000061 0.000484 0.001045 
0.000596 0.000064 0.000463 0.001100 
0.000583 0.000068 0.000478 0.001022 
0.000596 0.000064 0.000483 0.001072 
0.000603 0.000066 0.000484 0.001032 
0.000613 0.000066 0.000505 0.001384 
0.000585 0.000068 0.000474 0.001148 
0.000612 0.000063 0.000512 0.001136 
0.000677 0.000076 0.000551 0.001123 
0.000665 0.000072 0.000522 0.001165 
0.000677 0.000075 0.000536 0.001152 
0.000657 0.000071 0.000495 0.001081 
0.000666 0.000072 0.000541 0.001121 
0.000645 0.000066 0.000483 0.001043 
0.000653 0.000073 0.000520 0.001166 
0.000657 0.000068 0.000515 0.001300 
0.000664 0.000070 0.000525 0.001125 
0.000659 0.000063 0.000512 0.001049 
0.000661 0.000071 0.000512 0.001136 
0.000657 0.000065 0.000519 0.001118 
0.000698 0.000107 0.000533 0.001506 
0.000699 0.000108 0.000525 0.001543 
0.000675 0.000099 0.000513 0.001356 
0.000704 0.000092 0.000531 0.001485 
0.000665 0.000091 0.000514 0.001366 
0.000683 0.000114 0.000526 0.001514 
0.000663 0.000100 0.000524 0.001377 
0.000688 0.000104 0.000534 0.001483 
0.000692 0.000095 0.000545 0.001405 
0.000702 0.000099 0.000531 0.001322 
0.000680 0.000107 0.000516 0.001722 
0.000603 0.000063 0.000486 0.000995 
0.000605 0.000067 0.000484 0.000954 
0.000609 0.000061 0.000472 0.001051 
0.000616 0.000071 0.000473 0.001172 
0.000602 0.000066 0.000473 0.001007 
0.000595 0.000064 0.000487 0.001190 
0.000607 0.000067 0.000487 0.001202 
0.000600 0.000073 0.000475 0.000999 
0.000581 0.000069 0.000429 0.001124 
0.000605 0.000070 0.000474 0.001214 
0.000661 0.000085 0.000525 0.001400 
0.000628 0.000073 0.000495 0.001114 
0.000640 0.000085 0.000494 0.001445 
0.000641 0.000090 0.000486 0.001509 
0.000628 0.000079 0.000482 0.001383 
0.000633 0.000084 0.000488 0.001385 
0.000643 0.000076 0.000492 0.001250 
0.000658 0.000084 0.000488 0.001356 
0.000646 0.000075 0.000493 0.001144 
0.000645 0.000090 0.000476 0.001189 
0.000654 0.000079 0.000507 0.001157 
0.000655 0.000081 0.000482 0.001085 
0.000640 0.000074 0.000487 0.001193 
0.000647 0.000084 0.000512 0.001402 
0.000632 0.000074 0.000470 0.001154 
0.000636 0.000087 0.000476 0.001430 
0.000619 0.000063 0.000492 0.001039 
0.000607 0.000071 0.000464 0.001227 
0.000618 0.000071 0.000497 0.001218 
0.000629 0.000067 0.000510 0.001167 
0.000629 0.000064 0.000478 0.001006 
0.000614 0.000063 0.000504 0.001098 
0.000634 0.000066 0.000502 0.001020 
0.000635 0.000069 0.000519 0.001116 
0.000626 0.000064 0.000512 0.001145 
0.000628 0.000072 0.000498 0.001160 
0.000630 0.000071 0.000501 0.001158 
0.000625 0.000060 0.000493 0.001012 
0.000621 0.000064 0.000497 0.001033 
0.000626 0.000071 0.000497 0.001245 
0.000682 0.000078 0.000504 0.001236 
0.000681 0.000082 0.000504 0.001332 
0.000677 0.000084 0.000510 0.001259 
0.000721 0.000090 0.000527 0.001452 
0.000711 0.000089 0.000522 0.001299 
0.000677 0.000078 0.000513 0.001184 
0.000677 0.000089 0.000458 0.001287 
0.000692 0.000086 0.000505 0.001344 
0.000685 0.000080 0.000506 0.001266 
0.000676 0.000090 0.000507 0.001405 
0.000688 0.000076 0.000527 0.001164 
0.000674 0.000074 0.000525 0.001114 
0.000671 0.000075 0.000460 0.001261 
0.000699 0.000079 0.000531 0.001371 
0.000656 0.000089 0.000503 0.001357 
0.000642 0.000077 0.000507 0.001134 
0.000651 0.000084 0.000483 0.001233 
0.000659 0.000081 0.000504 0.001151 
0.000658 0.000077 0.000511 0.001278 
0.000646 0.000089 0.000485 0.001206 
0.000675 0.000089 0.000515 0.001189 
0.000658 0.000086 0.000486 0.001224 
0.000666 0.000095 0.000501 0.001210 
0.000648 0.000079 0.000507 0.001147 
0.000671 0.000075 0.000520 0.001088 
0.000676 0.000100 0.000518 0.001428 
0.000666 0.000086 0.000504 0.001298 
0.000672 0.000064 0.000533 0.001177 
0.000660 0.000066 0.000539 0.001078 
0.000658 0.000083 0.000513 0.001237 
0.000657 0.000065 0.000525 0.001109 
0.000668 0.000064 0.000519 0.001011 
0.000652 0.000076 0.000519 0.001090 
0.000655 0.000075 0.000516 0.001102 
0.000649 0.000066 0.000529 0.001121 
0.000674 0.000084 0.000521 0.001253 
0.000685 0.000073 0.000564 0.001246 
0.000651 0.000070 0.000511 0.001107 
0.000675 0.000078 0.000543 0.001190 
0.000709 0.000113 0.000513 0.001383 
0.000708 0.000119 0.000479 0.001564 
0.000696 0.000113 0.000498 0.001392 
0.000708 0.000110 0.000504 0.001413 
0.000710 0.000110 0.000508 0.001347 
0.000688 0.000110 0.000489 0.001418 
0.000693 0.000106 0.000513 0.001430 
0.000722 0.000121 0.000521 0.001428 
0.000687 0.000117 0.000474 0.001438 
0.000674 0.000102 0.000434 0.001305 
0.000697 0.000112 0.000493 0.001456 
0.000712 0.000112 0.000486 0.001380 
0.000693 0.000107 0.000495 0.001370 
0.000648 0.000068 0.000508 0.000986 
0.000655 0.000067 0.000528 0.001090 
0.000640 0.000066 0.000515 0.000926 
0.000632 0.000064 0.000512 0.001047 
0.000624 0.000054 0.000510 0.001042 
0.000638 0.000066 0.000512 0.000973 
0.000646 0.000071 0.000521 0.001120 
0.000639 0.000072 0.000521 0.001133 
0.000630 0.000068 0.000510 0.001152 
0.000632 0.000061 0.000503 0.000967 
0.000661 0.000068 0.000534 0.000977 
0.000643 0.000058 0.000513 0.000993 
0.000631 0.000079 0.000501 0.001271 
0.000608 0.000072 0.000474 0.001220 
0.000592 0.000077 0.000469 0.001235 
0.000603 0.000066 0.000483 0.001077 
0.000602 0.000063 0.000475 0.001239 
0.000611 0.000068 0.000474 0.001281 
0.000613 0.000068 0.000478 0.001165 
0.000606 0.000063 0.000486 0.000973 
0.000592 0.000061 0.000467 0.001166 
0.000602 0.000081 0.000450 0.001182 
0.000600 0.000069 0.000463 0.001106 
0.000606 0.000069 0.000477 0.001134 
0.000597 0.000079 0.000458 0.001187 
0.000606 0.000065 0.000465 0.001064 
0.000624 0.000074 0.000500 0.001259 
0.000674 0.000079 0.000496 0.001198 
0.000663 0.000085 0.000502 0.001037 
0.000706 0.000092 0.000520 0.001161 
0.000699 0.000082 0.000525 0.001127 
0.000683 0.000078 0.000526 0.001289 
0.000689 0.000094 0.000496 0.001198 
0.000695 0.000100 0.000465 0.001237 
0.000665 0.000082 0.000488 0.001171 
0.000679 0.000089 0.000506 0.001137 
0.000696 0.000096 0.000497 0.001070 
0.000680 0.000094 0.000479 0.001098 
0.000652 0.000085 0.000490 0.001218 
0.000667 0.000099 0.000467 0.001122 
