0.000544 0.000095 0.000436 0.000896 
0.000514 0.000074 0.000428 0.000881 
0.000499 0.000081 0.000405 0.000929 
0.000505 0.000096 0.000415 0.000906 
0.000512 0.000088 0.000397 0.000850 
0.000533 0.000114 0.000400 0.000957 
0.000509 0.000074 0.000431 0.000817 
0.000525 0.000087 0.000431 0.000921 
0.000516 0.000091 0.000411 0.000884 
0.000505 0.000097 0.000408 0.000939 
0.000513 0.000096 0.000410 0.000953 
0.000529 0.000133 0.000335 0.000986 
0.000516 0.000086 0.000426 0.000861 
0.000553 0.000205 0.000368 0.001315 
0.000561 0.000176 0.000414 0.001197 
0.000592 0.000215 0.000398 0.001345 
0.000525 0.000141 0.000405 0.001248 
0.000514 0.000126 0.000412 0.001078 
0.000535 0.000145 0.000408 0.001076 
0.000500 0.000127 0.000371 0.001001 
0.000498 0.000109 0.000345 0.000977 
0.000543 0.000156 0.000417 0.001239 
0.000512 0.000129 0.000394 0.001280 
0.000553 0.000148 0.000407 0.001183 
0.000559 0.000164 0.000408 0.001192 
0.000561 0.000178 0.000405 0.001312 
0.000540 0.000087 0.000440 0.001102 
0.000533 0.000076 0.000458 0.001110 
0.000511 0.000088 0.000433 0.001075 
0.000528 0.000069 0.000434 0.001080 
0.000556 0.000117 0.000437 0.001249 
0.000533 0.000105 0.000424 0.001161 
0.000516 0.000072 0.000428 0.001043 
0.000560 0.000101 0.000436 0.001063 
0.000579 0.000160 0.000419 0.001116 
0.000538 0.000084 0.000457 0.001201 
0.000540 0.000096 0.000443 0.001101 
0.000565 0.000123 0.000444 0.001361 
0.000566 0.000143 0.000451 0.001369 
0.000567 0.000111 0.000451 0.001143 
0.000595 0.000111 0.000412 0.001121 
0.000581 0.000096 0.000480 0.001011 
0.000569 0.000091 0.000464 0.000965 
0.000576 0.000128 0.000438 0.001201 
0.000574 0.000106 0.000470 0.001039 
0.000566 0.000114 0.000441 0.001075 
0.000574 0.000135 0.000466 0.001480 
0.000566 0.000116 0.000452 0.001131 
0.000558 0.000107 0.000441 0.001096 
0.000538 0.000092 0.000445 0.000946 
0.000533 0.000103 0.000456 0.001133 
0.000527 0.000086 0.000440 0.001023 
0.000524 0.000068 0.000436 0.000953 
0.000539 0.000087 0.000454 0.001018 
0.000540 0.000089 0.000451 0.001092 
0.000519 0.000075 0.000458 0.000881 
0.000552 0.000072 0.000465 0.000948 
0.000518 0.000047 0.000438 0.000774 
0.000566 0.000095 0.000464 0.000983 
0.000550 0.000089 0.000465 0.001192 
0.000553 0.000090 0.000455 0.000984 
0.000553 0.000129 0.000430 0.001294 
0.000539 0.000079 0.000425 0.000914 
0.000612 0.000155 0.000415 0.001463 
0.000514 0.000091 0.000409 0.001122 
0.000545 0.000098 0.000433 0.000994 
0.000534 0.000098 0.000403 0.001011 
0.000541 0.000113 0.000386 0.001146 
0.000540 0.000074 0.000413 0.000934 
0.000503 0.000091 0.000371 0.000993 
0.000543 0.000066 0.000470 0.000854 
0.000534 0.000062 0.000465 0.000820 
0.000566 0.000078 0.000458 0.000842 
0.000580 0.000079 0.000486 0.000976 
0.000537 0.000079 0.000447 0.000850 
0.000541 0.000059 0.000457 0.000795 
0.000597 0.000087 0.000491 0.001042 
0.000572 0.000066 0.000482 0.000831 
0.000541 0.000074 0.000430 0.000858 
0.000565 0.000079 0.000474 0.000857 
0.000548 0.000086 0.000454 0.000925 
0.000573 0.000086 0.000466 0.000900 
0.000576 0.000061 0.000480 0.000776 
0.000582 0.000069 0.000490 0.000876 
0.000568 0.000093 0.000459 0.000987 
0.000576 0.000047 0.000499 0.000803 
0.000519 0.000074 0.000392 0.000747 
0.000566 0.000096 0.000426 0.000902 
0.000602 0.000123 0.000406 0.000995 
0.000589 0.000162 0.000372 0.001078 
0.000633 0.000137 0.000387 0.001019 
0.000636 0.000122 0.000435 0.001036 
0.000627 0.000120 0.000413 0.000970 
0.000585 0.000140 0.000393 0.000965 
0.000603 0.000122 0.000395 0.000997 
0.000490 0.000100 0.000372 0.000913 
0.000595 0.000152 0.000343 0.001003 
0.000580 0.000104 0.000440 0.000932 
0.000573 0.000164 0.000359 0.000984 
0.000554 0.000119 0.000404 0.001027 
0.000584 0.000132 0.000399 0.000996 
0.000588 0.000119 0.000448 0.001136 
0.000647 0.000170 0.000453 0.001136 
0.000680 0.000121 0.000484 0.001031 
0.000608 0.000153 0.000394 0.001147 
0.000574 0.000170 0.000403 0.001140 
0.000524 0.000136 0.000397 0.001077 
0.000607 0.000136 0.000446 0.001141 
0.000577 0.000130 0.000445 0.001087 
0.000607 0.000162 0.000435 0.001147 
0.000593 0.000126 0.000431 0.001177 
0.000577 0.000101 0.000462 0.000997 
0.000596 0.000092 0.000447 0.000881 
0.000552 0.000103 0.000446 0.001053 
0.000486 0.000071 0.000388 0.000819 
0.000511 0.000054 0.000446 0.000749 
0.000502 0.000086 0.000361 0.000955 
0.000512 0.000119 0.000343 0.000943 
0.000578 0.000142 0.000401 0.000999 
0.000467 0.000069 0.000375 0.000851 
0.000517 0.000103 0.000404 0.000903 
0.000526 0.000115 0.000379 0.000887 
0.000485 0.000065 0.000413 0.000722 
0.000489 0.000085 0.000382 0.000850 
0.000509 0.000091 0.000405 0.000967 
0.000567 0.000152 0.000405 0.001019 
0.000482 0.000083 0.000386 0.000746 
0.000536 0.000155 0.000429 0.001204 
0.000544 0.000150 0.000432 0.001216 
0.000534 0.000167 0.000395 0.001075 
0.000492 0.000102 0.000400 0.001006 
0.000522 0.000132 0.000419 0.001081 
0.000523 0.000171 0.000386 0.001200 
0.000613 0.000248 0.000393 0.001279 
0.000501 0.000148 0.000376 0.001131 
0.000612 0.000254 0.000388 0.001369 
0.000595 0.000206 0.000374 0.001254 
0.000528 0.000147 0.000405 0.001171 
0.000591 0.000152 0.000454 0.001207 
0.000567 0.000121 0.000460 0.001084 
0.000565 0.000145 0.000450 0.001257 
0.000603 0.000144 0.000449 0.001121 
0.000559 0.000132 0.000444 0.001185 
0.000561 0.000132 0.000455 0.001108 
0.000554 0.000155 0.000426 0.001265 
0.000541 0.000131 0.000434 0.001127 
0.000527 0.000114 0.000426 0.001075 
0.000598 0.000192 0.000447 0.001278 
0.000556 0.000111 0.000456 0.000997 
0.000533 0.000123 0.000443 0.001227 
0.000545 0.000095 0.000455 0.000904 
0.000565 0.000122 0.000456 0.001063 
0.000505 0.000049 0.000433 0.000753 
0.000501 0.000040 0.000448 0.000647 
0.000482 0.000046 0.000428 0.000742 
0.000502 0.000044 0.000427 0.000692 
0.000476 0.000051 0.000410 0.000700 
0.000508 0.000054 0.000446 0.000710 
0.000475 0.000033 0.000436 0.000611 
0.000491 0.000053 0.000423 0.000742 
0.000457 0.000046 0.000408 0.000671 
0.000469 0.000032 0.000414 0.000596 
0.000468 0.000047 0.000407 0.000651 
0.000486 0.000038 0.000437 0.000666 
0.000468 0.000054 0.000411 0.000693 
0.000511 0.000067 0.000427 0.000797 
0.000549 0.000090 0.000447 0.000884 
0.000518 0.000079 0.000432 0.000871 
0.000516 0.000063 0.000442 0.000874 
0.000509 0.000058 0.000445 0.000832 
0.000490 0.000048 0.000430 0.000683 
0.000515 0.000079 0.000437 0.000817 
0.000501 0.000048 0.000436 0.000682 
0.000540 0.000106 0.000402 0.000910 
0.000536 0.000088 0.000442 0.000829 
0.000513 0.000083 0.000424 0.000899 
0.000517 0.000073 0.000418 0.000779 
0.000519 0.000072 0.000447 0.000941 
0.000533 0.000074 0.000443 0.000832 
0.000619 0.000133 0.000460 0.001029 
0.000598 0.000133 0.000467 0.001372 
0.000576 0.000105 0.000430 0.000903 
0.000558 0.000088 0.000446 0.000883 
0.000603 0.000152 0.000456 0.001187 
0.000630 0.000155 0.000426 0.001133 
0.000590 0.000144 0.000449 0.001143 
0.000564 0.000128 0.000412 0.001058 
0.000571 0.000137 0.000454 0.001268 
0.000602 0.000143 0.000431 0.001213 
0.000601 0.000134 0.000428 0.001012 
0.000572 0.000109 0.000446 0.000961 
0.000608 0.000141 0.000420 0.001107 
