0.000580 0.000063 0.000480 0.000811 
0.000583 0.000071 0.000436 0.000840 
0.000615 0.000100 0.000474 0.000941 
0.000560 0.000075 0.000444 0.000828 
0.000545 0.000079 0.000438 0.000816 
0.000560 0.000070 0.000429 0.000855 
0.000607 0.000078 0.000451 0.000803 
0.000615 0.000085 0.000451 0.000866 
0.000609 0.000094 0.000448 0.000931 
0.000545 0.000070 0.000399 0.000782 
0.000580 0.000074 0.000437 0.000777 
0.000547 0.000096 0.000404 0.000945 
0.000576 0.000065 0.000475 0.000793 
0.000529 0.000087 0.000427 0.000896 
0.000512 0.000057 0.000437 0.000744 
0.000571 0.000090 0.000442 0.000855 
0.000582 0.000078 0.000449 0.000833 
0.000540 0.000090 0.000437 0.000818 
0.000526 0.000063 0.000440 0.000751 
0.000522 0.000064 0.000429 0.000789 
0.000506 0.000063 0.000415 0.000787 
0.000540 0.000078 0.000448 0.000798 
0.000561 0.000074 0.000424 0.000752 
0.000541 0.000052 0.000448 0.000734 
0.000547 0.000062 0.000438 0.000807 
0.000539 0.000074 0.000440 0.000747 
0.000571 0.000081 0.000451 0.000902 
0.000590 0.000066 0.000473 0.000815 
0.000563 0.000059 0.000462 0.000835 
0.000578 0.000068 0.000457 0.000826 
0.000555 0.000061 0.000447 0.000773 
0.000560 0.000067 0.000457 0.000935 
0.000569 0.000061 0.000463 0.000869 
0.000552 0.000054 0.000450 0.000782 
0.000526 0.000070 0.000420 0.000797 
0.000561 0.000054 0.000436 0.000767 
0.000569 0.000079 0.000447 0.000979 
0.000560 0.000069 0.000450 0.000761 
0.000570 0.000062 0.000445 0.000791 
0.000577 0.000049 0.000472 0.000704 
0.000591 0.000047 0.000461 0.000723 
0.000573 0.000039 0.000490 0.000714 
0.000558 0.000053 0.000466 0.000733 
0.000558 0.000059 0.000417 0.000764 
0.000590 0.000052 0.000478 0.000763 
0.000568 0.000050 0.000460 0.000741 
0.000606 0.000065 0.000500 0.000799 
0.000591 0.000067 0.000485 0.000841 
0.000592 0.000057 0.000461 0.000725 
0.000556 0.000070 0.000414 0.000758 
0.000597 0.000074 0.000469 0.000802 
0.000543 0.000077 0.000448 0.000759 
0.000595 0.000090 0.000470 0.000866 
0.000625 0.000064 0.000502 0.000802 
0.000596 0.000072 0.000482 0.000835 
0.000606 0.000080 0.000482 0.000823 
0.000582 0.000064 0.000479 0.000763 
0.000589 0.000067 0.000496 0.000766 
0.000592 0.000063 0.000495 0.000769 
0.000619 0.000087 0.000484 0.000847 
0.000581 0.000082 0.000468 0.000858 
0.000560 0.000073 0.000460 0.000831 
0.000568 0.000071 0.000477 0.000796 
0.000542 0.000048 0.000440 0.000675 
0.000565 0.000064 0.000476 0.000779 
0.000564 0.000083 0.000461 0.000852 
0.000558 0.000058 0.000461 0.000772 
0.000492 0.000052 0.000434 0.000704 
0.000569 0.000080 0.000450 0.000803 
0.000552 0.000097 0.000451 0.000914 
0.000574 0.000068 0.000463 0.000770 
0.000612 0.000085 0.000489 0.000844 
0.000550 0.000058 0.000429 0.000699 
0.000576 0.000062 0.000459 0.000739 
0.000551 0.000064 0.000434 0.000713 
0.000560 0.000051 0.000474 0.000699 
0.000574 0.000058 0.000472 0.000761 
0.000571 0.000071 0.000441 0.000738 
0.000571 0.000049 0.000477 0.000743 
0.000562 0.000051 0.000451 0.000683 
0.000557 0.000058 0.000437 0.000706 
0.000583 0.000073 0.000470 0.000879 
0.000565 0.000044 0.000460 0.000663 
0.000562 0.000057 0.000439 0.000710 
0.000606 0.000076 0.000494 0.000881 
0.000597 0.000069 0.000449 0.000821 
0.000763 0.000147 0.000506 0.001239 
0.000561 0.000060 0.000458 0.000791 
0.000595 0.000055 0.000475 0.000767 
0.000567 0.000087 0.000445 0.000889 
0.000553 0.000055 0.000442 0.000808 
0.000612 0.000075 0.000471 0.000885 
0.000603 0.000093 0.000469 0.000954 
0.000584 0.000092 0.000464 0.000918 
0.000584 0.000078 0.000446 0.000824 
0.000593 0.000104 0.000459 0.000956 
0.000549 0.000057 0.000437 0.000752 
0.000602 0.000068 0.000458 0.000767 
0.000528 0.000048 0.000411 0.000679 
0.000557 0.000068 0.000454 0.000713 
0.000523 0.000059 0.000399 0.000735 
0.000548 0.000052 0.000431 0.000690 
0.000570 0.000072 0.000425 0.000799 
0.000534 0.000089 0.000416 0.000753 
0.000534 0.000049 0.000446 0.000713 
0.000549 0.000061 0.000448 0.000721 
0.000545 0.000063 0.000464 0.000792 
0.000537 0.000071 0.000433 0.000746 
0.000513 0.000074 0.000407 0.000836 
0.000525 0.000039 0.000440 0.000646 
0.000531 0.000065 0.000422 0.000757 
0.000528 0.000071 0.000427 0.000719 
0.000556 0.000076 0.000446 0.000815 
0.000560 0.000077 0.000442 0.000790 
0.000559 0.000089 0.000409 0.000794 
0.000619 0.000107 0.000422 0.001026 
0.000530 0.000074 0.000418 0.000825 
0.000538 0.000081 0.000372 0.000795 
0.000581 0.000081 0.000403 0.000837 
0.000546 0.000087 0.000422 0.000803 
0.000561 0.000080 0.000426 0.000768 
0.000550 0.000062 0.000440 0.000734 
0.000598 0.000087 0.000409 0.000853 
0.000585 0.000080 0.000438 0.000756 
0.000556 0.000083 0.000424 0.000863 
0.000526 0.000072 0.000407 0.000824 
0.000538 0.000068 0.000382 0.000733 
0.000550 0.000075 0.000427 0.000830 
0.000595 0.000076 0.000441 0.000811 
0.000492 0.000075 0.000403 0.000826 
0.000544 0.000086 0.000413 0.000800 
0.000548 0.000084 0.000409 0.000804 
0.000505 0.000103 0.000390 0.000961 
0.000504 0.000102 0.000376 0.000870 
0.000555 0.000081 0.000393 0.000812 
0.000501 0.000065 0.000385 0.000763 
0.000529 0.000089 0.000418 0.000807 
0.000500 0.000067 0.000415 0.000753 
0.000552 0.000082 0.000447 0.000751 
0.000542 0.000059 0.000451 0.000706 
0.000548 0.000069 0.000454 0.000696 
0.000549 0.000057 0.000405 0.000677 
0.000535 0.000055 0.000437 0.000743 
0.000531 0.000057 0.000453 0.000768 
0.000554 0.000052 0.000444 0.000710 
0.000517 0.000070 0.000391 0.000733 
0.000549 0.000063 0.000443 0.000751 
0.000543 0.000065 0.000435 0.000743 
0.000548 0.000064 0.000411 0.000715 
0.000552 0.000067 0.000436 0.000759 
0.000563 0.000053 0.000466 0.000729 
0.000557 0.000055 0.000442 0.000815 
0.000596 0.000062 0.000446 0.000818 
0.000586 0.000062 0.000475 0.000787 
0.000589 0.000072 0.000459 0.000846 
0.000622 0.000072 0.000478 0.000866 
0.000594 0.000075 0.000446 0.000817 
0.000574 0.000063 0.000471 0.000823 
0.000615 0.000077 0.000459 0.000841 
0.000591 0.000064 0.000458 0.000770 
0.000559 0.000063 0.000445 0.000767 
0.000636 0.000071 0.000498 0.000900 
0.000589 0.000071 0.000448 0.000860 
0.000633 0.000084 0.000495 0.000938 
0.000552 0.000065 0.000433 0.000747 
0.000587 0.000073 0.000446 0.000769 
0.000592 0.000073 0.000471 0.000790 
0.000543 0.000065 0.000432 0.000728 
0.000570 0.000064 0.000440 0.000722 
0.000558 0.000057 0.000447 0.000697 
0.000536 0.000057 0.000428 0.000732 
0.000540 0.000069 0.000422 0.000723 
0.000558 0.000070 0.000440 0.000739 
0.000531 0.000060 0.000412 0.000686 
0.000566 0.000065 0.000447 0.000787 
0.000651 0.000104 0.000469 0.000940 
0.000554 0.000053 0.000466 0.000694 
0.000598 0.000074 0.000472 0.000810 
0.000543 0.000058 0.000451 0.000709 
0.000568 0.000074 0.000467 0.000822 
0.000609 0.000095 0.000455 0.000863 
0.000591 0.000112 0.000438 0.000972 
0.000614 0.000114 0.000451 0.000963 
0.000627 0.000104 0.000466 0.000915 
0.000547 0.000069 0.000444 0.000771 
0.000582 0.000104 0.000430 0.000983 
0.000644 0.000107 0.000436 0.000937 
0.000648 0.000123 0.000441 0.001007 
0.000562 0.000078 0.000430 0.000843 
0.000592 0.000086 0.000438 0.000908 
0.000669 0.000112 0.000466 0.001020 
0.000626 0.000097 0.000445 0.000953 
