0.627246 0.126445 0.327253 0.867375 
0.597509 0.114089 0.322672 0.827753 
0.613773 0.112992 0.362108 0.841457 
0.625661 0.115659 0.335276 0.863826 
0.624821 0.132361 0.314074 0.873553 
0.621970 0.113871 0.328947 0.838972 
0.616317 0.126502 0.268504 0.855064 
0.611612 0.121504 0.312666 0.843882 
0.612757 0.121919 0.317284 0.867335 
0.612804 0.115912 0.322217 0.846519 
0.605152 0.112545 0.335559 0.834957 
0.605140 0.115962 0.267695 0.857431 
0.629350 0.125517 0.336293 0.875924 
0.656815 0.117309 0.355161 0.876515 
0.644986 0.114472 0.353259 0.856510 
0.645076 0.111706 0.363417 0.847750 
0.642741 0.115242 0.348399 0.852363 
0.651338 0.120797 0.341106 0.873454 
0.655858 0.118322 0.348070 0.858367 
0.658037 0.120252 0.354395 0.879991 
0.667089 0.119442 0.366729 0.885996 
0.657214 0.121110 0.326425 0.876549 
0.642114 0.109517 0.352189 0.845632 
0.653886 0.117429 0.360470 0.872199 
0.651210 0.118855 0.342389 0.879279 
0.641953 0.112823 0.340116 0.865594 
0.625918 0.119291 0.320529 0.886863 
0.644629 0.122405 0.268713 0.879016 
0.644638 0.130149 0.341678 0.921019 
0.674374 0.119777 0.357249 0.901921 
0.674053 0.128856 0.355012 0.950669 
0.664805 0.115512 0.355030 0.890629 
0.652782 0.124325 0.340682 0.894888 
0.647216 0.133919 0.316910 0.935387 
0.664385 0.126250 0.317851 0.915424 
0.661067 0.137352 0.286824 0.937652 
0.639842 0.125683 0.298376 0.889940 
0.624461 0.119698 0.323936 0.870812 
0.625307 0.128072 0.320528 0.892406 
0.623901 0.114886 0.343369 0.848639 
0.622834 0.119140 0.331151 0.859147 
0.617593 0.119393 0.317450 0.864310 
0.622333 0.112137 0.347573 0.856954 
0.622664 0.124610 0.333980 0.873303 
0.620309 0.119810 0.324171 0.865831 
0.614374 0.114931 0.337184 0.848530 
0.622500 0.124365 0.350505 0.868253 
0.607335 0.109848 0.334743 0.859373 
0.616559 0.118111 0.352354 0.859195 
0.588899 0.122930 0.312094 0.872337 
0.568226 0.122016 0.312115 0.855730 
0.578840 0.113898 0.282701 0.821019 
0.579737 0.129694 0.288218 0.842903 
0.576485 0.124908 0.298959 0.828626 
0.591730 0.127416 0.302717 0.856510 
0.576882 0.122671 0.284637 0.851346 
0.573085 0.112098 0.314020 0.814878 
0.589814 0.121950 0.307759 0.843845 
0.574141 0.121912 0.294325 0.831632 
0.571396 0.113158 0.327396 0.834914 
0.622864 0.119883 0.338218 0.863135 
0.623113 0.104833 0.378213 0.825928 
0.629735 0.118625 0.335349 0.862128 
0.623377 0.113248 0.367241 0.855913 
0.618893 0.100923 0.335203 0.817641 
0.620163 0.111828 0.373762 0.838599 
0.617797 0.110029 0.359624 0.827927 
0.628753 0.110098 0.353399 0.857356 
0.655196 0.129692 0.363081 0.905619 
0.625813 0.107963 0.367947 0.840111 
0.609837 0.121486 0.270196 0.892920 
0.612196 0.125483 0.261472 0.868895 
0.599241 0.119376 0.246005 0.859041 
0.618188 0.126493 0.279304 0.905982 
0.629618 0.127395 0.269316 0.891319 
0.616590 0.125719 0.280110 0.893363 
0.593986 0.125962 0.275594 0.866085 
0.600449 0.114465 0.277236 0.853193 
0.609179 0.126060 0.229227 0.918428 
0.610425 0.126407 0.215746 0.871065 
0.603748 0.122742 0.262635 0.875914 
0.594767 0.117224 0.266545 0.861190 
0.601761 0.112665 0.299245 0.880681 
0.607621 0.119282 0.296200 0.859273 
0.615409 0.133224 0.230119 0.895574 
0.599185 0.118155 0.292450 0.829316 
0.644168 0.135214 0.355458 0.948859 
0.617834 0.113164 0.352824 0.844051 
0.627402 0.122543 0.335242 0.897809 
0.631831 0.126378 0.333032 0.912087 
0.631440 0.107608 0.367899 0.867122 
0.650781 0.124992 0.349372 0.927238 
0.623108 0.117895 0.339200 0.862400 
0.623282 0.102683 0.330472 0.882071 
0.626334 0.116134 0.372699 0.857941 
0.619933 0.113677 0.346992 0.856137 
0.637303 0.123991 0.358003 0.890606 
0.633536 0.118936 0.350842 0.913379 
0.628918 0.106390 0.351973 0.865032 
0.602562 0.098050 0.352207 0.839550 
0.615969 0.123193 0.276679 0.857305 
0.600601 0.119227 0.285132 0.835505 
0.601098 0.138728 0.274471 0.933155 
0.597218 0.108773 0.257900 0.964837 
0.601188 0.118829 0.323108 0.843818 
0.604827 0.113947 0.266524 0.848347 
0.602979 0.118390 0.268862 0.849609 
0.592845 0.105670 0.311366 0.836771 
0.594595 0.114773 0.312528 0.854251 
0.603703 0.111289 0.312048 0.845816 
0.590130 0.131138 0.244360 0.885202 
0.589444 0.121280 0.238876 0.849201 
0.607953 0.137609 0.204937 0.903169 
0.578346 0.113837 0.263502 0.807378 
0.604227 0.118320 0.188033 0.825007 
0.615781 0.122296 0.305258 0.880530 
0.587139 0.095581 0.336392 0.785068 
0.613684 0.116515 0.311733 0.838905 
0.605650 0.119442 0.258593 0.838805 
0.606074 0.114622 0.319430 0.847816 
0.584361 0.098949 0.310603 0.792182 
0.590714 0.104162 0.317378 0.795684 
0.605142 0.115352 0.306052 0.823432 
0.599892 0.110621 0.313767 0.820674 
0.613407 0.118803 0.301672 0.855765 
0.605364 0.103456 0.326256 0.853176 
0.608244 0.116248 0.282627 0.841687 
0.593780 0.123768 0.296953 0.839171 
0.604295 0.133699 0.280739 0.894359 
0.611535 0.136486 0.277967 0.877617 
0.606400 0.143601 0.248765 0.920449 
0.585009 0.120265 0.281785 0.839881 
0.602677 0.127756 0.270459 0.855996 
0.602610 0.127310 0.261893 0.864087 
0.604021 0.144692 0.275646 0.954666 
0.600710 0.125759 0.259391 0.862620 
0.602500 0.126358 0.264446 0.836592 
0.606214 0.134343 0.258987 0.875173 
0.581273 0.119286 0.267112 0.821949 
0.594233 0.124979 0.260482 0.844881 
0.599777 0.111795 0.262482 0.868187 
0.605490 0.110999 0.325897 0.843087 
0.600907 0.121454 0.274027 0.869541 
0.601089 0.109831 0.304150 0.847655 
0.639209 0.129257 0.311652 0.903973 
0.618357 0.126086 0.258778 0.863293 
0.610006 0.118274 0.287674 0.841032 
0.646686 0.110023 0.361682 0.877278 
0.608341 0.115538 0.260118 0.850232 
0.610156 0.127097 0.279393 0.862852 
0.606574 0.119755 0.291301 0.848167 
0.609393 0.131538 0.242056 0.894219 
0.648041 0.124112 0.339041 0.880355 
0.628012 0.108297 0.352604 0.835294 
0.633972 0.118206 0.329322 0.865376 
0.614131 0.106050 0.344627 0.862096 
0.656746 0.121798 0.343490 0.893686 
0.635105 0.121262 0.283438 0.883871 
0.632816 0.118761 0.327634 0.867499 
0.632072 0.112152 0.347752 0.857480 
0.639802 0.122256 0.329380 0.891400 
0.627535 0.120778 0.344753 0.882691 
0.639180 0.117277 0.345163 0.865326 
0.651570 0.117192 0.332063 0.882662 
0.643204 0.120994 0.344990 0.900886 
0.630282 0.116077 0.333243 0.864141 
0.630667 0.119552 0.348373 0.866237 
0.639323 0.111980 0.340728 0.853294 
0.640503 0.115537 0.306038 0.860069 
0.647542 0.114494 0.354495 0.874502 
0.631893 0.106650 0.343586 0.866760 
0.627382 0.106632 0.338572 0.844711 
0.652572 0.121779 0.328983 0.897721 
0.641691 0.117876 0.353121 0.879731 
0.650409 0.123713 0.314345 0.882469 
0.636840 0.113521 0.356936 0.864638 
0.628299 0.110498 0.350637 0.846785 
0.646428 0.114965 0.331737 0.863820 
0.621489 0.109486 0.319288 0.837271 
0.571984 0.126575 0.276287 0.844899 
0.577424 0.125702 0.254965 0.842609 
0.575647 0.122676 0.295522 0.831891 
0.573442 0.120667 0.300843 0.815500 
0.572873 0.118022 0.275649 0.809450 
0.569397 0.110593 0.329757 0.800406 
0.563246 0.118394 0.287779 0.824972 
0.567677 0.123224 0.251635 0.849919 
0.564875 0.121088 0.261598 0.853580 
0.583681 0.122431 0.330584 0.842647 
0.571429 0.129871 0.267456 0.834277 
0.571004 0.124899 0.255211 0.843193 
0.573811 0.116520 0.305269 0.817781 
