0.416768 0.079822 0.146918 0.629848 
0.394162 0.071897 0.152999 0.565013 
0.410602 0.075982 0.167533 0.607766 
0.414072 0.078315 0.165107 0.688632 
0.414342 0.072937 0.223787 0.600224 
0.421741 0.078441 0.150488 0.641964 
0.381017 0.068288 0.166998 0.584164 
0.409446 0.078359 0.185412 0.598297 
0.429306 0.083481 0.225681 0.705007 
0.414485 0.073367 0.223881 0.585733 
0.393256 0.068884 0.182757 0.569705 
0.403476 0.072179 0.188612 0.600108 
0.413772 0.070131 0.216440 0.635194 
0.473830 0.091412 0.215795 0.698707 
0.444161 0.082193 0.214755 0.663137 
0.466521 0.090931 0.241974 0.726441 
0.458877 0.098945 0.171517 0.763808 
0.442936 0.088326 0.178582 0.707198 
0.453759 0.086726 0.201703 0.708185 
0.448203 0.086409 0.170578 0.662441 
0.464194 0.089253 0.206566 0.718316 
0.467762 0.096347 0.213479 0.768790 
0.462271 0.093115 0.216946 0.727138 
0.459238 0.096116 0.184246 0.716668 
0.464057 0.101676 0.171085 0.753040 
0.456185 0.093969 0.194652 0.761777 
0.423155 0.073876 0.208809 0.647769 
0.451038 0.093261 0.165125 0.705527 
0.430256 0.080182 0.210527 0.646329 
0.479027 0.092221 0.213990 0.744222 
0.460260 0.086861 0.216682 0.678212 
0.475022 0.088497 0.185746 0.706768 
0.443616 0.083281 0.179514 0.639448 
0.419730 0.082160 0.199398 0.650775 
0.448393 0.084147 0.144035 0.673641 
0.436268 0.080724 0.153892 0.645909 
0.450206 0.089563 0.210446 0.689653 
0.433196 0.088974 0.228610 0.660923 
0.423938 0.081112 0.236687 0.702771 
0.404764 0.068004 0.240947 0.585025 
0.428860 0.083675 0.221669 0.648208 
0.437560 0.094144 0.230281 0.700835 
0.406975 0.070246 0.229847 0.588436 
0.438941 0.091971 0.223800 0.684356 
0.411704 0.071573 0.202104 0.586889 
0.418262 0.078327 0.214896 0.638295 
0.382072 0.062034 0.221515 0.571355 
0.431046 0.077845 0.219504 0.617422 
0.412629 0.071882 0.233720 0.610753 
0.416716 0.094001 0.154294 0.685571 
0.371600 0.069322 0.190562 0.583296 
0.400321 0.082104 0.172745 0.677041 
0.390078 0.080501 0.198764 0.652426 
0.398478 0.083035 0.192495 0.687914 
0.414330 0.092101 0.176517 0.723046 
0.389405 0.072153 0.194918 0.554702 
0.410199 0.093132 0.148301 0.735815 
0.411879 0.091102 0.154600 0.702320 
0.399948 0.083295 0.176995 0.669405 
0.409422 0.094152 0.144054 0.688466 
0.419121 0.068483 0.227514 0.614349 
0.452778 0.077135 0.235604 0.616545 
0.419147 0.068238 0.233629 0.607315 
0.454529 0.089934 0.219710 0.665359 
0.434348 0.075898 0.225316 0.636929 
0.438385 0.081227 0.221700 0.679668 
0.437720 0.077861 0.218672 0.644050 
0.443707 0.084256 0.182392 0.665331 
0.468105 0.091591 0.199195 0.676038 
0.425668 0.074366 0.232939 0.611656 
0.400529 0.071895 0.229202 0.603092 
0.412117 0.078937 0.170108 0.606456 
0.390359 0.074985 0.213449 0.594490 
0.404421 0.073689 0.210298 0.613094 
0.408197 0.081882 0.216720 0.621680 
0.406769 0.073906 0.209468 0.603157 
0.384014 0.074246 0.181054 0.593255 
0.408380 0.074573 0.209280 0.607466 
0.407055 0.075205 0.227815 0.606468 
0.389110 0.074841 0.190645 0.592997 
0.405377 0.075771 0.201661 0.588510 
0.396368 0.073211 0.189553 0.595952 
0.413672 0.084058 0.214263 0.686184 
0.399034 0.075872 0.226027 0.597931 
0.396509 0.081302 0.202004 0.614739 
0.406667 0.077430 0.225013 0.620761 
0.424601 0.080727 0.211608 0.616709 
0.429156 0.084334 0.218046 0.642952 
0.414496 0.074988 0.175090 0.622493 
0.425600 0.079964 0.203997 0.629818 
0.442391 0.086637 0.221302 0.707876 
0.446414 0.087906 0.182042 0.668354 
0.428307 0.080074 0.194438 0.632771 
0.449441 0.087341 0.187062 0.685208 
0.438384 0.084748 0.187061 0.640779 
0.423914 0.081087 0.231566 0.641202 
0.424407 0.080912 0.196627 0.642069 
0.438777 0.083574 0.228906 0.646933 
0.453360 0.087138 0.236910 0.700863 
0.427033 0.084216 0.168266 0.662862 
0.410575 0.076074 0.208547 0.591312 
0.400122 0.069904 0.199481 0.583392 
0.385916 0.066710 0.220726 0.573455 
0.390649 0.067563 0.197697 0.583090 
0.390978 0.068958 0.200295 0.609073 
0.402141 0.075264 0.171945 0.588867 
0.391025 0.070963 0.199664 0.610815 
0.403376 0.074460 0.175683 0.637935 
0.404508 0.078036 0.199148 0.658079 
0.407658 0.074168 0.210526 0.637117 
0.388183 0.073270 0.180939 0.585670 
0.399601 0.075560 0.186248 0.578828 
0.391911 0.066427 0.218845 0.594208 
0.381759 0.067423 0.180755 0.591415 
0.430095 0.086927 0.208401 0.724601 
0.428608 0.088789 0.192269 0.679482 
0.415380 0.079190 0.193233 0.634076 
0.431274 0.089883 0.215601 0.682490 
0.409681 0.078726 0.206875 0.633560 
0.431475 0.091394 0.200486 0.702057 
0.402796 0.073310 0.216199 0.606278 
0.406788 0.080181 0.196749 0.614185 
0.392811 0.076377 0.188544 0.606827 
0.400140 0.072730 0.209009 0.580708 
0.420970 0.087039 0.191034 0.665199 
0.423595 0.082817 0.206747 0.651081 
0.404621 0.076295 0.200139 0.632610 
0.427542 0.102794 0.182490 0.778886 
0.438447 0.112101 0.214824 0.771471 
0.432812 0.102114 0.186390 0.725760 
0.432339 0.106476 0.184267 0.775733 
0.435877 0.103168 0.200815 0.693317 
0.440190 0.104519 0.214682 0.730569 
0.443425 0.107613 0.156823 0.748558 
0.416248 0.089448 0.176518 0.689704 
0.451412 0.114757 0.175011 0.761588 
0.431725 0.108570 0.118908 0.809422 
0.436172 0.104569 0.195349 0.755572 
0.426170 0.109174 0.198398 0.772454 
0.420506 0.093116 0.192613 0.748657 
0.440133 0.097112 0.209276 0.727500 
0.432107 0.095827 0.213404 0.701140 
0.401959 0.069979 0.208600 0.595785 
0.423407 0.078842 0.220439 0.656541 
0.433111 0.086654 0.197456 0.731197 
0.435052 0.093375 0.191944 0.750320 
0.425305 0.088362 0.212666 0.703615 
0.447541 0.080216 0.246379 0.683360 
0.433383 0.093445 0.186646 0.723230 
0.438965 0.105381 0.207598 0.796207 
0.401846 0.079046 0.193966 0.629263 
0.432256 0.105671 0.186018 0.789523 
0.415609 0.083258 0.158255 0.625441 
0.415424 0.086489 0.142416 0.629577 
0.418954 0.090754 0.102674 0.701658 
0.408494 0.090595 0.117760 0.638308 
0.422362 0.086270 0.177542 0.628367 
0.402291 0.083925 0.133430 0.634906 
0.393444 0.077946 0.122069 0.580833 
0.430185 0.094240 0.145236 0.703399 
0.421784 0.086639 0.149669 0.641388 
0.396349 0.072414 0.193176 0.592135 
0.421076 0.088689 0.132848 0.714864 
0.443970 0.091193 0.181477 0.692630 
0.411671 0.083101 0.146047 0.623706 
0.436977 0.081153 0.167985 0.646790 
0.437266 0.088969 0.206120 0.684972 
0.445512 0.082798 0.186402 0.646359 
0.447864 0.085970 0.184380 0.644208 
0.463348 0.101179 0.177412 0.738326 
0.460777 0.090530 0.201277 0.676032 
0.442051 0.079500 0.208077 0.618556 
0.460419 0.092174 0.205063 0.705343 
0.439807 0.090192 0.199668 0.652328 
0.433542 0.083278 0.188568 0.640515 
0.445334 0.085987 0.211265 0.662751 
0.449120 0.088161 0.189055 0.642434 
0.449330 0.089160 0.183379 0.664788 
0.440968 0.091934 0.200228 0.660742 
0.367945 0.064000 0.203296 0.566858 
0.392654 0.088050 0.161853 0.640812 
0.369316 0.063221 0.226855 0.575885 
0.374478 0.074266 0.218852 0.597519 
0.386780 0.075680 0.196990 0.581167 
0.373874 0.069243 0.213614 0.560292 
0.372932 0.068597 0.199242 0.575667 
0.365796 0.064359 0.211835 0.573949 
0.376027 0.077036 0.191474 0.587997 
0.375404 0.069143 0.212539 0.561384 
0.377925 0.067496 0.217318 0.591332 
0.379247 0.067983 0.215713 0.585170 
0.393178 0.075811 0.203304 0.577954 
