0.371722 0.104908 0.129824 0.693127 
0.370041 0.102702 0.124723 0.701212 
0.370837 0.107232 0.148185 0.705978 
0.388028 0.107054 0.145039 0.702519 
0.372361 0.106726 0.140357 0.744819 
0.379591 0.108528 0.132798 0.707462 
0.373506 0.103971 0.123723 0.710729 
0.362546 0.104796 0.131865 0.700257 
0.354959 0.100349 0.135390 0.703415 
0.366051 0.108412 0.094321 0.731978 
0.369518 0.104791 0.127127 0.691990 
0.362448 0.100094 0.135627 0.706810 
0.375635 0.104383 0.144488 0.731645 
0.416487 0.117346 0.126324 0.779445 
0.403763 0.116355 0.115820 0.722107 
0.400617 0.106902 0.133357 0.731631 
0.396053 0.109815 0.116950 0.761174 
0.402269 0.111537 0.117971 0.759243 
0.400692 0.112596 0.126267 0.755944 
0.399972 0.117625 0.117620 0.749700 
0.407035 0.115178 0.133251 0.767678 
0.396042 0.109709 0.128232 0.736387 
0.396164 0.110016 0.117206 0.752081 
0.421019 0.113349 0.148127 0.793408 
0.409565 0.114222 0.120345 0.750047 
0.387447 0.111097 0.118845 0.717838 
0.349617 0.107581 0.098800 0.646658 
0.372405 0.103692 0.137869 0.679263 
0.362289 0.109363 0.134257 0.662067 
0.402462 0.109600 0.133263 0.681346 
0.390049 0.110247 0.140123 0.679209 
0.393813 0.110193 0.142034 0.688958 
0.381497 0.109654 0.141565 0.690862 
0.364950 0.103909 0.120616 0.652634 
0.380723 0.113918 0.134691 0.700369 
0.376622 0.105535 0.135680 0.684304 
0.359630 0.107089 0.128023 0.679423 
0.339531 0.099056 0.122494 0.683826 
0.344066 0.095327 0.131724 0.697105 
0.356689 0.105488 0.137920 0.737712 
0.353152 0.092695 0.162806 0.672513 
0.344883 0.092983 0.156418 0.681270 
0.370464 0.105540 0.168645 0.738201 
0.345172 0.094166 0.140384 0.670563 
0.359711 0.102081 0.133159 0.704895 
0.349130 0.097136 0.145686 0.692472 
0.347628 0.101640 0.128244 0.695301 
0.359231 0.101060 0.137651 0.682679 
0.345563 0.102980 0.132160 0.669678 
0.371029 0.094538 0.126364 0.784661 
0.369309 0.090905 0.122883 0.746678 
0.376018 0.092620 0.107187 0.744367 
0.335091 0.086412 0.139325 0.686467 
0.367483 0.088441 0.119057 0.726156 
0.363387 0.095856 0.100370 0.752109 
0.367728 0.089643 0.115326 0.710563 
0.362183 0.088956 0.130439 0.755517 
0.373717 0.094668 0.093388 0.735966 
0.364256 0.093012 0.092788 0.698037 
0.371949 0.097255 0.098235 0.726654 
0.344599 0.107274 0.147946 0.723941 
0.370645 0.105573 0.165937 0.744840 
0.348807 0.102051 0.172454 0.727608 
0.358314 0.109228 0.160162 0.747603 
0.380112 0.107090 0.167016 0.771461 
0.355536 0.111223 0.149933 0.740632 
0.343733 0.105108 0.163377 0.715619 
0.356257 0.107293 0.165263 0.706311 
0.373112 0.112736 0.175736 0.766791 
0.365628 0.107415 0.165540 0.750493 
0.343712 0.097418 0.120073 0.692038 
0.330927 0.096297 0.145376 0.676724 
0.333305 0.103513 0.106650 0.633413 
0.343677 0.095530 0.163000 0.691760 
0.345374 0.100455 0.134903 0.672680 
0.352007 0.101587 0.122143 0.691029 
0.321239 0.098299 0.117111 0.629384 
0.340173 0.099423 0.128471 0.671722 
0.336033 0.099722 0.129419 0.640232 
0.327295 0.102559 0.116640 0.646177 
0.341877 0.094167 0.137820 0.678450 
0.326901 0.097974 0.121400 0.618183 
0.338695 0.098067 0.144028 0.654344 
0.351332 0.099462 0.150423 0.693628 
0.334062 0.093521 0.127576 0.628825 
0.336233 0.107411 0.114036 0.682615 
0.360447 0.097798 0.129826 0.724527 
0.361715 0.092220 0.139366 0.708159 
0.360231 0.099591 0.121360 0.708404 
0.353874 0.098607 0.145086 0.714955 
0.374498 0.092705 0.172073 0.701553 
0.370313 0.104162 0.121428 0.734156 
0.362226 0.093063 0.160003 0.724209 
0.382500 0.101724 0.136444 0.720069 
0.361589 0.104629 0.078821 0.752767 
0.356125 0.101980 0.126544 0.718102 
0.362032 0.095636 0.140033 0.713517 
0.378851 0.101362 0.145839 0.745039 
0.382290 0.104990 0.103554 0.711979 
0.377276 0.099651 0.145893 0.733906 
0.362729 0.092758 0.166701 0.753769 
0.363070 0.093106 0.158837 0.756820 
0.346134 0.101364 0.138356 0.679333 
0.357915 0.093979 0.148559 0.749119 
0.368547 0.096558 0.133482 0.822803 
0.360858 0.097355 0.151491 0.746040 
0.381294 0.097123 0.140679 0.778468 
0.368410 0.094180 0.143751 0.744985 
0.355730 0.098194 0.151620 0.729013 
0.364372 0.094521 0.154870 0.756608 
0.345032 0.091151 0.154206 0.692764 
0.361160 0.093874 0.149592 0.732707 
0.346052 0.093075 0.130228 0.721840 
0.362806 0.094714 0.138704 0.721049 
0.342038 0.098368 0.154357 0.721111 
0.352181 0.097467 0.163420 0.784515 
0.365660 0.096501 0.181922 0.815538 
0.354399 0.090968 0.168766 0.775587 
0.351463 0.095208 0.154931 0.764478 
0.361929 0.100195 0.124363 0.797266 
0.352024 0.094394 0.160004 0.773367 
0.356227 0.100120 0.138926 0.740989 
0.329137 0.089781 0.154634 0.763620 
0.359864 0.098239 0.162019 0.787567 
0.367873 0.091266 0.174874 0.799480 
0.357311 0.097135 0.157425 0.718351 
0.354826 0.095515 0.158363 0.791538 
0.336695 0.090011 0.117784 0.736994 
0.338019 0.083443 0.149537 0.734983 
0.343730 0.088354 0.155204 0.705169 
0.335505 0.085172 0.143054 0.694345 
0.342594 0.090702 0.131138 0.706163 
0.342467 0.092822 0.138088 0.736504 
0.330231 0.091999 0.148623 0.720540 
0.341257 0.095719 0.135259 0.705427 
0.339930 0.086862 0.145679 0.710599 
0.334716 0.088601 0.155916 0.689111 
0.333856 0.092085 0.135360 0.703073 
0.324113 0.085673 0.133437 0.698883 
0.336429 0.084060 0.175698 0.751191 
0.361133 0.078975 0.160694 0.721064 
0.354102 0.080042 0.145150 0.741392 
0.347918 0.088672 0.157846 0.778495 
0.366956 0.089872 0.150851 0.754348 
0.377463 0.099405 0.160844 0.811927 
0.346265 0.087304 0.169087 0.745065 
0.350090 0.087033 0.150200 0.762324 
0.398224 0.098892 0.161775 0.808892 
0.360610 0.090447 0.150406 0.745196 
0.337432 0.085895 0.159584 0.722991 
0.351086 0.089288 0.167241 0.758176 
0.339349 0.084199 0.160157 0.753161 
0.358445 0.095779 0.124939 0.739846 
0.352841 0.092342 0.133256 0.780455 
0.348379 0.095414 0.097720 0.745140 
0.339378 0.097820 0.087286 0.737511 
0.357482 0.099616 0.120150 0.765038 
0.339383 0.097239 0.117356 0.776968 
0.346558 0.090215 0.121124 0.722090 
0.336013 0.096528 0.091885 0.792012 
0.340524 0.096599 0.094281 0.763320 
0.340846 0.093442 0.137380 0.781384 
0.348345 0.093022 0.123799 0.736903 
0.357325 0.096663 0.126266 0.807270 
0.344561 0.095096 0.098831 0.736113 
0.351590 0.107663 0.108385 0.695063 
0.344934 0.091138 0.163873 0.712515 
0.356899 0.107526 0.147187 0.716110 
0.349197 0.100296 0.142155 0.707681 
0.363848 0.102567 0.148058 0.742750 
0.371647 0.113272 0.157352 0.738527 
0.360167 0.105301 0.136699 0.716893 
0.364041 0.107335 0.107358 0.722690 
0.349634 0.101536 0.127514 0.712171 
0.350758 0.108272 0.139577 0.709440 
0.362518 0.104046 0.149958 0.718248 
0.346012 0.107052 0.146458 0.736117 
0.377390 0.106093 0.149032 0.749037 
0.342286 0.107199 0.118036 0.731467 
0.303292 0.082084 0.126592 0.730186 
0.324525 0.086099 0.146952 0.739989 
0.337837 0.095122 0.127716 0.730085 
0.328219 0.090471 0.130697 0.725034 
0.334537 0.094317 0.137420 0.704246 
0.340644 0.091771 0.137989 0.727975 
0.317622 0.095771 0.131694 0.658079 
0.326386 0.085927 0.129288 0.688010 
0.304168 0.084457 0.140570 0.698767 
0.318552 0.095277 0.143272 0.718525 
0.310707 0.090649 0.105243 0.695373 
0.318160 0.085459 0.155555 0.698986 
0.321265 0.085890 0.125807 0.699492 
