0.610947 0.116757 0.268936 0.818588 
0.596753 0.112522 0.290361 0.812115 
0.603768 0.110964 0.295369 0.820638 
0.619870 0.123897 0.265178 0.843630 
0.610339 0.117549 0.263159 0.848283 
0.618194 0.121473 0.241819 0.831910 
0.596836 0.109408 0.312421 0.811372 
0.598410 0.115673 0.251629 0.804162 
0.604857 0.117779 0.267603 0.809344 
0.610063 0.120611 0.250929 0.827917 
0.605952 0.118897 0.281667 0.825195 
0.613917 0.129774 0.233571 0.895845 
0.614613 0.118465 0.262487 0.848436 
0.646295 0.125404 0.314501 0.872435 
0.636705 0.120243 0.288192 0.841676 
0.641174 0.122385 0.326501 0.857672 
0.631106 0.116754 0.261286 0.845844 
0.632819 0.116396 0.285934 0.848616 
0.642890 0.119958 0.296814 0.852959 
0.640129 0.121495 0.303123 0.883457 
0.649700 0.123707 0.338542 0.872025 
0.643996 0.121447 0.284226 0.857053 
0.635675 0.119238 0.268275 0.853931 
0.647049 0.120741 0.326703 0.841721 
0.633817 0.116532 0.303854 0.832842 
0.632566 0.115688 0.316742 0.842624 
0.584139 0.102416 0.266203 0.793759 
0.612853 0.114580 0.325687 0.846336 
0.595362 0.106685 0.316182 0.797830 
0.632070 0.113738 0.280461 0.838058 
0.627894 0.114442 0.297063 0.841631 
0.625140 0.113115 0.313042 0.830145 
0.615681 0.116944 0.335299 0.841387 
0.602563 0.121617 0.289355 0.823967 
0.633518 0.121197 0.294177 0.888696 
0.602360 0.112691 0.285725 0.831904 
0.593135 0.107960 0.333944 0.825704 
0.608740 0.126477 0.286202 0.860256 
0.613389 0.128008 0.284350 0.839495 
0.611830 0.121120 0.329434 0.832961 
0.619045 0.127007 0.311974 0.834971 
0.613477 0.132541 0.249309 0.854823 
0.613419 0.117686 0.311617 0.830843 
0.615221 0.127812 0.301248 0.855869 
0.607822 0.118650 0.314059 0.816306 
0.619467 0.127598 0.288965 0.852064 
0.592708 0.114527 0.309144 0.800631 
0.620388 0.128993 0.314011 0.850621 
0.598967 0.118481 0.282008 0.816229 
0.610292 0.135496 0.273617 0.861379 
0.586999 0.135654 0.245837 0.842402 
0.609590 0.132006 0.270236 0.857176 
0.586758 0.127600 0.257008 0.843302 
0.590279 0.125572 0.270160 0.828751 
0.595497 0.126612 0.280751 0.834452 
0.583983 0.125563 0.247046 0.822164 
0.584270 0.124585 0.264389 0.827898 
0.606880 0.130014 0.284680 0.852342 
0.588475 0.129572 0.252953 0.852223 
0.601575 0.132297 0.264679 0.844124 
0.590935 0.105958 0.270434 0.789628 
0.608638 0.110353 0.268978 0.783849 
0.593955 0.110654 0.279749 0.788469 
0.602040 0.115780 0.264393 0.806777 
0.612429 0.110992 0.277266 0.814317 
0.594411 0.111091 0.272713 0.797827 
0.590741 0.108450 0.260862 0.784215 
0.603218 0.111638 0.268880 0.787262 
0.619234 0.112658 0.269900 0.826847 
0.607704 0.110852 0.279190 0.801669 
0.609765 0.124328 0.264116 0.839667 
0.609952 0.125139 0.213815 0.849012 
0.594477 0.114845 0.214973 0.792017 
0.615347 0.131950 0.248813 0.855501 
0.610038 0.125913 0.242679 0.840222 
0.619225 0.122167 0.296592 0.859021 
0.590043 0.120571 0.258115 0.828463 
0.606419 0.121256 0.270455 0.833355 
0.615277 0.129953 0.293020 0.856057 
0.593461 0.117631 0.269788 0.827565 
0.615332 0.130620 0.265306 0.842701 
0.593963 0.118430 0.248179 0.808766 
0.612798 0.124726 0.238845 0.830759 
0.602581 0.117116 0.260203 0.835423 
0.596141 0.122259 0.216626 0.836801 
0.601849 0.123897 0.257125 0.817065 
0.590631 0.106746 0.291669 0.831119 
0.599145 0.117030 0.284992 0.845067 
0.596595 0.111538 0.286889 0.827489 
0.595367 0.110106 0.303918 0.845670 
0.621495 0.122335 0.291427 0.853021 
0.617717 0.115235 0.292091 0.860026 
0.611863 0.118839 0.273804 0.831118 
0.624015 0.127033 0.280394 0.865543 
0.597360 0.107735 0.285565 0.837115 
0.594909 0.107964 0.298695 0.816682 
0.601280 0.111924 0.297343 0.816814 
0.601548 0.109638 0.267634 0.845281 
0.622973 0.121659 0.285693 0.852251 
0.599381 0.113831 0.281297 0.815544 
0.603562 0.125780 0.300892 0.844975 
0.604351 0.127830 0.318205 0.834847 
0.578893 0.116777 0.256902 0.820193 
0.618574 0.140322 0.288932 0.981804 
0.592333 0.115402 0.322989 0.808408 
0.605137 0.125754 0.331424 0.838086 
0.592037 0.117289 0.293346 0.816297 
0.609158 0.133298 0.275615 0.842174 
0.600500 0.129327 0.291714 0.849650 
0.602076 0.122422 0.294676 0.821951 
0.589683 0.127998 0.278735 0.860461 
0.596388 0.130410 0.308554 0.836702 
0.594714 0.128651 0.299681 0.833393 
0.594681 0.128026 0.303995 0.819386 
0.599157 0.125751 0.262525 0.811201 
0.615474 0.132140 0.274360 0.830317 
0.618383 0.129930 0.293610 0.832248 
0.613943 0.128343 0.318873 0.845294 
0.608052 0.129191 0.302094 0.831531 
0.600777 0.122560 0.299480 0.816510 
0.614280 0.131652 0.318565 0.828539 
0.608758 0.130193 0.288481 0.834836 
0.602308 0.127053 0.296660 0.821332 
0.610659 0.130053 0.265576 0.827493 
0.616314 0.130115 0.272301 0.832827 
0.630809 0.136832 0.313566 0.891727 
0.610863 0.127602 0.288753 0.823148 
0.573617 0.128685 0.301205 0.827455 
0.581163 0.130398 0.275797 0.847255 
0.585268 0.131921 0.268402 0.876250 
0.579226 0.132866 0.225190 0.872791 
0.577823 0.127068 0.288451 0.834040 
0.586275 0.130800 0.300163 0.849668 
0.590357 0.137787 0.275693 0.860469 
0.568336 0.124646 0.256144 0.832864 
0.591656 0.136706 0.266300 0.854446 
0.582925 0.130207 0.245911 0.855756 
0.584280 0.136419 0.204092 0.876333 
0.566775 0.128560 0.280483 0.838702 
0.600504 0.136094 0.277288 0.843793 
0.614271 0.136261 0.297172 0.848881 
0.607060 0.133175 0.283455 0.846663 
0.605746 0.134107 0.267048 0.856025 
0.614846 0.135892 0.302682 0.845089 
0.632446 0.134059 0.288102 0.877930 
0.612915 0.134026 0.310853 0.858321 
0.611191 0.132624 0.279336 0.853413 
0.642527 0.133129 0.308300 0.857398 
0.612353 0.130083 0.307991 0.846485 
0.608578 0.137624 0.296192 0.859184 
0.601482 0.128047 0.295267 0.822417 
0.597519 0.137886 0.283741 0.842768 
0.620487 0.126174 0.302031 0.846314 
0.624670 0.127559 0.265113 0.870617 
0.618287 0.130679 0.291333 0.861182 
0.604318 0.120307 0.277815 0.824882 
0.624498 0.125482 0.311492 0.864486 
0.613557 0.126610 0.283799 0.864280 
0.614116 0.130815 0.299793 0.860092 
0.617719 0.128061 0.266149 0.843220 
0.616504 0.128276 0.284885 0.875266 
0.612126 0.127006 0.293728 0.882406 
0.624037 0.128540 0.277451 0.855798 
0.632502 0.126297 0.290806 0.863482 
0.623294 0.130065 0.297552 0.872651 
0.642435 0.130277 0.298492 0.865520 
0.629386 0.127465 0.318030 0.837056 
0.654937 0.136083 0.317818 0.885157 
0.642571 0.126902 0.290271 0.832303 
0.658971 0.132509 0.287055 0.857650 
0.654234 0.131940 0.255972 0.857087 
0.654791 0.135285 0.292518 0.886221 
0.661134 0.129444 0.330505 0.871921 
0.631607 0.124598 0.306278 0.843180 
0.642757 0.128818 0.265432 0.855698 
0.640455 0.125069 0.296659 0.845904 
0.640002 0.128924 0.277329 0.838564 
0.654062 0.132539 0.294602 0.869779 
0.640293 0.138333 0.309685 0.861527 
0.571469 0.124535 0.248121 0.821628 
0.581060 0.132355 0.279972 0.830141 
0.580107 0.128933 0.275456 0.813741 
0.572798 0.121900 0.286525 0.827041 
0.575176 0.123695 0.272752 0.800663 
0.580690 0.126187 0.284845 0.805932 
0.559727 0.118606 0.260702 0.780194 
0.571624 0.124515 0.253946 0.793376 
0.578418 0.138872 0.227600 0.823088 
0.579404 0.124901 0.278252 0.835223 
0.574049 0.131097 0.247296 0.849981 
0.577887 0.137729 0.267708 0.834367 
0.571976 0.125745 0.265760 0.826774 
