0.485251 0.095761 0.154547 0.720279 
0.480797 0.101067 0.115226 0.730125 
0.491536 0.093004 0.152476 0.724099 
0.487527 0.096309 0.159022 0.724508 
0.485901 0.099919 0.129125 0.721609 
0.490982 0.094136 0.156282 0.752544 
0.477007 0.095661 0.137304 0.722737 
0.473466 0.095089 0.146041 0.720414 
0.479405 0.093883 0.155497 0.732674 
0.479825 0.088445 0.150150 0.697386 
0.470399 0.090575 0.146094 0.711154 
0.476478 0.093703 0.158277 0.694369 
0.488708 0.096856 0.128374 0.732738 
0.515728 0.099563 0.228025 0.782248 
0.499707 0.093036 0.220309 0.758220 
0.511004 0.101911 0.170224 0.767908 
0.511964 0.095579 0.206627 0.757932 
0.503897 0.093391 0.221870 0.763723 
0.515726 0.093608 0.214426 0.763615 
0.504707 0.096526 0.151062 0.766242 
0.515907 0.102708 0.211856 0.778567 
0.513582 0.097718 0.211879 0.769286 
0.513155 0.095038 0.191241 0.755582 
0.520780 0.107370 0.163518 0.784959 
0.509137 0.096494 0.205339 0.757404 
0.499301 0.096504 0.180490 0.747163 
0.454387 0.093960 0.133498 0.695364 
0.475788 0.102490 0.134917 0.744653 
0.458546 0.098883 0.187194 0.701920 
0.482122 0.104067 0.146640 0.732705 
0.475432 0.099988 0.171128 0.714072 
0.476701 0.104285 0.174294 0.723644 
0.474565 0.100566 0.183566 0.733893 
0.456738 0.091427 0.194864 0.702199 
0.472490 0.087325 0.199431 0.707416 
0.474986 0.096389 0.157001 0.722196 
0.451888 0.097186 0.177442 0.716466 
0.451609 0.087654 0.170278 0.703542 
0.463104 0.091423 0.174763 0.731381 
0.469207 0.090538 0.125543 0.728880 
0.464286 0.094234 0.115918 0.732607 
0.454752 0.091825 0.154634 0.731840 
0.475215 0.096993 0.131791 0.757140 
0.455638 0.092563 0.155359 0.734581 
0.470202 0.094188 0.161512 0.750278 
0.459150 0.091278 0.152812 0.715082 
0.450625 0.087417 0.171450 0.709230 
0.460723 0.092038 0.153780 0.723480 
0.457208 0.083670 0.178915 0.717837 
0.460883 0.111091 0.165905 0.804857 
0.437141 0.113549 0.132380 0.807649 
0.461601 0.118590 0.152942 0.802159 
0.438410 0.107179 0.160417 0.750452 
0.457511 0.118904 0.143528 0.800995 
0.476825 0.119665 0.114855 0.811000 
0.443471 0.113010 0.164086 0.785875 
0.461625 0.115978 0.135394 0.791117 
0.466174 0.117615 0.141770 0.791200 
0.444778 0.118951 0.127629 0.773816 
0.454791 0.120925 0.154106 0.811000 
0.459853 0.097499 0.162910 0.744693 
0.480935 0.100197 0.191936 0.771750 
0.454493 0.095260 0.203373 0.726962 
0.456937 0.096149 0.201090 0.740476 
0.496406 0.100774 0.202213 0.793202 
0.457501 0.101507 0.163256 0.744645 
0.465425 0.096763 0.190169 0.741217 
0.461943 0.103950 0.171436 0.758602 
0.496022 0.107161 0.193219 0.820190 
0.479848 0.099551 0.202291 0.765081 
0.459627 0.076698 0.222241 0.677913 
0.455428 0.085447 0.173094 0.689268 
0.459393 0.074361 0.202775 0.680472 
0.452833 0.085308 0.194824 0.690859 
0.456268 0.079482 0.222009 0.692676 
0.458557 0.080535 0.234589 0.701204 
0.430943 0.081999 0.181221 0.660905 
0.453163 0.077866 0.196555 0.697552 
0.452182 0.081003 0.201894 0.701161 
0.447610 0.078710 0.229277 0.669485 
0.451614 0.086252 0.163659 0.687102 
0.433763 0.081327 0.172674 0.664055 
0.451146 0.082619 0.185323 0.666893 
0.465690 0.089127 0.133650 0.727337 
0.443689 0.076963 0.204310 0.680712 
0.453518 0.086871 0.177838 0.699191 
0.456417 0.097803 0.178846 0.748386 
0.472109 0.108605 0.136074 0.780826 
0.465991 0.105572 0.150105 0.759308 
0.472010 0.100108 0.178588 0.774155 
0.486020 0.105282 0.175540 0.763247 
0.488684 0.105352 0.155027 0.771022 
0.475890 0.101142 0.204271 0.762220 
0.484319 0.107143 0.131560 0.759033 
0.473572 0.103552 0.165448 0.780688 
0.466784 0.105950 0.121373 0.818888 
0.472996 0.102344 0.191033 0.781206 
0.475774 0.101358 0.176025 0.753579 
0.478737 0.103121 0.183658 0.769579 
0.473419 0.103123 0.176258 0.774422 
0.482911 0.105006 0.102626 0.815656 
0.477088 0.109875 0.136158 0.803063 
0.463276 0.093494 0.166861 0.752820 
0.485489 0.105051 0.184849 0.805742 
0.488305 0.106729 0.154102 0.823473 
0.479141 0.100356 0.136404 0.810742 
0.486328 0.105064 0.124396 0.811313 
0.494894 0.113495 0.156155 0.811523 
0.480074 0.099345 0.153325 0.790890 
0.486011 0.106221 0.087350 0.814606 
0.468382 0.098493 0.176683 0.776247 
0.478766 0.112507 0.141831 0.810516 
0.467876 0.101419 0.167120 0.776430 
0.487736 0.107446 0.136293 0.808779 
0.472584 0.106904 0.183206 0.779987 
0.478023 0.117672 0.098350 0.811453 
0.484462 0.112308 0.162091 0.822696 
0.481565 0.114517 0.145262 0.821861 
0.476270 0.106763 0.152906 0.779001 
0.473448 0.112002 0.163967 0.816011 
0.476182 0.098111 0.183880 0.782942 
0.480519 0.108281 0.128439 0.816907 
0.462658 0.108847 0.127483 0.794887 
0.482887 0.108767 0.197775 0.824482 
0.483065 0.113511 0.152575 0.811744 
0.480365 0.108504 0.189835 0.788998 
0.485496 0.108082 0.128516 0.811139 
0.436705 0.097326 0.156877 0.746921 
0.445469 0.104303 0.105096 0.765412 
0.443557 0.104437 0.127320 0.769002 
0.445745 0.098048 0.126262 0.752197 
0.444431 0.098556 0.126837 0.750478 
0.445220 0.099941 0.130241 0.757496 
0.444744 0.097460 0.161873 0.760269 
0.441564 0.097190 0.164380 0.752637 
0.458440 0.101103 0.150397 0.782261 
0.445235 0.100433 0.178154 0.764776 
0.442129 0.098094 0.141054 0.762173 
0.438784 0.097260 0.120282 0.762624 
0.474928 0.106803 0.108412 0.797318 
0.494297 0.115748 0.137082 0.796817 
0.498003 0.117658 0.115572 0.804398 
0.494109 0.116041 0.147680 0.817206 
0.494360 0.117166 0.109118 0.809655 
0.503483 0.115884 0.147285 0.837947 
0.494380 0.115007 0.145403 0.805825 
0.501953 0.118082 0.119320 0.810568 
0.521873 0.123813 0.123279 0.837181 
0.495758 0.124001 0.090599 0.818763 
0.478983 0.110383 0.124713 0.787203 
0.490598 0.125569 0.078313 0.828200 
0.474143 0.116324 0.140465 0.804451 
0.474842 0.105644 0.144660 0.776151 
0.472001 0.107913 0.132741 0.775141 
0.459800 0.105712 0.113619 0.795098 
0.453518 0.104129 0.156462 0.755987 
0.465784 0.109305 0.136343 0.782798 
0.462720 0.109369 0.115452 0.792331 
0.457180 0.102777 0.119784 0.765659 
0.469966 0.106157 0.147644 0.793100 
0.464535 0.113522 0.146366 0.775096 
0.458935 0.104826 0.210459 0.780794 
0.476448 0.097787 0.183874 0.769842 
0.486981 0.108749 0.137336 0.827708 
0.459784 0.104918 0.120074 0.751696 
0.507105 0.105408 0.180375 0.747037 
0.504588 0.117938 0.191323 0.768783 
0.511736 0.114463 0.126047 0.774697 
0.512135 0.109686 0.167581 0.754240 
0.520017 0.108179 0.222986 0.775990 
0.515130 0.112677 0.180781 0.753261 
0.510965 0.108603 0.201962 0.773303 
0.524548 0.111319 0.179518 0.773728 
0.513467 0.113913 0.179467 0.763803 
0.504703 0.105694 0.208383 0.743340 
0.521429 0.113069 0.188629 0.775163 
0.512052 0.111851 0.141495 0.762940 
0.517575 0.108326 0.190297 0.768096 
0.498767 0.109195 0.168422 0.762145 
0.428215 0.083000 0.195071 0.724016 
0.430833 0.098119 0.156724 0.775898 
0.448555 0.091411 0.181970 0.759940 
0.438727 0.088237 0.181965 0.749520 
0.434219 0.094938 0.130280 0.745960 
0.440143 0.100254 0.128547 0.779454 
0.442222 0.083138 0.190017 0.723167 
0.431916 0.090808 0.149473 0.752088 
0.426536 0.088742 0.194763 0.748104 
0.440734 0.090224 0.198468 0.766371 
0.420176 0.084045 0.202425 0.713570 
0.425627 0.088468 0.195081 0.746390 
0.427740 0.091771 0.160610 0.736429 
