0.475205 0.070613 0.211048 0.662849 
0.469618 0.068171 0.205552 0.653948 
0.483603 0.071023 0.244793 0.669006 
0.485767 0.075381 0.240284 0.699318 
0.478181 0.071180 0.167600 0.652484 
0.487325 0.076086 0.235901 0.704599 
0.469429 0.072840 0.247848 0.690284 
0.476618 0.072431 0.232721 0.672651 
0.464976 0.069940 0.196578 0.655060 
0.478282 0.074600 0.191540 0.655545 
0.464009 0.073330 0.224615 0.652628 
0.476018 0.072472 0.163975 0.637770 
0.482791 0.068797 0.201037 0.659731 
0.534972 0.064571 0.207112 0.717677 
0.513622 0.063546 0.228005 0.719513 
0.516921 0.057887 0.200077 0.697724 
0.514465 0.055316 0.276949 0.692428 
0.521928 0.061202 0.266924 0.698081 
0.522970 0.059716 0.249592 0.696020 
0.525144 0.063275 0.154983 0.712446 
0.530271 0.064319 0.231022 0.729722 
0.516376 0.056801 0.245936 0.684452 
0.508760 0.054294 0.233807 0.686740 
0.529797 0.060769 0.158357 0.728342 
0.510662 0.054627 0.254900 0.690025 
0.503143 0.053947 0.221003 0.669083 
0.494535 0.065620 0.245627 0.700004 
0.510776 0.073174 0.182125 0.718343 
0.504340 0.080081 0.190696 0.701405 
0.525098 0.085486 0.157348 0.736543 
0.512463 0.075870 0.177523 0.719231 
0.529440 0.085510 0.219211 0.745711 
0.518593 0.078204 0.171838 0.725402 
0.472561 0.063943 0.217449 0.638730 
0.502656 0.074748 0.235151 0.719244 
0.500870 0.073894 0.208791 0.686054 
0.491870 0.073134 0.195869 0.682666 
0.450433 0.061058 0.237681 0.690549 
0.460042 0.059765 0.231435 0.658230 
0.464523 0.059374 0.213330 0.670388 
0.455433 0.057428 0.195260 0.674395 
0.449851 0.057558 0.222160 0.649325 
0.492647 0.067071 0.199150 0.708110 
0.458326 0.055570 0.211750 0.651208 
0.481466 0.064119 0.178482 0.688480 
0.457214 0.060245 0.213940 0.642554 
0.457407 0.063583 0.206847 0.688679 
0.461726 0.058585 0.167039 0.666420 
0.463593 0.060785 0.242281 0.647653 
0.457688 0.076639 0.167267 0.709466 
0.421267 0.074719 0.173542 0.693297 
0.465800 0.075001 0.139067 0.711570 
0.450684 0.069657 0.179159 0.697709 
0.455841 0.080635 0.129493 0.721241 
0.470918 0.085299 0.155643 0.731377 
0.447625 0.077125 0.179031 0.673443 
0.454985 0.077281 0.141642 0.665823 
0.472799 0.079075 0.129557 0.711825 
0.452730 0.073657 0.136957 0.668201 
0.463591 0.080275 0.149264 0.705091 
0.467897 0.067383 0.239665 0.739895 
0.473253 0.070429 0.258834 0.772313 
0.452164 0.063831 0.192774 0.685726 
0.460042 0.068212 0.227296 0.667049 
0.491393 0.070676 0.209283 0.772172 
0.463878 0.065567 0.223896 0.675095 
0.460030 0.067919 0.219814 0.719112 
0.464926 0.064709 0.236502 0.706734 
0.499167 0.070852 0.258015 0.778098 
0.478170 0.069874 0.254160 0.761066 
0.449660 0.069537 0.195053 0.671126 
0.445005 0.066151 0.246121 0.651515 
0.438242 0.075978 0.239832 0.691237 
0.436525 0.065045 0.249203 0.631630 
0.436394 0.071031 0.211827 0.694478 
0.457249 0.079451 0.234280 0.729250 
0.423568 0.068706 0.183686 0.667510 
0.435490 0.070033 0.239371 0.680447 
0.436905 0.074623 0.211448 0.675720 
0.435921 0.074652 0.243959 0.677992 
0.432597 0.065192 0.225443 0.672783 
0.428975 0.070457 0.194869 0.686360 
0.435263 0.069805 0.200464 0.665881 
0.445628 0.072903 0.254727 0.674105 
0.437941 0.068954 0.247000 0.653483 
0.439996 0.073309 0.229008 0.698864 
0.455098 0.070211 0.233031 0.693361 
0.470616 0.077962 0.149809 0.730242 
0.471121 0.074002 0.134390 0.722207 
0.462365 0.078994 0.165439 0.715339 
0.481698 0.075514 0.181079 0.721349 
0.491534 0.079105 0.161136 0.718454 
0.471489 0.071999 0.221285 0.699852 
0.485635 0.077607 0.138080 0.703589 
0.479341 0.078107 0.217104 0.722164 
0.477517 0.087716 0.100164 0.776502 
0.468656 0.076373 0.186036 0.724633 
0.478327 0.076962 0.225018 0.716002 
0.484634 0.077701 0.203907 0.746181 
0.475576 0.077541 0.201198 0.738756 
0.442749 0.062415 0.208473 0.739006 
0.442704 0.067449 0.193931 0.721363 
0.447597 0.068073 0.212845 0.631062 
0.466564 0.070164 0.214523 0.751250 
0.459426 0.078781 0.226560 0.772032 
0.445354 0.066352 0.218869 0.732344 
0.470172 0.079045 0.236249 0.782627 
0.461336 0.073395 0.183640 0.721585 
0.447514 0.069168 0.178667 0.713667 
0.454423 0.068629 0.195477 0.713906 
0.445454 0.068262 0.185549 0.712657 
0.449730 0.073338 0.193521 0.740765 
0.445137 0.064615 0.195212 0.675118 
0.432174 0.066672 0.224696 0.761710 
0.453123 0.074334 0.234298 0.730705 
0.469977 0.072735 0.226790 0.743959 
0.469444 0.078916 0.218745 0.744913 
0.474201 0.078269 0.219388 0.735585 
0.465696 0.075815 0.213627 0.680800 
0.474414 0.079711 0.202449 0.778484 
0.470772 0.081824 0.171684 0.698090 
0.467147 0.072157 0.189766 0.742072 
0.452581 0.067641 0.256759 0.716132 
0.469123 0.087093 0.235790 0.741253 
0.449109 0.071519 0.197530 0.700402 
0.469286 0.079782 0.193497 0.717004 
0.465216 0.086882 0.227463 0.748937 
0.422321 0.071359 0.203170 0.615564 
0.427839 0.062765 0.212988 0.628167 
0.420545 0.057295 0.238060 0.618080 
0.418374 0.063186 0.233951 0.599279 
0.428355 0.066140 0.206165 0.604303 
0.419611 0.064196 0.185305 0.621945 
0.408824 0.068911 0.206591 0.623545 
0.433590 0.078057 0.211559 0.632202 
0.420907 0.066501 0.165369 0.609719 
0.415459 0.065644 0.207044 0.608558 
0.416729 0.068723 0.217635 0.632094 
0.415178 0.070200 0.212308 0.627601 
0.407007 0.050936 0.205866 0.690734 
0.418349 0.052602 0.207162 0.671807 
0.434291 0.061308 0.158673 0.695777 
0.452548 0.073967 0.182645 0.776945 
0.435460 0.071257 0.170538 0.737373 
0.455801 0.071542 0.157197 0.724704 
0.445417 0.065414 0.179912 0.738206 
0.468120 0.073336 0.205533 0.784017 
0.481783 0.075027 0.198030 0.817716 
0.470348 0.077402 0.117153 0.735775 
0.425751 0.057139 0.187645 0.674076 
0.457523 0.080209 0.118504 0.788890 
0.414769 0.057179 0.201811 0.693631 
0.483139 0.056180 0.129557 0.702949 
0.483303 0.066735 0.218076 0.755710 
0.494750 0.066822 0.113293 0.727048 
0.481489 0.061074 0.248920 0.738892 
0.495455 0.063634 0.258775 0.759170 
0.477586 0.058114 0.117773 0.726962 
0.467095 0.053770 0.276011 0.714228 
0.478922 0.058442 0.175342 0.710999 
0.491451 0.060018 0.186527 0.728694 
0.463235 0.053571 0.210414 0.697475 
0.469975 0.055346 0.266495 0.695129 
0.505670 0.070410 0.141441 0.764191 
0.479366 0.060978 0.255525 0.741570 
0.509343 0.056122 0.303498 0.746576 
0.516730 0.065156 0.212376 0.730482 
0.528426 0.064121 0.247874 0.744387 
0.524241 0.056607 0.249530 0.708630 
0.526507 0.063887 0.186749 0.757108 
0.525635 0.060465 0.289155 0.729664 
0.516623 0.062392 0.261277 0.772253 
0.537368 0.068798 0.264302 0.743072 
0.510612 0.064071 0.267252 0.761893 
0.520699 0.058685 0.238034 0.720808 
0.526404 0.063840 0.240691 0.773536 
0.517785 0.061647 0.213610 0.735273 
0.524353 0.062793 0.299997 0.717341 
0.486314 0.056567 0.267486 0.740187 
0.424961 0.073005 0.197379 0.639367 
0.417022 0.063910 0.232147 0.618240 
0.430410 0.068831 0.184390 0.657691 
0.432083 0.069873 0.205646 0.646848 
0.423482 0.067112 0.225950 0.656600 
0.430055 0.069981 0.175312 0.671790 
0.422436 0.071716 0.207900 0.638222 
0.426583 0.071659 0.159668 0.694044 
0.411074 0.068283 0.206022 0.588805 
0.434964 0.070681 0.175324 0.668946 
0.408911 0.066853 0.214844 0.610377 
0.412969 0.061390 0.230250 0.639442 
0.420294 0.065670 0.184586 0.636322 
