0.625447 0.114876 0.336022 0.872883 
0.606954 0.114382 0.332735 0.853843 
0.637173 0.127105 0.352128 0.898708 
0.633098 0.125137 0.280286 0.894354 
0.618902 0.111634 0.310496 0.913213 
0.621975 0.110656 0.311898 0.876164 
0.617032 0.122555 0.241194 0.873797 
0.623119 0.124572 0.277965 0.891476 
0.620342 0.117489 0.330539 0.857464 
0.626885 0.119092 0.326392 0.886399 
0.620438 0.128002 0.317837 0.891290 
0.604459 0.108684 0.310857 0.880951 
0.637092 0.126124 0.350396 0.903339 
0.658612 0.117163 0.375837 0.887119 
0.650405 0.117073 0.364066 0.873838 
0.648145 0.113732 0.383423 0.864821 
0.645109 0.112765 0.361810 0.869567 
0.655577 0.122776 0.353819 0.910412 
0.655056 0.114608 0.345143 0.865080 
0.642783 0.107358 0.382343 0.867042 
0.667146 0.121763 0.357909 0.901060 
0.658474 0.117376 0.352328 0.873504 
0.650571 0.117394 0.373466 0.884479 
0.661663 0.124696 0.366897 0.896112 
0.663503 0.130531 0.317639 0.940430 
0.653600 0.119943 0.340926 0.884514 
0.635373 0.134293 0.276946 0.933329 
0.649241 0.121569 0.362840 0.941927 
0.645492 0.127531 0.368866 0.968180 
0.684439 0.136245 0.341547 0.959718 
0.683189 0.132999 0.329759 0.979277 
0.684414 0.136535 0.368729 0.979167 
0.653121 0.118854 0.372232 0.877524 
0.643854 0.137127 0.327447 0.946689 
0.658356 0.113852 0.349018 0.875885 
0.659188 0.139192 0.310156 0.962867 
0.648405 0.122049 0.353507 0.892848 
0.628231 0.119191 0.311058 0.871913 
0.622550 0.113033 0.340668 0.875517 
0.639365 0.124738 0.344517 0.892432 
0.632088 0.122946 0.331955 0.873338 
0.620480 0.112387 0.312891 0.865626 
0.641444 0.127278 0.334713 0.895436 
0.620627 0.114711 0.345985 0.888803 
0.637521 0.127291 0.357140 0.899956 
0.628218 0.117061 0.354422 0.862288 
0.634854 0.130141 0.346205 0.897327 
0.632156 0.121538 0.347826 0.878977 
0.633629 0.125362 0.326024 0.901800 
0.601911 0.119765 0.321351 0.855444 
0.572334 0.113931 0.298764 0.817534 
0.597345 0.119255 0.327432 0.855684 
0.576608 0.116977 0.310189 0.836319 
0.581460 0.114874 0.302606 0.819906 
0.592251 0.115386 0.344885 0.845911 
0.589198 0.125847 0.316626 0.887520 
0.580797 0.108267 0.315820 0.843145 
0.588857 0.112183 0.330856 0.826428 
0.570358 0.106141 0.312914 0.795673 
0.583479 0.112083 0.309061 0.818733 
0.635163 0.122951 0.366957 0.884275 
0.637677 0.111343 0.379192 0.874340 
0.620591 0.115659 0.348727 0.892587 
0.625909 0.111842 0.363269 0.872802 
0.632576 0.113550 0.337543 0.856514 
0.623823 0.112329 0.366328 0.856512 
0.625453 0.112307 0.361217 0.860747 
0.622770 0.107208 0.354839 0.864487 
0.641747 0.112178 0.381218 0.866753 
0.625514 0.114116 0.359511 0.858892 
0.613743 0.122047 0.255438 0.893076 
0.603825 0.113533 0.276597 0.863442 
0.601029 0.115478 0.261010 0.848249 
0.610475 0.117875 0.289606 0.891181 
0.620704 0.127570 0.260375 0.936895 
0.623091 0.120218 0.258145 0.906632 
0.590833 0.114681 0.287073 0.853686 
0.602088 0.118324 0.276828 0.866972 
0.613980 0.118775 0.274757 0.896976 
0.591146 0.119640 0.207156 0.889259 
0.598583 0.111833 0.260514 0.878211 
0.596378 0.115310 0.281811 0.845681 
0.605256 0.111510 0.320872 0.862228 
0.605807 0.124568 0.242809 0.874686 
0.609834 0.128464 0.273288 0.900800 
0.605811 0.120266 0.263441 0.882032 
0.630214 0.129344 0.329721 0.900775 
0.624695 0.124332 0.325240 0.906689 
0.612288 0.108675 0.333818 0.856497 
0.624173 0.112214 0.293137 0.850165 
0.635142 0.117653 0.344321 0.895919 
0.644140 0.122559 0.283410 0.901647 
0.617891 0.109110 0.349308 0.848585 
0.628124 0.109407 0.346954 0.852071 
0.628433 0.116389 0.308671 0.880482 
0.622649 0.114846 0.365014 0.879201 
0.617275 0.106055 0.351964 0.824618 
0.641075 0.129209 0.329153 0.900547 
0.636178 0.114873 0.356226 0.879520 
0.624100 0.117441 0.326767 0.875121 
0.601070 0.115491 0.300437 0.880381 
0.593295 0.112456 0.274909 0.851751 
0.588253 0.111874 0.298520 0.856688 
0.601112 0.117743 0.291850 0.896469 
0.612098 0.126684 0.328075 0.896845 
0.609645 0.123943 0.281390 0.893957 
0.625656 0.136160 0.275056 0.957527 
0.610044 0.112909 0.315672 0.867804 
0.604044 0.114673 0.244284 0.860742 
0.603620 0.110609 0.299971 0.870756 
0.586189 0.111108 0.285639 0.832300 
0.595389 0.108978 0.297064 0.851383 
0.601637 0.123779 0.311156 0.870824 
0.595452 0.117657 0.289662 0.845636 
0.601463 0.108043 0.322737 0.827752 
0.623296 0.126540 0.295676 0.880507 
0.627414 0.131082 0.322088 0.911476 
0.618683 0.128539 0.290167 0.900551 
0.606488 0.113249 0.310681 0.842914 
0.621732 0.125608 0.327142 0.909193 
0.602997 0.113767 0.314970 0.865014 
0.603570 0.109853 0.327559 0.840983 
0.617857 0.126999 0.240228 0.887870 
0.612274 0.127052 0.299041 0.927462 
0.626195 0.121561 0.263650 0.870598 
0.612755 0.112382 0.344719 0.875777 
0.605891 0.112107 0.314958 0.855814 
0.605531 0.122742 0.291019 0.863170 
0.595660 0.112429 0.288767 0.858737 
0.623644 0.135747 0.312481 0.897356 
0.614602 0.138563 0.282294 0.932863 
0.616048 0.134248 0.286228 0.885396 
0.632901 0.140063 0.284107 0.905619 
0.615089 0.124760 0.315064 0.895667 
0.611792 0.139115 0.267912 0.931828 
0.628171 0.135345 0.299142 0.893935 
0.611920 0.127012 0.294271 0.854482 
0.616050 0.139006 0.228417 0.892839 
0.593979 0.124117 0.247906 0.844155 
0.579783 0.101669 0.282862 0.791223 
0.604007 0.115326 0.300089 0.841637 
0.595620 0.119086 0.229689 0.834134 
0.594524 0.112753 0.251043 0.829035 
0.608058 0.122330 0.273638 0.872665 
0.627585 0.118496 0.303257 0.875364 
0.599516 0.110734 0.269492 0.824734 
0.608456 0.121425 0.250350 0.850737 
0.648668 0.120721 0.318935 0.875519 
0.613873 0.123425 0.267914 0.867011 
0.593291 0.112071 0.288786 0.843387 
0.594669 0.115479 0.297500 0.818979 
0.597127 0.119912 0.295996 0.828388 
0.652320 0.124557 0.363804 0.896196 
0.633743 0.113042 0.332509 0.861085 
0.638101 0.118622 0.350118 0.874306 
0.625656 0.123420 0.343551 0.883532 
0.660626 0.127282 0.358073 0.895233 
0.634798 0.123604 0.343617 0.876033 
0.634169 0.117538 0.340671 0.897988 
0.633426 0.116574 0.348034 0.884122 
0.638910 0.117266 0.328186 0.889607 
0.632735 0.117935 0.343443 0.886702 
0.634657 0.116116 0.344940 0.869252 
0.647031 0.117898 0.352080 0.883325 
0.643830 0.123021 0.334015 0.900174 
0.632406 0.108763 0.363708 0.851569 
0.624955 0.109267 0.339332 0.847778 
0.632527 0.097558 0.358369 0.843902 
0.634024 0.111755 0.300941 0.865309 
0.642572 0.105983 0.371039 0.862393 
0.633241 0.104785 0.307552 0.885801 
0.631441 0.105513 0.345890 0.868412 
0.644060 0.104175 0.346957 0.846980 
0.646522 0.118809 0.358639 0.903599 
0.643134 0.112291 0.324140 0.872125 
0.640513 0.116838 0.347591 0.896018 
0.619205 0.100415 0.367822 0.845897 
0.650230 0.116203 0.318920 0.885498 
0.613331 0.098620 0.356541 0.830981 
0.565057 0.113277 0.283199 0.840733 
0.587673 0.125753 0.304012 0.876593 
0.589840 0.122454 0.305010 0.877887 
0.584171 0.117659 0.300588 0.876924 
0.580951 0.123765 0.310383 0.854394 
0.583806 0.121261 0.288813 0.884037 
0.577522 0.125432 0.287132 0.864882 
0.583314 0.125346 0.296019 0.873266 
0.563235 0.111017 0.282769 0.827806 
0.589417 0.126838 0.279028 0.912157 
0.574911 0.117449 0.279244 0.853320 
0.584236 0.131907 0.256523 0.881619 
0.587865 0.128081 0.286076 0.896437 
