0.549619 0.114373 0.150948 0.833379 
0.533279 0.113053 0.129720 0.824991 
0.550325 0.118052 0.133112 0.848294 
0.555913 0.115465 0.140404 0.835312 
0.553082 0.116239 0.166080 0.851707 
0.563892 0.121164 0.161590 0.841682 
0.538559 0.112598 0.169524 0.826850 
0.549150 0.117530 0.139458 0.837787 
0.550680 0.121461 0.144543 0.854165 
0.552037 0.117686 0.162225 0.865438 
0.540500 0.113930 0.110025 0.822285 
0.544306 0.116343 0.151767 0.825485 
0.553396 0.116688 0.104061 0.846196 
0.581177 0.120800 0.159439 0.902444 
0.567655 0.116309 0.159665 0.873309 
0.575043 0.121625 0.162157 0.893053 
0.564889 0.119256 0.143830 0.899921 
0.588153 0.123185 0.143221 0.884738 
0.578358 0.119273 0.161099 0.898644 
0.582211 0.121176 0.129357 0.894119 
0.578876 0.120631 0.154243 0.927413 
0.584870 0.124951 0.138513 0.902930 
0.569302 0.119871 0.141849 0.893760 
0.574271 0.119523 0.145475 0.901044 
0.577943 0.121676 0.146709 0.892447 
0.568941 0.120253 0.137719 0.879875 
0.543973 0.108567 0.190090 0.859646 
0.554599 0.110526 0.168803 0.891638 
0.551668 0.119804 0.116319 0.872771 
0.570991 0.121727 0.109577 0.900360 
0.563895 0.110641 0.171855 0.878415 
0.565116 0.116551 0.176183 0.912715 
0.548538 0.109318 0.183890 0.859895 
0.533526 0.105863 0.172058 0.837926 
0.564074 0.110513 0.193830 0.885216 
0.561028 0.111471 0.174571 0.876953 
0.559664 0.118699 0.169708 0.864189 
0.551339 0.120870 0.191785 0.857720 
0.551198 0.119575 0.154518 0.872450 
0.551589 0.118894 0.161452 0.837395 
0.546006 0.118602 0.183352 0.849663 
0.538138 0.114296 0.152558 0.838556 
0.554883 0.116439 0.157713 0.858199 
0.539823 0.114799 0.185339 0.842968 
0.550739 0.117405 0.159351 0.852846 
0.543909 0.117130 0.153421 0.842923 
0.544524 0.113855 0.133009 0.834264 
0.537241 0.112181 0.162919 0.837313 
0.553688 0.121778 0.118498 0.844106 
0.503983 0.113086 0.134700 0.854683 
0.467373 0.105902 0.116715 0.785357 
0.491692 0.108968 0.085281 0.833218 
0.482831 0.109744 0.127811 0.833773 
0.487437 0.109522 0.139356 0.810159 
0.514587 0.115331 0.111317 0.880814 
0.484833 0.109592 0.096751 0.829037 
0.502874 0.114258 0.156559 0.848086 
0.496566 0.112082 0.143993 0.849417 
0.479727 0.105134 0.109052 0.808740 
0.486420 0.108897 0.157604 0.850223 
0.554555 0.111321 0.093757 0.864223 
0.553417 0.104143 0.171058 0.841814 
0.542758 0.107141 0.130913 0.844100 
0.562712 0.111405 0.192189 0.862664 
0.562347 0.109095 0.116500 0.869416 
0.549465 0.109672 0.166276 0.864311 
0.559840 0.113542 0.133515 0.867778 
0.548547 0.105256 0.169463 0.878201 
0.572337 0.112704 0.124818 0.887652 
0.547755 0.105349 0.206354 0.874569 
0.561710 0.114041 0.191360 0.886620 
0.556769 0.113733 0.156915 0.888065 
0.559619 0.112451 0.174943 0.857447 
0.564038 0.113734 0.179866 0.873016 
0.582904 0.121733 0.158761 0.886750 
0.572057 0.111319 0.171250 0.876289 
0.551682 0.113232 0.170361 0.882234 
0.558540 0.110495 0.193336 0.874338 
0.567576 0.114633 0.180478 0.866008 
0.561540 0.116505 0.143051 0.865137 
0.550415 0.111316 0.183955 0.854553 
0.550969 0.110385 0.190395 0.858688 
0.572538 0.121682 0.129422 0.868270 
0.561659 0.112888 0.178481 0.868844 
0.566381 0.118790 0.145322 0.889699 
0.563744 0.115600 0.128760 0.875912 
0.552286 0.121082 0.097495 0.862813 
0.554253 0.119334 0.090992 0.864349 
0.546721 0.115437 0.166950 0.866658 
0.548369 0.117682 0.123789 0.894428 
0.561048 0.117158 0.103419 0.874489 
0.574505 0.119190 0.176857 0.894246 
0.560919 0.123652 0.105395 0.868789 
0.563899 0.117895 0.180926 0.885590 
0.557630 0.119817 0.088991 0.868148 
0.536378 0.111319 0.151474 0.862749 
0.558193 0.118765 0.156159 0.862043 
0.556331 0.116563 0.147575 0.865602 
0.567107 0.116168 0.139554 0.895687 
0.548446 0.115640 0.111368 0.866050 
0.530965 0.121560 0.156015 0.888531 
0.531769 0.120454 0.090587 0.883558 
0.532198 0.118963 0.118208 0.832893 
0.536980 0.123743 0.132781 0.874866 
0.529473 0.127362 0.070319 0.860038 
0.515690 0.119934 0.137282 0.866363 
0.548603 0.129074 0.080928 0.884187 
0.543323 0.127964 0.123195 0.887806 
0.540666 0.127989 0.121559 0.854079 
0.535831 0.124293 0.076136 0.885013 
0.530505 0.120301 0.128226 0.857778 
0.538222 0.123462 0.149761 0.875498 
0.533078 0.124479 0.134930 0.862695 
0.514940 0.119776 0.114661 0.844164 
0.575389 0.140307 0.080425 0.879713 
0.566841 0.136224 0.114387 0.910050 
0.559732 0.129852 0.176527 0.867917 
0.566307 0.133467 0.152581 0.919322 
0.565530 0.139724 0.110802 0.907438 
0.567363 0.135956 0.123635 0.899145 
0.565297 0.130532 0.135314 0.890915 
0.559984 0.127934 0.094457 0.875882 
0.553831 0.123021 0.136820 0.864106 
0.561133 0.130030 0.129483 0.897059 
0.563978 0.137419 0.117992 0.891541 
0.566363 0.131132 0.141006 0.903317 
0.559796 0.129091 0.133994 0.896999 
0.528668 0.130671 0.079812 0.854018 
0.520012 0.123396 0.096254 0.842490 
0.524320 0.121156 0.089017 0.837789 
0.552645 0.134231 0.131708 0.915567 
0.529179 0.129625 0.121065 0.843997 
0.524023 0.119034 0.133446 0.855997 
0.528710 0.125074 0.176237 0.852587 
0.523100 0.123266 0.084166 0.861787 
0.535380 0.122872 0.171810 0.863383 
0.534269 0.121574 0.151962 0.849029 
0.528958 0.125728 0.133451 0.839444 
0.522005 0.120645 0.107098 0.847709 
0.503565 0.118979 0.124609 0.822710 
0.513270 0.125042 0.089312 0.855164 
0.502521 0.121141 0.105227 0.844647 
0.494114 0.115431 0.115088 0.791749 
0.514597 0.121745 0.101175 0.859768 
0.518271 0.119547 0.107190 0.830604 
0.511156 0.121181 0.113106 0.837208 
0.510646 0.123936 0.136610 0.850452 
0.542094 0.127910 0.127129 0.884651 
0.502486 0.121911 0.097438 0.837840 
0.519425 0.127640 0.110519 0.860322 
0.495314 0.113809 0.114812 0.784748 
0.516297 0.127564 0.097986 0.848063 
0.550284 0.104748 0.167117 0.849431 
0.544036 0.109100 0.177332 0.871709 
0.545642 0.113772 0.137313 0.903598 
0.546835 0.109627 0.152841 0.837547 
0.550624 0.107021 0.152231 0.871401 
0.539694 0.112475 0.160315 0.877728 
0.529484 0.106259 0.178645 0.854291 
0.553150 0.118523 0.133935 0.869970 
0.549238 0.114288 0.144175 0.873366 
0.543363 0.112180 0.161175 0.912992 
0.553967 0.117684 0.137667 0.871333 
0.560104 0.114210 0.168788 0.899423 
0.554267 0.113702 0.145296 0.860554 
0.550736 0.106073 0.146086 0.862027 
0.549007 0.110649 0.172655 0.857994 
0.575199 0.111569 0.184864 0.868879 
0.564182 0.110688 0.161061 0.857257 
0.571653 0.111307 0.194256 0.866254 
0.571315 0.111580 0.194100 0.872015 
0.550825 0.107588 0.177150 0.857817 
0.573482 0.109875 0.205928 0.854938 
0.566490 0.116259 0.183243 0.879364 
0.572381 0.113947 0.166953 0.854832 
0.560523 0.119096 0.202266 0.880006 
0.557561 0.107428 0.191145 0.841416 
0.563418 0.108188 0.191657 0.854302 
0.539451 0.106559 0.182508 0.858973 
0.500457 0.111872 0.132524 0.841248 
0.489706 0.104789 0.166485 0.861800 
0.474395 0.095128 0.195894 0.824297 
0.500819 0.106975 0.151301 0.833581 
0.497768 0.109372 0.172308 0.839045 
0.461183 0.097584 0.197278 0.850384 
0.481396 0.099929 0.185228 0.852584 
0.473591 0.101071 0.163977 0.814466 
0.478998 0.101738 0.161377 0.837454 
0.490922 0.099863 0.171957 0.846340 
0.484213 0.100035 0.170321 0.859133 
0.485436 0.105291 0.168443 0.855731 
0.481810 0.099879 0.172895 0.861026 
