0.384503 0.063130 0.232540 0.549037 
0.356802 0.054881 0.221841 0.496191 
0.369320 0.056434 0.229909 0.503085 
0.378480 0.056173 0.245412 0.546926 
0.383121 0.063865 0.227415 0.565874 
0.388965 0.060624 0.252041 0.548457 
0.378492 0.063469 0.222103 0.524949 
0.370398 0.058180 0.235369 0.497856 
0.372828 0.057907 0.224808 0.509242 
0.365027 0.053675 0.224666 0.509931 
0.372286 0.063124 0.209907 0.541689 
0.388140 0.071750 0.219174 0.532618 
0.378883 0.062198 0.219528 0.554219 
0.474279 0.105431 0.234495 0.722104 
0.459661 0.106544 0.225947 0.694587 
0.458363 0.097335 0.234579 0.657081 
0.455839 0.093513 0.232487 0.654164 
0.452011 0.096841 0.232259 0.669301 
0.464680 0.096580 0.248793 0.679535 
0.450300 0.096126 0.240676 0.648873 
0.461037 0.097402 0.242614 0.658891 
0.470276 0.103265 0.235548 0.682427 
0.451000 0.091864 0.247430 0.643176 
0.464434 0.094035 0.262488 0.649279 
0.443745 0.081979 0.251468 0.636015 
0.449892 0.096386 0.249547 0.640552 
0.365744 0.062656 0.214522 0.502740 
0.399768 0.062397 0.246974 0.548739 
0.377824 0.057591 0.236977 0.511663 
0.421304 0.079113 0.247391 0.608141 
0.428901 0.073936 0.253773 0.587809 
0.414886 0.068472 0.242797 0.571918 
0.398889 0.067422 0.235792 0.543244 
0.385865 0.071390 0.221724 0.544112 
0.405540 0.061173 0.255079 0.558333 
0.393063 0.065903 0.256758 0.546755 
0.395197 0.072324 0.241133 0.570778 
0.401471 0.081703 0.200780 0.578057 
0.407437 0.084579 0.205412 0.611916 
0.419573 0.095570 0.179305 0.616104 
0.406611 0.085680 0.208189 0.565275 
0.410824 0.090672 0.216939 0.594629 
0.409505 0.089963 0.207431 0.626203 
0.403037 0.079816 0.216949 0.578045 
0.418341 0.096318 0.209340 0.614131 
0.408063 0.091818 0.196950 0.671863 
0.407845 0.095122 0.186373 0.617087 
0.408119 0.084983 0.217405 0.564417 
0.401160 0.087063 0.205923 0.593749 
0.414335 0.081460 0.218667 0.577403 
0.407991 0.080127 0.197269 0.619889 
0.411499 0.076197 0.229405 0.573687 
0.392474 0.070200 0.220139 0.586983 
0.403972 0.071076 0.223836 0.590149 
0.418550 0.080720 0.230326 0.589987 
0.397307 0.073565 0.208415 0.569279 
0.398364 0.063300 0.219788 0.557539 
0.413971 0.070511 0.218907 0.587330 
0.399592 0.069565 0.228509 0.577798 
0.402303 0.068359 0.225599 0.556077 
0.420539 0.092679 0.196424 0.613885 
0.444469 0.094594 0.207151 0.629251 
0.416250 0.083748 0.215530 0.580107 
0.435149 0.102356 0.197074 0.659260 
0.445769 0.094916 0.183297 0.642499 
0.434468 0.089470 0.200117 0.626128 
0.440019 0.091349 0.197055 0.640109 
0.427057 0.090576 0.196945 0.625213 
0.448099 0.090231 0.229851 0.644243 
0.436975 0.094397 0.199094 0.642694 
0.388970 0.066342 0.212406 0.541280 
0.395172 0.069831 0.216537 0.560292 
0.396409 0.067759 0.209656 0.527203 
0.411495 0.076905 0.227865 0.595942 
0.403309 0.070634 0.220061 0.535766 
0.411355 0.069917 0.226390 0.564289 
0.389326 0.065548 0.209712 0.535936 
0.388480 0.063232 0.217346 0.535992 
0.398291 0.067643 0.223827 0.535701 
0.395130 0.067405 0.206359 0.546507 
0.393011 0.072406 0.202518 0.546112 
0.393975 0.069293 0.208541 0.518570 
0.410983 0.077331 0.211058 0.576128 
0.387381 0.058415 0.222758 0.516634 
0.388796 0.063845 0.217600 0.549884 
0.415096 0.072781 0.219014 0.587035 
0.365187 0.058804 0.224620 0.511081 
0.375286 0.058589 0.231264 0.516250 
0.375009 0.065692 0.223196 0.518658 
0.378614 0.061665 0.240210 0.541170 
0.360757 0.047614 0.249742 0.511074 
0.363939 0.049820 0.251134 0.495053 
0.358763 0.055442 0.238076 0.515642 
0.368570 0.050662 0.232472 0.475832 
0.355472 0.046685 0.248576 0.493464 
0.353841 0.050071 0.224404 0.469204 
0.385995 0.066359 0.229596 0.562288 
0.361915 0.052199 0.245464 0.515822 
0.367055 0.052933 0.235602 0.532988 
0.366626 0.049657 0.240817 0.504616 
0.392452 0.078699 0.220282 0.553269 
0.397040 0.083722 0.227174 0.570790 
0.383371 0.079066 0.216761 0.559610 
0.379436 0.070679 0.223288 0.527839 
0.376303 0.078287 0.204058 0.524854 
0.400676 0.085143 0.207110 0.608363 
0.393867 0.083501 0.222436 0.603971 
0.384603 0.074554 0.223298 0.568182 
0.398462 0.084004 0.220628 0.609638 
0.390295 0.079429 0.218259 0.561193 
0.375015 0.071404 0.215227 0.542544 
0.387053 0.081449 0.214814 0.562787 
0.393186 0.080109 0.226217 0.543070 
0.373462 0.070510 0.217928 0.551439 
0.387723 0.067690 0.224106 0.554222 
0.402173 0.067416 0.227713 0.544812 
0.402228 0.069389 0.232565 0.558369 
0.408613 0.080082 0.204567 0.574674 
0.390652 0.065420 0.222344 0.521434 
0.415003 0.084388 0.202955 0.576692 
0.404232 0.075433 0.216029 0.560490 
0.401747 0.070614 0.208385 0.522253 
0.377881 0.066675 0.208566 0.502963 
0.402034 0.073525 0.231668 0.553084 
0.397204 0.067721 0.229317 0.530297 
0.399937 0.071010 0.221858 0.574247 
0.375967 0.057764 0.246248 0.494531 
0.367246 0.064287 0.214952 0.520702 
0.376795 0.076556 0.221940 0.570704 
0.378620 0.072738 0.210478 0.580675 
0.365304 0.067032 0.208325 0.580022 
0.364466 0.069456 0.212293 0.566435 
0.366838 0.068137 0.202265 0.547473 
0.370065 0.067620 0.212498 0.542384 
0.356303 0.067519 0.211720 0.544687 
0.371996 0.067521 0.219170 0.525865 
0.370956 0.068106 0.218121 0.554263 
0.375663 0.074614 0.216403 0.585156 
0.362412 0.063896 0.219017 0.541359 
0.353592 0.073470 0.189126 0.542529 
0.354794 0.070170 0.197446 0.503898 
0.352119 0.069954 0.186967 0.515293 
0.366872 0.078081 0.207579 0.560237 
0.358394 0.069294 0.193482 0.524147 
0.384076 0.077055 0.211953 0.581387 
0.366357 0.076875 0.202254 0.590371 
0.368868 0.072992 0.198287 0.543371 
0.394338 0.074157 0.226184 0.570510 
0.371610 0.080510 0.211576 0.536810 
0.360696 0.069844 0.204942 0.498342 
0.363435 0.074274 0.192711 0.559776 
0.348454 0.068320 0.197613 0.540831 
0.353091 0.065033 0.221306 0.515167 
0.331075 0.053598 0.209180 0.471097 
0.343298 0.057378 0.190589 0.501498 
0.337512 0.053136 0.198074 0.502165 
0.354792 0.073798 0.199812 0.558411 
0.316379 0.046060 0.185416 0.453677 
0.336209 0.065848 0.193582 0.518968 
0.347566 0.057491 0.219395 0.496374 
0.317730 0.049830 0.178664 0.461430 
0.315875 0.055949 0.183050 0.485427 
0.328443 0.053707 0.206306 0.466601 
0.351177 0.058378 0.230973 0.485496 
0.339193 0.057747 0.191247 0.514231 
0.420270 0.063703 0.235681 0.577720 
0.406056 0.057680 0.252533 0.530993 
0.425222 0.068263 0.264124 0.583367 
0.429859 0.073592 0.258350 0.623269 
0.430196 0.066798 0.250756 0.566272 
0.438443 0.072339 0.261382 0.627924 
0.418140 0.069700 0.248461 0.579828 
0.421016 0.061411 0.264338 0.530940 
0.405472 0.053763 0.261669 0.538310 
0.418534 0.068187 0.251117 0.601903 
0.430072 0.066119 0.235408 0.573711 
0.409971 0.056072 0.260913 0.524655 
0.424598 0.066756 0.243552 0.558483 
0.409655 0.056680 0.257651 0.523568 
0.356440 0.055195 0.218399 0.474620 
0.346829 0.045886 0.222060 0.482371 
0.327572 0.039325 0.213859 0.427641 
0.351916 0.049225 0.231959 0.468046 
0.353624 0.053666 0.238726 0.489647 
0.348636 0.046320 0.226460 0.462752 
0.326944 0.035596 0.237288 0.415651 
0.349452 0.050243 0.226509 0.460605 
0.334229 0.041481 0.218967 0.430077 
0.365844 0.057652 0.234046 0.507733 
0.337836 0.045366 0.240441 0.442045 
0.355376 0.058115 0.220309 0.487863 
0.340267 0.042682 0.228129 0.426259 
