0.479636 0.108367 0.100561 0.793420 
0.471225 0.111138 0.115747 0.754970 
0.476880 0.110898 0.117884 0.780173 
0.486454 0.116814 0.120041 0.808324 
0.488416 0.110580 0.120596 0.790243 
0.489617 0.113291 0.098987 0.801820 
0.474462 0.110673 0.122306 0.782675 
0.462232 0.110078 0.111822 0.784110 
0.462251 0.104712 0.108036 0.750340 
0.477477 0.111267 0.128700 0.801602 
0.465825 0.110490 0.103017 0.797933 
0.478562 0.112162 0.141907 0.810731 
0.480940 0.113047 0.119782 0.812992 
0.505033 0.109185 0.134663 0.796425 
0.495232 0.104212 0.110710 0.778311 
0.499078 0.110779 0.093350 0.797006 
0.489599 0.102229 0.143909 0.771213 
0.492809 0.100563 0.103597 0.763382 
0.493550 0.109991 0.152030 0.774497 
0.491564 0.104520 0.113054 0.790092 
0.502513 0.107696 0.118408 0.802817 
0.491948 0.103440 0.080313 0.747810 
0.485622 0.106588 0.096749 0.753692 
0.503261 0.107763 0.126617 0.785250 
0.487016 0.108883 0.140495 0.755363 
0.478959 0.108276 0.063170 0.784650 
0.461839 0.110679 0.125292 0.762519 
0.489738 0.112486 0.113673 0.751380 
0.472108 0.115826 0.123428 0.752878 
0.504444 0.114913 0.116885 0.791051 
0.496575 0.112338 0.129930 0.768097 
0.506388 0.117479 0.111672 0.797305 
0.489155 0.110890 0.126385 0.758241 
0.449548 0.099604 0.113684 0.713809 
0.485097 0.113001 0.102009 0.743083 
0.472873 0.104827 0.133014 0.742881 
0.467515 0.112793 0.134574 0.745754 
0.429765 0.088101 0.048378 0.683641 
0.432399 0.088347 0.112755 0.701658 
0.436318 0.086190 0.082648 0.680983 
0.430590 0.084086 0.119126 0.703567 
0.430751 0.084801 0.104812 0.685854 
0.465537 0.093373 0.087969 0.748607 
0.434862 0.085634 0.130078 0.669287 
0.454885 0.092067 0.083706 0.700621 
0.435027 0.091279 0.113314 0.707706 
0.431026 0.085664 0.121229 0.667851 
0.437571 0.088205 0.098898 0.685282 
0.429178 0.080692 0.100874 0.646123 
0.485417 0.115149 0.103916 0.752759 
0.465954 0.114726 0.086488 0.745514 
0.490407 0.116744 0.137602 0.753590 
0.457895 0.114638 0.061358 0.707132 
0.481332 0.112102 0.104588 0.738384 
0.487670 0.113574 0.100959 0.750557 
0.472034 0.118760 0.104941 0.738109 
0.484258 0.118370 0.093553 0.774452 
0.488436 0.116066 0.147993 0.742951 
0.474367 0.114174 0.130781 0.743266 
0.485320 0.112576 0.110160 0.752469 
0.464175 0.101730 0.099533 0.720007 
0.484394 0.101576 0.089011 0.732771 
0.447497 0.098935 0.116961 0.690244 
0.457466 0.102305 0.109084 0.743305 
0.488427 0.105145 0.120919 0.770136 
0.463267 0.100705 0.107526 0.724305 
0.454677 0.098043 0.104316 0.711842 
0.465627 0.101688 0.113073 0.717740 
0.502998 0.106684 0.107348 0.773075 
0.475526 0.102095 0.132440 0.729353 
0.430013 0.096038 0.125212 0.724340 
0.436293 0.099450 0.124991 0.719063 
0.434000 0.095625 0.159193 0.731656 
0.428471 0.101844 0.136159 0.709728 
0.425657 0.097780 0.154370 0.761288 
0.443877 0.100601 0.144863 0.788151 
0.415499 0.099068 0.123616 0.727736 
0.424067 0.096393 0.139899 0.740108 
0.423172 0.098209 0.148008 0.726093 
0.418016 0.090686 0.160301 0.755000 
0.432266 0.103544 0.156123 0.756817 
0.416999 0.091285 0.129381 0.688809 
0.426694 0.103249 0.112107 0.715979 
0.436643 0.101343 0.132311 0.733825 
0.417565 0.092255 0.146680 0.697191 
0.440490 0.100731 0.133194 0.698704 
0.483079 0.108403 0.108236 0.756406 
0.497175 0.109719 0.120806 0.787568 
0.497124 0.111452 0.096823 0.777178 
0.499847 0.114594 0.109178 0.786770 
0.504500 0.106183 0.120843 0.785803 
0.512363 0.111144 0.132466 0.810456 
0.495465 0.110965 0.105375 0.808720 
0.513055 0.114484 0.088014 0.817036 
0.498705 0.112928 0.124653 0.809073 
0.502587 0.112601 0.117841 0.799418 
0.504309 0.114271 0.128971 0.812085 
0.506513 0.111899 0.116648 0.796721 
0.511887 0.112363 0.126638 0.810429 
0.505756 0.115710 0.084652 0.801568 
0.462695 0.102687 0.107232 0.738574 
0.465445 0.101679 0.143160 0.732201 
0.451514 0.097930 0.113859 0.772840 
0.460824 0.106978 0.133517 0.714851 
0.470454 0.112713 0.124431 0.766593 
0.459257 0.101303 0.099848 0.704031 
0.466479 0.104266 0.081962 0.737246 
0.480157 0.117700 0.101562 0.752430 
0.467826 0.100807 0.118671 0.723907 
0.470470 0.106236 0.123596 0.751008 
0.446826 0.100858 0.113787 0.696476 
0.464601 0.103979 0.121484 0.767661 
0.443430 0.099345 0.145178 0.728433 
0.453181 0.098849 0.127312 0.716653 
0.459550 0.103795 0.080397 0.716437 
0.475967 0.101581 0.091529 0.728249 
0.470179 0.102331 0.076688 0.682894 
0.471362 0.103102 0.102064 0.712053 
0.462868 0.094692 0.104059 0.695692 
0.465693 0.101879 0.092729 0.686972 
0.464072 0.100059 0.100797 0.712733 
0.468379 0.102824 0.089698 0.704021 
0.461929 0.103572 0.096532 0.721869 
0.473616 0.105038 0.091345 0.716809 
0.467491 0.104009 0.105510 0.705318 
0.465338 0.099187 0.081822 0.707646 
0.473657 0.106450 0.107063 0.751557 
0.424515 0.093270 0.044492 0.657857 
0.427504 0.089537 0.088832 0.681646 
0.418114 0.091072 0.106131 0.659155 
0.425415 0.094120 0.118775 0.687448 
0.425622 0.094780 0.087452 0.679594 
0.426080 0.093062 0.111573 0.647825 
0.419992 0.092061 0.124716 0.644124 
0.422628 0.086922 0.080437 0.652828 
0.420939 0.091464 0.087181 0.662070 
0.418002 0.088840 0.144307 0.661091 
0.416692 0.089793 0.071285 0.643870 
0.412852 0.087899 0.083378 0.643718 
0.444937 0.108934 0.131032 0.775398 
0.459186 0.114464 0.106662 0.746223 
0.467559 0.120795 0.071804 0.791403 
0.478344 0.121983 0.090379 0.800954 
0.473055 0.117826 0.152251 0.782764 
0.481057 0.106613 0.100629 0.741294 
0.470417 0.116813 0.086934 0.773075 
0.481815 0.122408 0.079620 0.810803 
0.506884 0.115774 0.143712 0.782844 
0.489880 0.119628 0.119079 0.800648 
0.460624 0.111964 0.106700 0.753631 
0.475346 0.113395 0.121215 0.785965 
0.450319 0.104048 0.111769 0.734617 
0.469054 0.094070 0.141804 0.701609 
0.480092 0.101849 0.123914 0.792525 
0.469643 0.097012 0.116648 0.795675 
0.469111 0.100579 0.083202 0.771348 
0.477955 0.098591 0.126304 0.804891 
0.461960 0.101162 0.076099 0.729574 
0.460424 0.094446 0.097662 0.696837 
0.469867 0.097966 0.101728 0.761829 
0.472757 0.097351 0.108790 0.709269 
0.457327 0.097985 0.075834 0.738204 
0.461200 0.094703 0.106344 0.706542 
0.489569 0.101474 0.076638 0.740871 
0.470282 0.099765 0.132931 0.748849 
0.470374 0.100387 0.107640 0.757050 
0.477390 0.112041 0.097148 0.775963 
0.485256 0.109675 0.117265 0.769898 
0.479478 0.104858 0.073808 0.782691 
0.490748 0.113229 0.100279 0.805517 
0.490845 0.106566 0.108331 0.769612 
0.477259 0.104705 0.121665 0.778769 
0.499115 0.109503 0.145992 0.771278 
0.466936 0.102518 0.142936 0.765926 
0.474567 0.108167 0.124539 0.773605 
0.485320 0.109996 0.099870 0.808862 
0.481489 0.104471 0.064196 0.763006 
0.494818 0.110446 0.082637 0.770300 
0.469428 0.107338 0.099226 0.774577 
0.438870 0.097096 0.097349 0.727555 
0.435036 0.094975 0.092317 0.717224 
0.448781 0.099705 0.108400 0.751294 
0.440817 0.097424 0.093291 0.750168 
0.440413 0.100420 0.133699 0.761548 
0.442855 0.092008 0.130915 0.741866 
0.431188 0.093188 0.087583 0.742975 
0.433799 0.090358 0.092963 0.699352 
0.429510 0.097460 0.091463 0.706937 
0.445640 0.099365 0.094080 0.733251 
0.425131 0.089219 0.078060 0.668888 
0.421537 0.091087 0.123686 0.702010 
0.431331 0.091119 0.112612 0.678704 
