0.459924 0.117982 0.208419 0.710419 
0.439628 0.106959 0.202086 0.669756 
0.451291 0.108711 0.230240 0.685118 
0.463732 0.118238 0.221997 0.740476 
0.458257 0.115524 0.209556 0.696490 
0.474647 0.118324 0.215210 0.718283 
0.453807 0.123471 0.191347 0.712110 
0.448102 0.108617 0.208675 0.690767 
0.443757 0.105163 0.220384 0.680013 
0.451984 0.109162 0.220058 0.684070 
0.452544 0.115159 0.206769 0.708811 
0.446996 0.111460 0.207824 0.696472 
0.463463 0.117514 0.199454 0.698443 
0.485908 0.095810 0.198995 0.715412 
0.481902 0.107587 0.190295 0.720637 
0.478696 0.098919 0.180307 0.701756 
0.474390 0.098758 0.204656 0.741752 
0.476368 0.098374 0.180318 0.691929 
0.484640 0.104807 0.163860 0.741989 
0.493652 0.108475 0.218158 0.763825 
0.496895 0.104912 0.187907 0.740546 
0.483953 0.097879 0.226449 0.721324 
0.473935 0.099338 0.197239 0.716707 
0.485477 0.103248 0.186034 0.731630 
0.471124 0.093679 0.239215 0.711021 
0.469038 0.095568 0.220174 0.733922 
0.447630 0.074353 0.248188 0.670677 
0.457039 0.081179 0.207261 0.688858 
0.455529 0.079696 0.240190 0.659896 
0.492937 0.090148 0.218156 0.739108 
0.487436 0.092268 0.214481 0.695914 
0.484629 0.088726 0.194774 0.707448 
0.475698 0.086650 0.219018 0.692771 
0.461513 0.087768 0.254046 0.706554 
0.487241 0.091560 0.216133 0.722957 
0.473055 0.090120 0.224134 0.751403 
0.461921 0.080159 0.240423 0.672630 
0.462300 0.118705 0.147402 0.752463 
0.460571 0.122880 0.137896 0.747407 
0.461797 0.119150 0.134390 0.732422 
0.460348 0.118168 0.149693 0.755612 
0.462269 0.123032 0.151949 0.776907 
0.471416 0.118984 0.145469 0.763966 
0.458503 0.117446 0.164559 0.734692 
0.461529 0.115872 0.169767 0.728407 
0.466184 0.118755 0.162261 0.739565 
0.451102 0.113025 0.148887 0.715348 
0.455007 0.118409 0.139347 0.740521 
0.457969 0.115596 0.155334 0.729945 
0.435638 0.123827 0.133314 0.742223 
0.422229 0.121184 0.120924 0.738074 
0.444908 0.113860 0.197703 0.755455 
0.423844 0.104015 0.170849 0.676070 
0.422459 0.126488 0.107268 0.720816 
0.429581 0.112880 0.146977 0.744142 
0.430499 0.117615 0.187948 0.764701 
0.427088 0.111329 0.200105 0.698514 
0.437145 0.120821 0.166902 0.736672 
0.426474 0.116424 0.166480 0.778757 
0.439976 0.114610 0.136622 0.716968 
0.464431 0.101169 0.229242 0.717991 
0.468393 0.105175 0.186121 0.718186 
0.458583 0.102944 0.233401 0.693802 
0.465040 0.106945 0.210306 0.712499 
0.474212 0.104235 0.201678 0.749667 
0.469718 0.105016 0.215663 0.698536 
0.461235 0.099351 0.215756 0.698927 
0.464231 0.105483 0.204605 0.732675 
0.477131 0.098225 0.205015 0.698019 
0.469785 0.104102 0.199121 0.718666 
0.451046 0.099455 0.237984 0.705302 
0.449127 0.092812 0.257354 0.706482 
0.447826 0.096206 0.232837 0.684127 
0.462334 0.101872 0.222190 0.762219 
0.461920 0.105637 0.237863 0.710241 
0.470715 0.108229 0.248973 0.760428 
0.447781 0.094458 0.232221 0.733619 
0.451031 0.093974 0.240017 0.716291 
0.458329 0.100889 0.204148 0.740702 
0.449025 0.100532 0.208508 0.736694 
0.452715 0.101494 0.242592 0.710024 
0.442051 0.093452 0.233423 0.683429 
0.465445 0.101213 0.228679 0.757965 
0.446412 0.097374 0.251261 0.657840 
0.445006 0.095425 0.243685 0.696268 
0.449085 0.095494 0.245380 0.703581 
0.473171 0.119764 0.206431 0.750015 
0.480828 0.124852 0.203538 0.790026 
0.486495 0.130446 0.214192 0.781888 
0.494096 0.128979 0.161619 0.782062 
0.490526 0.124563 0.208583 0.749880 
0.498431 0.126765 0.176360 0.766061 
0.485487 0.127631 0.196098 0.780892 
0.492538 0.123410 0.170625 0.763752 
0.476588 0.119381 0.199397 0.746493 
0.473721 0.119967 0.180985 0.753960 
0.480853 0.120887 0.213583 0.791797 
0.482501 0.121293 0.236915 0.781243 
0.498147 0.121886 0.224046 0.793237 
0.481077 0.125966 0.181114 0.767602 
0.441325 0.110579 0.203916 0.733628 
0.444196 0.111612 0.208156 0.719243 
0.442079 0.113574 0.170832 0.758569 
0.442458 0.120892 0.207023 0.730516 
0.437093 0.110460 0.202518 0.731164 
0.445727 0.112844 0.202785 0.716222 
0.435874 0.101654 0.212108 0.726076 
0.447049 0.119556 0.160343 0.758895 
0.443861 0.110990 0.143972 0.733817 
0.449677 0.113771 0.207308 0.725914 
0.438018 0.114493 0.203616 0.699631 
0.438355 0.110006 0.186688 0.719293 
0.440016 0.111276 0.194873 0.725540 
0.438503 0.116175 0.176405 0.768145 
0.445979 0.100408 0.252542 0.677064 
0.452656 0.095456 0.234171 0.664563 
0.457956 0.108148 0.255404 0.708582 
0.453592 0.101757 0.200129 0.674427 
0.449177 0.097092 0.263382 0.681132 
0.457449 0.094388 0.246227 0.637274 
0.448377 0.099988 0.199625 0.669569 
0.452934 0.106801 0.213882 0.701412 
0.443814 0.094588 0.242791 0.674623 
0.451539 0.101663 0.250785 0.681107 
0.453061 0.102340 0.254675 0.681921 
0.458320 0.107938 0.236511 0.720712 
0.462359 0.110073 0.213895 0.705272 
0.410721 0.083119 0.212115 0.614122 
0.417227 0.082418 0.194258 0.647509 
0.425572 0.093713 0.173211 0.620256 
0.410884 0.087729 0.179219 0.613284 
0.411436 0.081267 0.223654 0.591201 
0.423518 0.092138 0.215282 0.640297 
0.419846 0.092285 0.199818 0.615488 
0.405052 0.075724 0.230321 0.560016 
0.416987 0.088162 0.209040 0.614550 
0.412508 0.093575 0.187867 0.625656 
0.419376 0.086943 0.192942 0.624843 
0.398941 0.079574 0.190942 0.599572 
0.427603 0.086597 0.189156 0.623259 
0.433501 0.088388 0.205093 0.619727 
0.427343 0.088532 0.161971 0.655627 
0.443389 0.099583 0.179821 0.659899 
0.444205 0.092506 0.186199 0.684816 
0.460976 0.098110 0.186888 0.690536 
0.436139 0.089934 0.167596 0.658245 
0.440445 0.090171 0.149722 0.654353 
0.467057 0.101241 0.138742 0.706887 
0.443570 0.091981 0.185372 0.667564 
0.433396 0.087317 0.190191 0.650019 
0.431711 0.088990 0.181329 0.640668 
0.424565 0.087863 0.183676 0.672734 
0.477674 0.112540 0.154267 0.699967 
0.469837 0.106661 0.177835 0.689623 
0.470442 0.102669 0.190342 0.676872 
0.460340 0.111086 0.168171 0.706974 
0.483627 0.115485 0.168578 0.716470 
0.470555 0.106295 0.185782 0.706179 
0.475938 0.113953 0.197850 0.709669 
0.472620 0.107677 0.215846 0.721984 
0.474854 0.101870 0.193330 0.677736 
0.472331 0.107214 0.183024 0.706716 
0.477356 0.108032 0.179133 0.694384 
0.486492 0.108030 0.197909 0.692523 
0.472342 0.105077 0.205408 0.681037 
0.490888 0.126165 0.215391 0.788930 
0.480182 0.119765 0.202321 0.785300 
0.499304 0.123581 0.225027 0.797226 
0.484511 0.126396 0.188832 0.786822 
0.503823 0.129760 0.221540 0.800667 
0.498219 0.130190 0.186388 0.819281 
0.496744 0.129495 0.186639 0.793475 
0.509284 0.133151 0.228082 0.810897 
0.488468 0.124974 0.206573 0.761173 
0.500514 0.127046 0.229327 0.808067 
0.488004 0.118788 0.196806 0.757650 
0.488358 0.129196 0.185923 0.772676 
0.508884 0.130724 0.221400 0.814544 
0.482780 0.127243 0.187304 0.784955 
0.417165 0.099553 0.194835 0.656441 
0.425950 0.106431 0.231489 0.718767 
0.423228 0.108905 0.218897 0.703812 
0.427568 0.103417 0.231775 0.712401 
0.431318 0.102883 0.209404 0.686016 
0.425389 0.111896 0.230441 0.710249 
0.417186 0.107070 0.191600 0.707808 
0.423597 0.113126 0.190625 0.739795 
0.417130 0.112848 0.196709 0.743252 
0.433635 0.106360 0.195210 0.729132 
0.423131 0.108292 0.194778 0.675730 
0.421469 0.106791 0.212536 0.712672 
0.423609 0.105805 0.219823 0.689543 
