0.611941 0.120598 0.310038 0.859565 
0.606834 0.125977 0.278852 0.854577 
0.614068 0.124002 0.303850 0.865414 
0.626444 0.123862 0.342398 0.878400 
0.622034 0.134010 0.312548 0.896741 
0.624731 0.123578 0.298569 0.868447 
0.605651 0.121940 0.307304 0.837146 
0.604159 0.115835 0.317127 0.842673 
0.601711 0.114644 0.325368 0.833839 
0.614900 0.122244 0.302196 0.870620 
0.606486 0.121589 0.317125 0.860851 
0.609935 0.127177 0.307930 0.876046 
0.617190 0.122343 0.324381 0.870747 
0.648296 0.127973 0.284638 0.871807 
0.638649 0.132058 0.300754 0.866639 
0.636866 0.125922 0.317789 0.856894 
0.636296 0.125355 0.308741 0.860410 
0.628516 0.121627 0.315473 0.868323 
0.644553 0.127999 0.310175 0.854785 
0.641903 0.129528 0.288638 0.872229 
0.651712 0.132411 0.296903 0.884671 
0.639046 0.123714 0.319579 0.861996 
0.631872 0.123482 0.293192 0.858998 
0.648499 0.132763 0.315190 0.873461 
0.636828 0.124810 0.328279 0.861679 
0.627857 0.122807 0.289663 0.873585 
0.595119 0.109582 0.302263 0.788099 
0.617577 0.123119 0.318423 0.855224 
0.600248 0.112189 0.309642 0.787037 
0.637533 0.116247 0.328453 0.835069 
0.627931 0.116587 0.312319 0.851339 
0.629497 0.117731 0.327071 0.863031 
0.618256 0.120891 0.315744 0.822385 
0.602060 0.122506 0.291358 0.825905 
0.638303 0.129498 0.275720 0.943646 
0.616849 0.120274 0.314605 0.839525 
0.605857 0.121310 0.287676 0.808212 
0.604253 0.123065 0.285268 0.836880 
0.601052 0.117951 0.297637 0.825640 
0.612820 0.124777 0.292590 0.831567 
0.602396 0.113892 0.345586 0.821019 
0.598280 0.115508 0.323095 0.809074 
0.620724 0.128267 0.320756 0.830737 
0.604921 0.122735 0.303519 0.854123 
0.612090 0.125097 0.298598 0.825382 
0.605960 0.119857 0.327066 0.827437 
0.597085 0.122045 0.279489 0.830121 
0.608266 0.119708 0.311986 0.832337 
0.594795 0.114416 0.285402 0.817719 
0.599740 0.131305 0.290210 0.851844 
0.576188 0.134085 0.233817 0.812473 
0.591541 0.122830 0.293867 0.828962 
0.568518 0.119328 0.250530 0.777353 
0.581391 0.121153 0.288417 0.800350 
0.587999 0.123330 0.275833 0.799731 
0.575164 0.121047 0.256395 0.804856 
0.582326 0.121034 0.291644 0.799685 
0.596139 0.124998 0.296402 0.822660 
0.579258 0.120485 0.285312 0.798793 
0.593778 0.127210 0.274313 0.826372 
0.603478 0.114908 0.300600 0.804249 
0.616305 0.121821 0.318624 0.815505 
0.590726 0.113105 0.288881 0.795194 
0.605721 0.118970 0.304206 0.815028 
0.631341 0.131718 0.305828 0.855095 
0.601571 0.119888 0.295919 0.810788 
0.596957 0.121186 0.279254 0.810517 
0.606524 0.116293 0.304262 0.807742 
0.630513 0.125257 0.306351 0.841120 
0.620030 0.124527 0.288521 0.825311 
0.601542 0.126240 0.309300 0.867956 
0.594845 0.115790 0.302299 0.828929 
0.593132 0.120310 0.266741 0.842904 
0.600397 0.119076 0.295666 0.833921 
0.601128 0.118162 0.314089 0.862888 
0.611959 0.123177 0.288236 0.867488 
0.581383 0.112173 0.305471 0.814639 
0.597834 0.122370 0.269789 0.848090 
0.600453 0.120968 0.309417 0.868686 
0.582323 0.114815 0.265502 0.823823 
0.602207 0.119668 0.301582 0.822471 
0.584153 0.116702 0.293097 0.830277 
0.596932 0.114858 0.298901 0.838750 
0.599019 0.124660 0.301049 0.854866 
0.580697 0.117656 0.306217 0.839093 
0.595422 0.118361 0.322935 0.841186 
0.603865 0.123239 0.283687 0.850280 
0.598318 0.119401 0.321636 0.838134 
0.604935 0.121553 0.323450 0.843486 
0.612245 0.127817 0.312780 0.840952 
0.615389 0.116244 0.307635 0.824661 
0.625130 0.119748 0.318092 0.850828 
0.612164 0.122408 0.298538 0.820018 
0.618901 0.118470 0.337627 0.824170 
0.617687 0.121946 0.317444 0.840919 
0.612766 0.133116 0.322246 0.847757 
0.617474 0.126694 0.302303 0.842494 
0.607681 0.115715 0.318543 0.841640 
0.626423 0.121968 0.327337 0.872538 
0.605812 0.120223 0.300079 0.834239 
0.606965 0.126408 0.297935 0.839012 
0.603627 0.125609 0.324225 0.826736 
0.588865 0.120812 0.293609 0.846447 
0.612440 0.134747 0.275814 0.896240 
0.607693 0.135576 0.308478 0.859963 
0.612635 0.129676 0.313651 0.854444 
0.600423 0.134579 0.256176 0.870643 
0.611360 0.129711 0.309101 0.837722 
0.605894 0.127244 0.289444 0.843500 
0.615222 0.132151 0.296059 0.850088 
0.583586 0.122878 0.315323 0.831853 
0.598040 0.129040 0.305681 0.840996 
0.588240 0.122921 0.289517 0.854308 
0.595748 0.132764 0.310025 0.832693 
0.596789 0.127755 0.266822 0.811479 
0.617078 0.140339 0.300958 0.855630 
0.626772 0.148042 0.309310 0.891911 
0.622170 0.140948 0.310436 0.853611 
0.613679 0.137670 0.308283 0.838134 
0.617100 0.147744 0.263215 0.877464 
0.614961 0.143678 0.295088 0.875123 
0.615594 0.143234 0.303028 0.858594 
0.615831 0.140596 0.302209 0.879939 
0.617144 0.150073 0.296133 0.865312 
0.615013 0.135765 0.307625 0.854502 
0.629384 0.142119 0.322973 0.863924 
0.618193 0.141087 0.318472 0.857886 
0.573209 0.135299 0.210669 0.868338 
0.576286 0.130046 0.299682 0.843347 
0.575854 0.131698 0.295004 0.877319 
0.565299 0.127590 0.303134 0.852440 
0.575449 0.137003 0.276513 0.860874 
0.588516 0.132880 0.289687 0.895076 
0.587059 0.137020 0.301038 0.883472 
0.572256 0.138398 0.240494 0.891681 
0.585275 0.134601 0.285918 0.895341 
0.568947 0.122430 0.284742 0.823846 
0.574263 0.134119 0.283283 0.866141 
0.558737 0.126592 0.276039 0.813045 
0.578898 0.120013 0.315399 0.792338 
0.591664 0.122953 0.320631 0.800236 
0.592233 0.128162 0.311811 0.827433 
0.595012 0.131205 0.313613 0.838680 
0.600620 0.133128 0.289933 0.829070 
0.628915 0.138872 0.310670 0.863409 
0.598924 0.130093 0.308337 0.819089 
0.602617 0.130832 0.308573 0.829596 
0.639154 0.134371 0.333511 0.877373 
0.606917 0.127879 0.313446 0.837484 
0.589630 0.122757 0.319187 0.814117 
0.595034 0.130880 0.287965 0.826293 
0.589261 0.125557 0.294565 0.823022 
0.630316 0.127104 0.311911 0.861376 
0.615923 0.125783 0.293671 0.838416 
0.619330 0.131972 0.265749 0.852316 
0.605030 0.129038 0.274994 0.867818 
0.628651 0.131263 0.316766 0.871292 
0.612566 0.132301 0.289169 0.873648 
0.620715 0.135198 0.302805 0.863070 
0.614988 0.129091 0.281062 0.847691 
0.620071 0.132528 0.305310 0.856012 
0.613626 0.128930 0.290231 0.857642 
0.618048 0.132154 0.289130 0.851081 
0.628952 0.127577 0.282089 0.861644 
0.620858 0.133900 0.274463 0.872216 
0.616695 0.118342 0.273863 0.819525 
0.615032 0.118430 0.312495 0.807470 
0.644691 0.128152 0.308332 0.865254 
0.631096 0.127074 0.285885 0.841479 
0.643937 0.127284 0.292185 0.854061 
0.642355 0.125469 0.274611 0.844881 
0.639130 0.127986 0.260085 0.868491 
0.647918 0.128132 0.290945 0.863193 
0.628716 0.132287 0.268408 0.850593 
0.631444 0.123453 0.245190 0.848023 
0.635999 0.129896 0.308340 0.868247 
0.623486 0.123331 0.256668 0.806415 
0.644702 0.129518 0.303646 0.870650 
0.627026 0.128954 0.313449 0.867641 
0.571783 0.131060 0.286427 0.841647 
0.578875 0.132475 0.275797 0.862449 
0.582947 0.142948 0.279703 0.862944 
0.581757 0.138943 0.279314 0.857762 
0.578860 0.137505 0.267626 0.857811 
0.591751 0.146094 0.281971 0.873597 
0.569713 0.137681 0.255317 0.855778 
0.575802 0.142387 0.273405 0.851455 
0.564929 0.130875 0.287306 0.841077 
0.582144 0.142312 0.274418 0.892098 
0.571537 0.126708 0.267129 0.843032 
0.569726 0.133414 0.258368 0.877584 
0.584201 0.135250 0.273093 0.847839 
