0.454513 0.095134 0.206695 0.657524 
0.457976 0.107085 0.214666 0.681823 
0.455190 0.097503 0.209730 0.644754 
0.467050 0.103198 0.216771 0.693297 
0.458488 0.098363 0.229234 0.674913 
0.467137 0.101357 0.206822 0.684737 
0.456979 0.105702 0.211611 0.668756 
0.420860 0.082353 0.202969 0.618613 
0.432287 0.084341 0.235176 0.606172 
0.443371 0.091707 0.225351 0.601888 
0.454775 0.104523 0.201989 0.667719 
0.449920 0.095341 0.217582 0.655818 
0.464246 0.101282 0.227038 0.683995 
0.479950 0.105114 0.207209 0.717554 
0.475995 0.115052 0.196905 0.715228 
0.461887 0.093254 0.201436 0.653570 
0.473328 0.105028 0.214430 0.702500 
0.470345 0.099869 0.203549 0.689959 
0.490360 0.113754 0.190176 0.765386 
0.499315 0.123004 0.175620 0.747217 
0.494343 0.115370 0.220413 0.756502 
0.482536 0.111690 0.203263 0.737593 
0.469520 0.104005 0.213726 0.707012 
0.468316 0.097615 0.221910 0.640306 
0.471633 0.105853 0.215541 0.688562 
0.465128 0.096690 0.216114 0.656790 
0.427751 0.097494 0.185136 0.661284 
0.453003 0.102390 0.190091 0.673456 
0.443296 0.105079 0.189018 0.656750 
0.487912 0.129277 0.195158 0.777658 
0.488181 0.122936 0.173264 0.768744 
0.485623 0.125142 0.185848 0.763256 
0.462083 0.116017 0.188164 0.708905 
0.446008 0.113351 0.181249 0.690329 
0.493143 0.125004 0.182037 0.774924 
0.474047 0.126149 0.195739 0.745769 
0.444720 0.109287 0.173936 0.693959 
0.439392 0.095092 0.214155 0.652828 
0.438109 0.094116 0.204316 0.647539 
0.451901 0.099335 0.207391 0.660410 
0.440978 0.095016 0.206208 0.663573 
0.446872 0.097991 0.198256 0.668101 
0.455039 0.099459 0.206662 0.670409 
0.444662 0.099728 0.205666 0.662353 
0.437268 0.094855 0.208875 0.615658 
0.452618 0.103186 0.209879 0.692097 
0.422716 0.089083 0.193191 0.617834 
0.435708 0.093181 0.211606 0.632790 
0.431127 0.092114 0.206227 0.615634 
0.412317 0.099817 0.179357 0.639732 
0.403144 0.100407 0.169376 0.661959 
0.407589 0.095491 0.178836 0.631010 
0.396169 0.090613 0.163447 0.597628 
0.398994 0.090828 0.186233 0.586698 
0.407869 0.093601 0.172245 0.627275 
0.403943 0.094917 0.146941 0.620848 
0.401060 0.092325 0.189644 0.606060 
0.409618 0.093488 0.175973 0.610518 
0.401804 0.092761 0.181572 0.648946 
0.406834 0.096780 0.172484 0.635603 
0.465095 0.095100 0.169775 0.635935 
0.479503 0.097524 0.188310 0.687311 
0.476078 0.100786 0.204041 0.693918 
0.483470 0.109150 0.173470 0.693883 
0.490107 0.105324 0.169415 0.722392 
0.484524 0.106271 0.189552 0.716780 
0.467788 0.098489 0.193545 0.671439 
0.477779 0.100402 0.185829 0.680830 
0.482246 0.095052 0.177889 0.708060 
0.480607 0.100438 0.188612 0.671204 
0.433717 0.093549 0.207093 0.645112 
0.427575 0.090641 0.216440 0.617445 
0.434323 0.094546 0.189033 0.637719 
0.448216 0.101182 0.192228 0.653180 
0.442980 0.101530 0.177350 0.679870 
0.450503 0.095873 0.200761 0.646309 
0.422517 0.091692 0.183804 0.627953 
0.433533 0.092931 0.192071 0.640234 
0.448841 0.106013 0.177526 0.696398 
0.436782 0.092650 0.201621 0.625679 
0.439348 0.104224 0.170349 0.658959 
0.429212 0.089972 0.184902 0.607729 
0.435271 0.090250 0.189799 0.622131 
0.426935 0.094111 0.195791 0.648611 
0.429646 0.097010 0.200901 0.645979 
0.419599 0.087233 0.183153 0.580382 
0.450696 0.101618 0.215021 0.676737 
0.432892 0.095770 0.209467 0.652493 
0.443383 0.101051 0.209516 0.639637 
0.452613 0.103764 0.219852 0.664712 
0.432970 0.089234 0.211729 0.609354 
0.448534 0.092305 0.217140 0.610823 
0.445953 0.106024 0.198838 0.703062 
0.444958 0.089976 0.217413 0.607719 
0.425346 0.087532 0.204513 0.596253 
0.413794 0.084026 0.218445 0.566404 
0.452294 0.106292 0.215110 0.677377 
0.436007 0.095151 0.214215 0.605313 
0.451919 0.094963 0.212832 0.623218 
0.437607 0.101050 0.208947 0.643475 
0.443607 0.091586 0.200424 0.623652 
0.438615 0.085697 0.219056 0.623410 
0.437286 0.086248 0.206956 0.605503 
0.438579 0.084739 0.209701 0.612706 
0.436870 0.089060 0.221855 0.628883 
0.440960 0.090466 0.212343 0.657580 
0.435263 0.089417 0.197491 0.664763 
0.429811 0.089603 0.195741 0.638913 
0.427679 0.081889 0.209707 0.594420 
0.450767 0.095836 0.196284 0.663987 
0.427081 0.087308 0.195319 0.625760 
0.433014 0.091127 0.220607 0.636147 
0.434722 0.096283 0.191924 0.689524 
0.434754 0.090575 0.213408 0.643298 
0.427378 0.087740 0.191562 0.619281 
0.453922 0.100655 0.240468 0.654130 
0.452732 0.106014 0.208089 0.679775 
0.472490 0.116576 0.159547 0.686591 
0.439512 0.098029 0.184390 0.660737 
0.471393 0.114059 0.160545 0.709902 
0.434129 0.090109 0.197382 0.624584 
0.436589 0.091830 0.198378 0.636109 
0.441189 0.096587 0.186134 0.640837 
0.434895 0.096807 0.190851 0.631378 
0.454577 0.102677 0.203063 0.674417 
0.442664 0.094852 0.224121 0.644370 
0.437981 0.093021 0.215626 0.646419 
0.397571 0.077929 0.191283 0.549497 
0.414509 0.092312 0.186385 0.593229 
0.416911 0.089519 0.171530 0.616008 
0.399356 0.077730 0.222054 0.591688 
0.405633 0.082828 0.184025 0.580836 
0.412005 0.085459 0.186258 0.613856 
0.397362 0.079371 0.193255 0.571879 
0.399580 0.079395 0.180644 0.561987 
0.396540 0.078260 0.210375 0.561991 
0.405621 0.085170 0.187195 0.562234 
0.410608 0.087613 0.182143 0.574637 
0.394052 0.080313 0.180300 0.552918 
0.386391 0.090809 0.171300 0.589649 
0.400979 0.098898 0.180391 0.596661 
0.395592 0.093486 0.189216 0.645671 
0.398679 0.099174 0.191574 0.647956 
0.419496 0.110242 0.195821 0.668956 
0.427459 0.109339 0.172019 0.673359 
0.401298 0.094593 0.195277 0.602076 
0.384240 0.092465 0.171165 0.602753 
0.451350 0.121069 0.213233 0.783115 
0.398556 0.100277 0.182781 0.620356 
0.398027 0.096665 0.173591 0.627203 
0.396975 0.097522 0.190324 0.603391 
0.402529 0.099795 0.175463 0.659808 
0.462624 0.094055 0.206522 0.674676 
0.436095 0.078296 0.184762 0.610764 
0.431070 0.076865 0.191582 0.602971 
0.407595 0.065726 0.184347 0.548750 
0.452028 0.088823 0.204298 0.684818 
0.446381 0.092268 0.187076 0.685499 
0.455935 0.101791 0.207945 0.731321 
0.448062 0.089993 0.179539 0.646071 
0.449326 0.091699 0.212687 0.668140 
0.457163 0.104210 0.187981 0.713398 
0.448398 0.093248 0.202670 0.660589 
0.448752 0.085228 0.216255 0.601111 
0.451874 0.091305 0.187369 0.681091 
0.456734 0.099104 0.214469 0.684140 
0.457688 0.093485 0.235218 0.664997 
0.473460 0.104678 0.218137 0.710156 
0.458967 0.097629 0.215688 0.677677 
0.476752 0.104973 0.214825 0.723929 
0.478674 0.106004 0.218327 0.728144 
0.464351 0.109631 0.204932 0.700413 
0.474601 0.099008 0.244085 0.687411 
0.460346 0.096373 0.221307 0.680438 
0.469569 0.102884 0.226792 0.710040 
0.448409 0.093490 0.228855 0.662272 
0.456349 0.097224 0.200020 0.674948 
0.481656 0.106868 0.217836 0.737204 
0.459157 0.104222 0.195797 0.716048 
0.367613 0.059390 0.210078 0.497915 
0.363087 0.058519 0.215894 0.496620 
0.362105 0.056680 0.227484 0.492024 
0.377353 0.060377 0.224536 0.507665 
0.378863 0.064598 0.212932 0.541172 
0.362520 0.059502 0.215324 0.513046 
0.360391 0.056951 0.217715 0.479044 
0.352757 0.055752 0.209314 0.491947 
0.354995 0.056238 0.198307 0.472873 
0.375948 0.063472 0.212616 0.530263 
0.384013 0.069181 0.212962 0.529240 
0.384723 0.067596 0.208392 0.534273 
0.368508 0.059729 0.226594 0.494578 
