0.516947 0.089892 0.000000 0.753759 
0.521508 0.122202 0.000000 0.764727 
0.523172 0.105813 0.000000 0.750248 
0.526201 0.117566 0.000000 0.805880 
0.519095 0.111164 0.000000 0.747795 
0.509174 0.100470 0.000000 0.792274 
0.533794 0.116093 0.000000 0.775850 
0.512843 0.113043 0.000000 0.751529 
0.537268 0.120954 0.000000 0.792413 
0.507145 0.114081 0.000000 0.765207 
0.514035 0.115518 0.000000 0.770045 
0.534385 0.096616 0.000000 0.829653 
0.532227 0.106409 0.000000 0.792468 
0.572560 0.135874 0.000000 0.848177 
0.532238 0.137646 0.000000 0.830608 
0.555299 0.129456 0.000000 0.848939 
0.560964 0.124138 0.000000 0.821270 
0.541745 0.124112 0.000000 0.794724 
0.558150 0.131640 0.000000 0.854005 
0.546637 0.119079 0.000000 0.798645 
0.591285 0.123239 0.000000 0.827794 
0.560987 0.127365 0.000000 0.824406 
0.568823 0.126164 0.000000 0.821592 
0.566045 0.130916 0.000000 0.826362 
0.548367 0.136602 0.000000 0.805326 
0.550640 0.129174 0.000000 0.840647 
0.519335 0.139111 0.000000 0.784923 
0.542966 0.139126 0.000000 0.824533 
0.530343 0.134995 0.000000 0.805279 
0.538198 0.131292 0.000000 0.810710 
0.556721 0.140346 0.000000 0.834741 
0.544272 0.133480 0.000000 0.807608 
0.538534 0.139329 0.000000 0.790187 
0.537174 0.144040 0.000000 0.838624 
0.524271 0.142870 0.000000 0.801988 
0.542530 0.131454 0.000000 0.829344 
0.521153 0.142998 0.000000 0.805747 
0.506618 0.117332 0.000000 0.716401 
0.509883 0.121934 0.000000 0.725938 
0.524923 0.120772 0.000000 0.758700 
0.491461 0.109501 0.000000 0.731982 
0.512645 0.110460 0.000000 0.734527 
0.519632 0.094219 0.000000 0.700654 
0.519904 0.111656 0.000000 0.747074 
0.514780 0.105843 0.000000 0.741188 
0.524369 0.105628 0.000000 0.769050 
0.513175 0.114387 0.000000 0.757142 
0.516163 0.117636 0.000000 0.720587 
0.515828 0.105994 0.000000 0.733476 
0.540940 0.148680 0.000000 0.803805 
0.493744 0.123124 0.000000 0.737872 
0.518147 0.120531 0.000000 0.782726 
0.522440 0.144892 0.000000 0.811479 
0.508282 0.127252 0.000000 0.769027 
0.518801 0.128807 0.000000 0.799295 
0.510972 0.125567 0.000000 0.771333 
0.492428 0.118713 0.000000 0.768562 
0.534124 0.114035 0.000000 0.808081 
0.495788 0.116150 0.000000 0.763372 
0.505660 0.119256 0.000000 0.733483 
0.539086 0.120411 0.000000 0.832642 
0.542326 0.113136 0.000000 0.838334 
0.564267 0.104276 0.000000 0.805962 
0.508072 0.119081 0.000000 0.821213 
0.568834 0.107291 0.000000 0.837874 
0.536836 0.116828 0.000000 0.814937 
0.567286 0.120546 0.000000 0.854128 
0.562292 0.124312 0.000000 0.829888 
0.558580 0.105608 0.000000 0.794339 
0.562001 0.096758 0.000000 0.826862 
0.498018 0.082452 0.000000 0.701424 
0.505826 0.097514 0.000000 0.771469 
0.490275 0.088302 0.000000 0.721990 
0.469566 0.078849 0.000000 0.666791 
0.494417 0.078611 0.000000 0.718926 
0.519693 0.093194 0.000000 0.734031 
0.459640 0.079164 0.000000 0.667110 
0.485148 0.086580 0.000000 0.691992 
0.520585 0.099206 0.000000 0.751757 
0.503744 0.091825 0.000000 0.725190 
0.507134 0.095177 0.000000 0.763042 
0.488496 0.085774 0.000000 0.685511 
0.461269 0.076936 0.000000 0.666007 
0.478914 0.074480 0.000000 0.673406 
0.477148 0.078878 0.000000 0.670864 
0.478899 0.093670 0.000000 0.730837 
0.472113 0.085956 0.000000 0.726268 
0.462854 0.077826 0.000000 0.736318 
0.474427 0.105073 0.000000 0.745518 
0.482833 0.083399 0.000000 0.712951 
0.477753 0.084982 0.000000 0.745861 
0.489850 0.096975 0.000000 0.760968 
0.468762 0.098857 0.000000 0.745586 
0.504491 0.088924 0.000000 0.719953 
0.496369 0.086159 0.000000 0.779006 
0.507266 0.089987 0.000000 0.770370 
0.476870 0.085192 0.000000 0.743943 
0.491114 0.091897 0.000000 0.742288 
0.495248 0.092527 0.000000 0.696954 
0.472376 0.077923 0.000000 0.648614 
0.520744 0.136890 0.000000 0.872708 
0.525065 0.114331 0.000000 0.786942 
0.456840 0.104768 0.000000 0.715976 
0.454660 0.096411 0.000000 0.687050 
0.494421 0.126441 0.000000 0.784004 
0.538396 0.126356 0.000000 0.787203 
0.530053 0.116980 0.000000 0.756122 
0.493007 0.093888 0.000000 0.719430 
0.480320 0.103678 0.000000 0.706590 
0.482968 0.118889 0.000000 0.772154 
0.489859 0.103965 0.000000 0.706535 
0.501361 0.102761 0.000000 0.710449 
0.473980 0.093594 0.000000 0.680233 
0.525209 0.114539 0.000000 0.739952 
0.526352 0.133535 0.000000 0.795763 
0.528934 0.166528 0.000000 0.861589 
0.529018 0.153645 0.000000 0.762246 
0.537126 0.148435 0.000000 0.827332 
0.547444 0.125664 0.000000 0.822384 
0.550298 0.157455 0.000000 0.849396 
0.535689 0.137816 0.000000 0.771097 
0.529689 0.163449 0.000000 0.797343 
0.544473 0.152406 0.000000 0.830370 
0.534356 0.155784 0.000000 0.819157 
0.541549 0.135460 0.000000 0.846284 
0.536528 0.147489 0.000000 0.828874 
0.536303 0.120090 0.000000 0.807337 
0.474721 0.117316 0.000000 0.711878 
0.476360 0.111563 0.000000 0.732707 
0.483829 0.129219 0.000000 0.764581 
0.491990 0.108174 0.000000 0.717123 
0.465628 0.115503 0.000000 0.703870 
0.477212 0.132342 0.000000 0.727001 
0.488683 0.146452 0.000000 0.758765 
0.484973 0.124120 0.000000 0.719567 
0.492212 0.138617 0.000000 0.745412 
0.494687 0.122758 0.000000 0.740635 
0.485832 0.128976 0.000000 0.749558 
0.469922 0.112802 0.000000 0.691105 
0.507737 0.132588 0.000000 0.756563 
0.515803 0.141789 0.000000 0.776620 
0.498404 0.149008 0.000000 0.800441 
0.490311 0.143829 0.000000 0.746701 
0.502250 0.124809 0.000000 0.729657 
0.544781 0.151436 0.000000 0.826506 
0.526069 0.140090 0.000000 0.812110 
0.533686 0.133389 0.000000 0.806097 
0.545658 0.143409 0.000000 0.815935 
0.513752 0.132781 0.000000 0.777064 
0.517198 0.138408 0.000000 0.813724 
0.526903 0.135742 0.000000 0.808945 
0.531039 0.124164 0.000000 0.737644 
0.563412 0.126525 0.000000 0.833110 
0.527285 0.100599 0.000000 0.771346 
0.519181 0.108828 0.000000 0.748363 
0.519703 0.113356 0.000000 0.752391 
0.530027 0.129870 0.000000 0.821915 
0.534320 0.104243 0.000000 0.763777 
0.535517 0.104531 0.000000 0.787427 
0.543069 0.105349 0.000000 0.797260 
0.537061 0.092887 0.000000 0.785494 
0.520910 0.096931 0.000000 0.778269 
0.528849 0.102851 0.000000 0.778911 
0.549975 0.117683 0.000000 0.800343 
0.540850 0.109189 0.000000 0.775359 
0.521605 0.096378 0.000000 0.753166 
0.506981 0.095798 0.000000 0.766869 
0.508144 0.086651 0.000000 0.717138 
0.511066 0.094506 0.000000 0.777801 
0.513908 0.091142 0.000000 0.769954 
0.536378 0.081491 0.000000 0.759710 
0.527044 0.089387 0.000000 0.764511 
0.526018 0.096371 0.000000 0.772469 
0.500591 0.092290 0.000000 0.726958 
0.508454 0.090994 0.000000 0.777513 
0.512574 0.099363 0.000000 0.765593 
0.507189 0.100715 0.000000 0.756759 
0.527142 0.098178 0.000000 0.775028 
0.502720 0.097093 0.000000 0.736782 
0.495728 0.115113 0.000000 0.800153 
0.500209 0.130695 0.000000 0.812975 
0.487953 0.133106 0.000000 0.811468 
0.508698 0.111606 0.000000 0.787825 
0.498077 0.129721 0.000000 0.772634 
0.485766 0.141699 0.000000 0.814014 
0.494342 0.137185 0.000000 0.777526 
0.483642 0.133041 0.000000 0.786122 
0.496935 0.121297 0.000000 0.793632 
0.499487 0.140640 0.000000 0.799344 
0.511259 0.128102 0.000000 0.786786 
0.500375 0.111476 0.000000 0.803263 
0.494637 0.122059 0.000000 0.803458 
