0.386237 0.077222 0.159981 0.602705 
0.375686 0.077050 0.129769 0.570545 
0.395116 0.081018 0.155720 0.601729 
0.389132 0.080795 0.159545 0.604588 
0.382737 0.075634 0.129735 0.579223 
0.391167 0.080163 0.175364 0.623459 
0.368428 0.069738 0.147150 0.572988 
0.376015 0.071934 0.141540 0.596944 
0.382611 0.074933 0.133446 0.589409 
0.378633 0.072220 0.155658 0.592346 
0.373567 0.075607 0.156654 0.581656 
0.379382 0.070564 0.161163 0.581666 
0.393833 0.077566 0.160188 0.602533 
0.448898 0.086509 0.212476 0.673555 
0.421581 0.077410 0.210666 0.645025 
0.453236 0.086944 0.251832 0.685495 
0.454722 0.090485 0.211158 0.681523 
0.437218 0.085141 0.203945 0.617358 
0.441421 0.083128 0.206682 0.695825 
0.442354 0.085728 0.188477 0.667470 
0.445023 0.090442 0.213714 0.693057 
0.451434 0.088394 0.202331 0.727349 
0.445511 0.091317 0.217137 0.694886 
0.452596 0.093071 0.227935 0.709928 
0.449153 0.093672 0.208480 0.719964 
0.452910 0.091052 0.222135 0.672537 
0.419734 0.075062 0.227800 0.626817 
0.426364 0.082048 0.209552 0.680936 
0.435745 0.088966 0.236484 0.759008 
0.456541 0.079257 0.201100 0.674086 
0.443130 0.071179 0.237054 0.619843 
0.462915 0.083988 0.215110 0.696780 
0.416261 0.069651 0.244818 0.611590 
0.398351 0.063916 0.226435 0.575503 
0.425067 0.069809 0.234178 0.617630 
0.425763 0.070075 0.223551 0.608168 
0.432870 0.079973 0.204011 0.679847 
0.390381 0.062659 0.221760 0.549053 
0.396696 0.073204 0.207049 0.607518 
0.389753 0.065900 0.218192 0.562080 
0.392607 0.068242 0.186364 0.597672 
0.387000 0.063226 0.211450 0.540332 
0.390039 0.066426 0.234113 0.576296 
0.400461 0.068161 0.211328 0.575383 
0.395330 0.070152 0.216297 0.567829 
0.394033 0.071389 0.200657 0.580036 
0.374464 0.062067 0.226631 0.534963 
0.382637 0.062761 0.195690 0.553037 
0.397775 0.072883 0.218389 0.607408 
0.413139 0.084564 0.182925 0.687925 
0.382708 0.071845 0.215848 0.626917 
0.408489 0.077994 0.222168 0.632512 
0.407915 0.085577 0.214988 0.691845 
0.398108 0.077493 0.220184 0.637881 
0.413776 0.090214 0.174363 0.740775 
0.396499 0.071174 0.202563 0.637109 
0.408084 0.090095 0.206940 0.729615 
0.411157 0.085008 0.218652 0.685948 
0.385679 0.068262 0.208503 0.583184 
0.405817 0.086420 0.166831 0.651604 
0.393196 0.070848 0.166031 0.592088 
0.414464 0.072984 0.216348 0.617778 
0.389263 0.067655 0.153888 0.586549 
0.399724 0.075461 0.184598 0.601589 
0.414366 0.078449 0.163845 0.618004 
0.407173 0.079305 0.204955 0.624966 
0.406013 0.078425 0.170040 0.598789 
0.406282 0.073338 0.213460 0.615490 
0.432704 0.077921 0.203477 0.630259 
0.409369 0.074974 0.178018 0.607207 
0.403678 0.071855 0.217441 0.581837 
0.406653 0.072145 0.227777 0.600648 
0.389223 0.078342 0.213941 0.649559 
0.394715 0.066697 0.234208 0.567194 
0.387200 0.071630 0.179858 0.608349 
0.404373 0.065980 0.231821 0.609763 
0.384528 0.062334 0.236817 0.555190 
0.396792 0.070545 0.182304 0.589257 
0.398034 0.071256 0.191836 0.591252 
0.386126 0.072557 0.198780 0.588862 
0.397647 0.071435 0.198616 0.616869 
0.385989 0.068029 0.221713 0.560278 
0.399823 0.072431 0.214783 0.606095 
0.398897 0.075671 0.221105 0.615734 
0.393549 0.067424 0.209280 0.568655 
0.394902 0.072619 0.209467 0.598700 
0.410739 0.077078 0.190266 0.605288 
0.410638 0.076014 0.171558 0.579483 
0.395494 0.070265 0.188530 0.586733 
0.406805 0.071129 0.207320 0.570886 
0.416085 0.077656 0.136851 0.600799 
0.422789 0.082118 0.185037 0.628001 
0.406539 0.076195 0.163128 0.573961 
0.413974 0.080496 0.173590 0.603107 
0.422190 0.082122 0.171163 0.638206 
0.401761 0.079504 0.168120 0.587931 
0.405467 0.074773 0.187587 0.583948 
0.417812 0.075347 0.197540 0.593892 
0.427647 0.086657 0.189746 0.635855 
0.407476 0.080350 0.153889 0.618281 
0.386419 0.075232 0.166348 0.585068 
0.382541 0.073273 0.170405 0.554048 
0.369616 0.065743 0.161930 0.557017 
0.385210 0.073248 0.208035 0.611445 
0.392128 0.084557 0.176591 0.669586 
0.385247 0.076463 0.178682 0.588626 
0.389256 0.076388 0.181032 0.594701 
0.394074 0.082066 0.163939 0.666866 
0.387162 0.079905 0.137869 0.677451 
0.397839 0.079767 0.146706 0.584094 
0.382041 0.073081 0.160244 0.551324 
0.385985 0.077353 0.163986 0.592481 
0.376155 0.073535 0.168142 0.572306 
0.375173 0.068580 0.165108 0.549866 
0.400519 0.089856 0.141497 0.636861 
0.390045 0.083981 0.166154 0.618080 
0.384863 0.076138 0.172166 0.560632 
0.381126 0.073349 0.175678 0.584948 
0.385605 0.081455 0.181468 0.646462 
0.378193 0.073346 0.176417 0.602578 
0.377347 0.082715 0.143434 0.581827 
0.393896 0.085199 0.176004 0.608779 
0.356850 0.070854 0.165442 0.550526 
0.388205 0.078948 0.164325 0.568490 
0.386050 0.076395 0.155404 0.656071 
0.387893 0.082337 0.145321 0.592057 
0.384950 0.074668 0.174236 0.645937 
0.393670 0.084937 0.162760 0.635069 
0.385162 0.079105 0.172107 0.598065 
0.387089 0.079211 0.176560 0.635379 
0.395774 0.080879 0.181178 0.632114 
0.399937 0.085399 0.191021 0.651401 
0.393587 0.072705 0.193452 0.566330 
0.395020 0.083740 0.182484 0.688650 
0.382000 0.080253 0.144917 0.609584 
0.408422 0.089112 0.184406 0.666196 
0.399835 0.084339 0.168508 0.680698 
0.390042 0.077261 0.189818 0.613012 
0.381314 0.084698 0.172304 0.588281 
0.392756 0.086568 0.192190 0.727605 
0.399532 0.089217 0.183290 0.685971 
0.410177 0.096003 0.186403 0.733266 
0.405641 0.088709 0.185220 0.716750 
0.402380 0.089646 0.208584 0.709726 
0.413775 0.087148 0.208637 0.692668 
0.415579 0.095255 0.201256 0.723203 
0.406504 0.104161 0.179472 0.729756 
0.430204 0.087423 0.211567 0.663447 
0.411315 0.086222 0.211454 0.668906 
0.403839 0.096447 0.190973 0.740253 
0.403336 0.082075 0.188052 0.647080 
0.389053 0.085432 0.179555 0.668840 
0.398050 0.079480 0.167803 0.635792 
0.390463 0.079638 0.192505 0.604032 
0.397247 0.081769 0.161759 0.610110 
0.381551 0.075564 0.196784 0.581377 
0.397660 0.077757 0.169457 0.596813 
0.389515 0.080337 0.186164 0.575225 
0.383674 0.073132 0.177384 0.582610 
0.403372 0.090130 0.164832 0.689216 
0.399287 0.080071 0.170346 0.596960 
0.390051 0.072659 0.186851 0.594066 
0.403128 0.082763 0.196096 0.678024 
0.422632 0.092416 0.154687 0.704361 
0.400368 0.081268 0.173475 0.635530 
0.397821 0.075737 0.240464 0.596359 
0.412033 0.074473 0.188582 0.611994 
0.415465 0.078374 0.207383 0.627550 
0.403802 0.066189 0.245617 0.607573 
0.427725 0.076605 0.244677 0.623536 
0.421761 0.072212 0.234963 0.627410 
0.415292 0.071710 0.243227 0.597595 
0.440796 0.082134 0.233720 0.637314 
0.421207 0.077469 0.237514 0.641920 
0.407970 0.082078 0.201169 0.633349 
0.429610 0.080740 0.228326 0.686086 
0.417090 0.076801 0.228692 0.618584 
0.429668 0.080512 0.217326 0.603149 
0.400235 0.072495 0.198760 0.601914 
0.354136 0.066664 0.135394 0.519792 
0.360486 0.065714 0.192528 0.548990 
0.354405 0.067154 0.208987 0.540608 
0.353653 0.069190 0.169391 0.568583 
0.361825 0.068341 0.179216 0.551561 
0.358920 0.067890 0.172183 0.571913 
0.348392 0.070546 0.198977 0.567551 
0.355021 0.067556 0.185592 0.553868 
0.351591 0.063354 0.184282 0.536965 
0.355920 0.066161 0.164606 0.525111 
0.356770 0.072628 0.175114 0.581841 
0.354919 0.067897 0.173265 0.559588 
0.372969 0.073689 0.203435 0.573217 
