0.383964 0.086490 0.205683 0.592900 
0.372527 0.073857 0.187510 0.559811 
0.371279 0.068834 0.204967 0.548793 
0.376565 0.074959 0.215824 0.545298 
0.375691 0.083211 0.159239 0.567634 
0.389046 0.090335 0.192938 0.616558 
0.353586 0.066429 0.173842 0.509175 
0.359941 0.071904 0.198384 0.537985 
0.380134 0.077121 0.173500 0.576148 
0.367288 0.074652 0.179150 0.555390 
0.362796 0.066956 0.202503 0.541209 
0.371131 0.073879 0.157034 0.537524 
0.383384 0.079908 0.191207 0.559973 
0.390224 0.094737 0.180897 0.631536 
0.343848 0.072197 0.178050 0.508904 
0.370514 0.082672 0.186239 0.574103 
0.381401 0.085794 0.138674 0.598840 
0.355075 0.071100 0.181939 0.507920 
0.360297 0.074747 0.160435 0.523347 
0.336365 0.067005 0.181658 0.504162 
0.359822 0.077852 0.192300 0.536638 
0.385480 0.079701 0.186019 0.545001 
0.379041 0.088508 0.189714 0.573579 
0.380243 0.078021 0.158102 0.576787 
0.353148 0.065809 0.148087 0.473092 
0.377829 0.085770 0.167661 0.637686 
0.351253 0.070651 0.136500 0.501458 
0.363750 0.081606 0.145387 0.577215 
0.341038 0.063528 0.166857 0.493740 
0.380729 0.085756 0.192882 0.562861 
0.365798 0.080415 0.174619 0.520279 
0.373663 0.079033 0.197892 0.537620 
0.352438 0.076662 0.162860 0.507138 
0.343458 0.076736 0.141095 0.524372 
0.353582 0.080788 0.165266 0.523798 
0.355656 0.073778 0.161723 0.505343 
0.365275 0.076965 0.150951 0.530965 
0.340555 0.084649 0.149761 0.573953 
0.343364 0.071213 0.157660 0.498744 
0.312485 0.076144 0.150705 0.502809 
0.334022 0.084912 0.165829 0.493527 
0.316178 0.091193 0.123169 0.518966 
0.324126 0.055214 0.163978 0.427182 
0.352283 0.097126 0.142986 0.595158 
0.337875 0.082617 0.111786 0.554009 
0.355934 0.089247 0.142394 0.564149 
0.333614 0.067839 0.177299 0.481617 
0.364362 0.087389 0.153557 0.564531 
0.337494 0.082585 0.171956 0.509244 
0.324569 0.109772 0.106245 0.582027 
0.308160 0.109161 0.086967 0.558783 
0.333856 0.106765 0.108911 0.592412 
0.321351 0.096467 0.121799 0.532429 
0.333744 0.102154 0.123241 0.583865 
0.336782 0.096098 0.129975 0.581516 
0.311251 0.100524 0.077337 0.527649 
0.308311 0.109202 0.088692 0.548606 
0.313005 0.111462 0.092711 0.556587 
0.335829 0.110390 0.115523 0.603701 
0.338420 0.103360 0.111041 0.577398 
0.363352 0.074862 0.189159 0.557720 
0.388037 0.085513 0.199174 0.555789 
0.352908 0.066388 0.199207 0.515725 
0.369340 0.073711 0.182741 0.523405 
0.377712 0.077037 0.175201 0.550840 
0.372861 0.075189 0.183260 0.554498 
0.371596 0.079482 0.151240 0.577322 
0.376738 0.088342 0.175379 0.577144 
0.417589 0.105395 0.158102 0.638302 
0.370103 0.078047 0.169332 0.530495 
0.351715 0.076135 0.184462 0.527052 
0.379796 0.093654 0.159706 0.628113 
0.342604 0.078685 0.155262 0.508347 
0.353567 0.079667 0.176717 0.521958 
0.346189 0.066958 0.190355 0.487547 
0.370454 0.085739 0.174202 0.555215 
0.347694 0.073359 0.179027 0.528008 
0.360165 0.081410 0.180701 0.521186 
0.341725 0.076785 0.138666 0.531897 
0.344091 0.074202 0.167603 0.535508 
0.342421 0.075405 0.150200 0.543663 
0.349000 0.083288 0.157458 0.534091 
0.362768 0.088045 0.183447 0.602373 
0.348971 0.068037 0.178918 0.480930 
0.353183 0.076129 0.159779 0.539689 
0.351624 0.076469 0.176370 0.550424 
0.343799 0.065964 0.177027 0.477613 
0.380172 0.086244 0.184579 0.550378 
0.347521 0.078022 0.164672 0.499127 
0.352850 0.068379 0.187027 0.497711 
0.360789 0.091786 0.132916 0.586121 
0.386802 0.087727 0.190975 0.569652 
0.343633 0.074737 0.160160 0.494545 
0.361589 0.087894 0.161922 0.544221 
0.362793 0.068781 0.206754 0.505003 
0.352844 0.081954 0.162965 0.548797 
0.345868 0.066433 0.176988 0.492511 
0.359279 0.067172 0.205876 0.497486 
0.380585 0.083470 0.194731 0.566761 
0.358407 0.069794 0.199242 0.502173 
0.280112 0.088658 0.071972 0.448642 
0.261103 0.098832 0.072986 0.455697 
0.296239 0.091746 0.091341 0.486007 
0.258619 0.078552 0.075699 0.426273 
0.273184 0.087585 0.077344 0.475984 
0.281176 0.100937 0.079757 0.510074 
0.270642 0.086965 0.070908 0.412236 
0.282423 0.098033 0.079678 0.509282 
0.279787 0.096187 0.079097 0.467819 
0.286636 0.100708 0.068079 0.535219 
0.263362 0.079650 0.100422 0.454400 
0.290877 0.097382 0.102792 0.513625 
0.275807 0.087133 0.081982 0.438782 
0.274489 0.094055 0.088583 0.470259 
0.409889 0.121993 0.139246 0.751589 
0.381646 0.086514 0.182932 0.616496 
0.337882 0.061895 0.188634 0.487209 
0.328948 0.059646 0.182043 0.468469 
0.354563 0.079665 0.138817 0.580400 
0.351945 0.076071 0.180560 0.550065 
0.330991 0.077616 0.164936 0.491099 
0.345974 0.070840 0.198101 0.514442 
0.356171 0.078414 0.176938 0.562893 
0.342793 0.064155 0.200080 0.499836 
0.324886 0.074256 0.173871 0.523799 
0.331949 0.073711 0.193284 0.534012 
0.326713 0.055373 0.207389 0.488837 
0.348361 0.083637 0.118803 0.549811 
0.349746 0.089129 0.091207 0.541060 
0.346151 0.078860 0.101432 0.507838 
0.357144 0.088839 0.116422 0.559832 
0.348966 0.082980 0.109157 0.518119 
0.348946 0.081867 0.116910 0.533323 
0.310488 0.062398 0.108611 0.459535 
0.315058 0.061607 0.130490 0.468235 
0.334660 0.084816 0.072168 0.545446 
0.320783 0.063200 0.150311 0.453204 
0.330740 0.079726 0.112573 0.515976 
0.345187 0.086643 0.111421 0.565434 
0.261241 0.125225 0.035443 0.564176 
0.281165 0.120760 0.037465 0.517134 
0.268722 0.132722 0.028411 0.575068 
0.272705 0.120021 0.033748 0.516648 
0.259408 0.125478 0.022140 0.508083 
0.278543 0.127820 0.037345 0.570418 
0.273646 0.122553 0.035161 0.498227 
0.242895 0.134994 0.027517 0.522561 
0.270792 0.131799 0.018269 0.587887 
0.267109 0.131209 0.028126 0.585949 
0.267696 0.133912 0.029691 0.559975 
0.267741 0.126848 0.036617 0.528573 
0.272768 0.112002 0.032990 0.505004 
0.397614 0.092937 0.161105 0.615041 
0.382277 0.109562 0.085946 0.648557 
0.373582 0.088712 0.141862 0.574158 
0.351553 0.093670 0.159193 0.538898 
0.383437 0.089584 0.153071 0.602015 
0.393028 0.095799 0.137792 0.593094 
0.376522 0.099089 0.138477 0.597683 
0.404031 0.111614 0.157882 0.670616 
0.378251 0.097927 0.172100 0.596341 
0.407360 0.104726 0.141132 0.662865 
0.394143 0.121433 0.116657 0.690693 
0.400746 0.112066 0.148542 0.689118 
0.366072 0.098641 0.128997 0.571115 
0.393449 0.072555 0.219940 0.570664 
0.413569 0.093145 0.160748 0.673855 
0.388032 0.082629 0.219814 0.614442 
0.402618 0.082765 0.199765 0.598812 
0.410037 0.090663 0.216705 0.667632 
0.401311 0.090062 0.239457 0.630481 
0.385805 0.070800 0.202331 0.543570 
0.401737 0.074990 0.224980 0.612511 
0.379922 0.072393 0.179393 0.552843 
0.394121 0.086950 0.203199 0.626945 
0.394080 0.082227 0.206862 0.630885 
0.390844 0.079918 0.209321 0.589977 
0.415819 0.090515 0.171845 0.679598 
0.390175 0.077909 0.196465 0.569509 
0.316905 0.075312 0.165467 0.499589 
0.331180 0.070530 0.151945 0.467176 
0.313446 0.061200 0.166981 0.450464 
0.320667 0.070785 0.162066 0.480225 
0.334439 0.072380 0.183044 0.465618 
0.308281 0.068011 0.144818 0.435010 
0.301321 0.059045 0.152222 0.409685 
0.310110 0.065032 0.161200 0.456551 
0.301023 0.061600 0.139654 0.408105 
0.338289 0.079675 0.153782 0.501643 
0.323548 0.069079 0.155676 0.451212 
0.325753 0.079200 0.151541 0.504823 
0.316454 0.070482 0.149414 0.464960 
