0.297869 0.059519 0.125811 0.529804 
0.281943 0.052703 0.147926 0.416077 
0.288340 0.057037 0.151928 0.430064 
0.293757 0.059631 0.131145 0.445100 
0.294562 0.059017 0.106930 0.469437 
0.299314 0.063192 0.137814 0.471217 
0.293595 0.063432 0.145969 0.465909 
0.271562 0.045954 0.144735 0.397507 
0.274237 0.051004 0.143252 0.415067 
0.282291 0.056500 0.123912 0.422959 
0.300046 0.061694 0.140653 0.459227 
0.292791 0.055128 0.137499 0.438915 
0.298989 0.055764 0.138357 0.456488 
0.329610 0.055851 0.150370 0.480852 
0.328440 0.060657 0.180553 0.531484 
0.330410 0.058908 0.158509 0.545874 
0.339791 0.065931 0.178776 0.573686 
0.328028 0.052386 0.183327 0.491290 
0.352779 0.078105 0.159366 0.661943 
0.350704 0.071146 0.177075 0.569818 
0.357682 0.075702 0.169993 0.624329 
0.359901 0.072714 0.164375 0.581927 
0.333416 0.062924 0.180274 0.552999 
0.317984 0.054714 0.186995 0.494327 
0.320937 0.054200 0.158981 0.498656 
0.341990 0.065535 0.179126 0.599535 
0.317129 0.065050 0.165698 0.495009 
0.330142 0.075284 0.178408 0.632624 
0.336314 0.090395 0.180491 0.617078 
0.377392 0.110715 0.184809 0.753845 
0.381886 0.095723 0.178881 0.660115 
0.367120 0.087759 0.182782 0.606301 
0.343192 0.082682 0.183755 0.635270 
0.338776 0.080861 0.186639 0.634824 
0.374063 0.092794 0.187595 0.659043 
0.358798 0.080205 0.145869 0.660246 
0.325095 0.072997 0.176395 0.521461 
0.261032 0.053654 0.116278 0.433744 
0.255114 0.050860 0.124016 0.390880 
0.268537 0.058913 0.118606 0.468379 
0.258060 0.051739 0.124027 0.423718 
0.274140 0.054704 0.146597 0.469887 
0.267958 0.052335 0.132924 0.449376 
0.271624 0.055939 0.133077 0.424812 
0.268325 0.055577 0.134048 0.460226 
0.267357 0.049796 0.110053 0.435425 
0.248893 0.046547 0.125632 0.388933 
0.249088 0.049525 0.099671 0.399392 
0.263600 0.050515 0.122920 0.408246 
0.263889 0.040781 0.158709 0.398429 
0.251295 0.041209 0.157244 0.389718 
0.262641 0.042077 0.146964 0.454610 
0.260318 0.040293 0.168581 0.381519 
0.249916 0.039525 0.163723 0.438116 
0.251068 0.040868 0.149214 0.417861 
0.255827 0.044844 0.139856 0.407926 
0.257468 0.043192 0.130015 0.435098 
0.252687 0.040101 0.162413 0.439160 
0.249633 0.039554 0.157247 0.443467 
0.251441 0.041271 0.149333 0.430096 
0.278931 0.049375 0.135915 0.470462 
0.307579 0.069190 0.112574 0.485745 
0.309692 0.061399 0.137376 0.496666 
0.284419 0.059358 0.121841 0.472218 
0.290598 0.065901 0.113601 0.506018 
0.299685 0.062427 0.130579 0.485402 
0.283080 0.055951 0.127877 0.431246 
0.303297 0.056567 0.135326 0.490404 
0.289940 0.056172 0.134025 0.478883 
0.298009 0.055307 0.127523 0.448920 
0.273147 0.047606 0.155032 0.395278 
0.277754 0.043919 0.168726 0.437844 
0.262827 0.045825 0.134167 0.417321 
0.285175 0.052319 0.160170 0.438086 
0.292851 0.055899 0.161746 0.454677 
0.278802 0.043470 0.164889 0.414134 
0.266808 0.045909 0.151947 0.385056 
0.266937 0.046598 0.157170 0.411370 
0.277558 0.048973 0.154892 0.445131 
0.276558 0.047128 0.152914 0.436621 
0.275511 0.051401 0.147988 0.484490 
0.264154 0.042571 0.137530 0.410863 
0.272252 0.053844 0.153157 0.470626 
0.254852 0.045189 0.147998 0.438277 
0.279198 0.049131 0.165466 0.455149 
0.250324 0.038683 0.153992 0.369726 
0.311779 0.058617 0.159625 0.488623 
0.278495 0.048415 0.156438 0.410706 
0.308877 0.057660 0.149801 0.462941 
0.326355 0.069373 0.161259 0.555774 
0.293637 0.049869 0.152933 0.436290 
0.303707 0.054045 0.167235 0.463920 
0.317621 0.066616 0.140660 0.524035 
0.300082 0.051404 0.147748 0.439847 
0.281403 0.044960 0.151097 0.405307 
0.291168 0.052998 0.168967 0.423021 
0.315828 0.063208 0.160826 0.509899 
0.293718 0.047248 0.158562 0.432437 
0.301898 0.052849 0.155619 0.444087 
0.288150 0.051892 0.145230 0.459708 
0.316138 0.071685 0.126589 0.530382 
0.305575 0.073962 0.132106 0.523185 
0.301769 0.062923 0.124034 0.465500 
0.291409 0.066325 0.138047 0.496645 
0.292464 0.059682 0.152726 0.462719 
0.307393 0.066466 0.131761 0.507869 
0.291033 0.060301 0.132513 0.495134 
0.304832 0.072599 0.121749 0.530149 
0.287346 0.061986 0.125260 0.453572 
0.316020 0.073436 0.123815 0.529579 
0.292515 0.068402 0.110277 0.473192 
0.299576 0.068646 0.135152 0.520797 
0.305079 0.065962 0.142445 0.506856 
0.300434 0.063702 0.127353 0.470667 
0.282824 0.055347 0.159532 0.459944 
0.307765 0.060611 0.164811 0.490768 
0.326133 0.066545 0.126168 0.536431 
0.312026 0.059320 0.166241 0.527112 
0.291775 0.055317 0.158083 0.425468 
0.331829 0.066659 0.128502 0.567760 
0.283180 0.049230 0.152529 0.435971 
0.289601 0.048715 0.166408 0.432148 
0.308903 0.063082 0.162165 0.497441 
0.292750 0.056718 0.154602 0.463125 
0.307324 0.062057 0.144784 0.503041 
0.305441 0.063230 0.170957 0.497907 
0.300159 0.057172 0.143491 0.481029 
0.258227 0.040892 0.156949 0.376661 
0.263692 0.043470 0.135177 0.433827 
0.284025 0.050349 0.155791 0.429636 
0.255570 0.042399 0.155460 0.429774 
0.264657 0.038178 0.154775 0.375637 
0.292125 0.055579 0.153458 0.464937 
0.276521 0.045318 0.134834 0.408260 
0.251413 0.038871 0.148275 0.390445 
0.268560 0.044973 0.164835 0.388368 
0.263931 0.050029 0.136562 0.414893 
0.267693 0.040769 0.151484 0.376265 
0.238551 0.037053 0.149838 0.381091 
0.287532 0.059487 0.129744 0.464328 
0.298232 0.061119 0.121546 0.466388 
0.278283 0.058654 0.095426 0.428484 
0.302042 0.062474 0.124677 0.467093 
0.325920 0.078691 0.120811 0.573424 
0.312555 0.074182 0.116825 0.532782 
0.301962 0.065837 0.125601 0.519142 
0.285724 0.056971 0.126305 0.443723 
0.345929 0.086920 0.091997 0.649893 
0.301752 0.065327 0.136531 0.488516 
0.293799 0.058433 0.127473 0.479333 
0.296509 0.062022 0.137343 0.496882 
0.284415 0.060094 0.122980 0.476774 
0.325683 0.076137 0.159010 0.605903 
0.277442 0.044657 0.159797 0.438396 
0.269134 0.045575 0.161191 0.413780 
0.274220 0.048097 0.154400 0.440652 
0.310829 0.062512 0.159647 0.511453 
0.292969 0.058579 0.159107 0.518055 
0.308563 0.061547 0.154062 0.509856 
0.290245 0.047700 0.158031 0.470922 
0.292985 0.053115 0.165431 0.496514 
0.294831 0.049092 0.159369 0.448603 
0.280330 0.059984 0.168905 0.514161 
0.303997 0.070600 0.143314 0.580628 
0.282717 0.048558 0.127447 0.426040 
0.279553 0.040528 0.163059 0.399748 
0.263942 0.035215 0.144249 0.382325 
0.292748 0.041211 0.176008 0.414676 
0.271770 0.040287 0.172056 0.397510 
0.279148 0.043706 0.126779 0.449057 
0.277552 0.043417 0.153033 0.423629 
0.284901 0.044250 0.165541 0.460841 
0.290981 0.043477 0.183016 0.412558 
0.289639 0.045688 0.161583 0.432217 
0.271833 0.039660 0.173810 0.413144 
0.255804 0.034345 0.176549 0.392187 
0.274495 0.041831 0.131097 0.460493 
0.289517 0.042775 0.176818 0.430479 
0.287703 0.045157 0.139834 0.424942 
0.266790 0.051107 0.147503 0.405914 
0.253182 0.039421 0.141080 0.358759 
0.247701 0.038330 0.156550 0.377186 
0.257148 0.041682 0.161823 0.411432 
0.261635 0.042475 0.153480 0.370210 
0.264179 0.042431 0.141071 0.372534 
0.240574 0.037502 0.136987 0.350966 
0.264699 0.041055 0.160817 0.374092 
0.251142 0.042328 0.138357 0.392111 
0.269435 0.046151 0.162031 0.438366 
0.266524 0.045318 0.155277 0.411398 
0.280265 0.052575 0.138486 0.442430 
0.256864 0.039718 0.161950 0.413937 
