0.522489 0.106674 0.199624 0.787551 
0.485710 0.101399 0.224176 0.741567 
0.494997 0.101969 0.195113 0.733643 
0.526037 0.106103 0.203927 0.802966 
0.511251 0.103453 0.206767 0.799864 
0.525937 0.108929 0.197473 0.783766 
0.503255 0.107910 0.188875 0.772415 
0.499257 0.100424 0.193520 0.724029 
0.493599 0.099582 0.213195 0.753753 
0.501044 0.101254 0.198775 0.740395 
0.493263 0.103838 0.221043 0.741026 
0.484913 0.096760 0.226773 0.710851 
0.520689 0.107505 0.169332 0.778282 
0.585381 0.107365 0.285312 0.865763 
0.561936 0.101920 0.224832 0.861961 
0.548764 0.102057 0.273705 0.828072 
0.557640 0.107219 0.208304 0.854972 
0.566007 0.099308 0.225339 0.812205 
0.565746 0.107503 0.295630 0.835127 
0.594702 0.110670 0.245789 0.917510 
0.577776 0.104555 0.217697 0.855003 
0.555323 0.098258 0.291620 0.855707 
0.559496 0.099790 0.207211 0.826648 
0.583107 0.102834 0.187605 0.839667 
0.558698 0.105297 0.273861 0.856207 
0.552223 0.105986 0.256063 0.831988 
0.488830 0.087469 0.252167 0.701954 
0.509418 0.094006 0.230794 0.829863 
0.521058 0.093278 0.209553 0.766453 
0.548269 0.101943 0.200225 0.825010 
0.548066 0.100604 0.226697 0.785321 
0.530023 0.092204 0.216536 0.790071 
0.534256 0.100460 0.167979 0.786484 
0.492616 0.094572 0.222641 0.732409 
0.545522 0.099375 0.186619 0.749895 
0.538448 0.101032 0.205878 0.769057 
0.498099 0.090539 0.239587 0.729314 
0.494019 0.090671 0.250932 0.761970 
0.500646 0.094245 0.197775 0.730137 
0.498443 0.094196 0.188848 0.768570 
0.496094 0.092911 0.238831 0.751804 
0.501463 0.097311 0.228758 0.762712 
0.491249 0.092355 0.234375 0.748544 
0.498859 0.090797 0.248605 0.736133 
0.491157 0.089920 0.265791 0.760756 
0.491418 0.088921 0.232253 0.730806 
0.479825 0.087199 0.261078 0.714495 
0.498529 0.092131 0.248871 0.744214 
0.491734 0.088172 0.250582 0.759442 
0.502744 0.093413 0.216505 0.751826 
0.503635 0.099033 0.193379 0.752116 
0.531497 0.103598 0.153825 0.772423 
0.473406 0.088578 0.182008 0.736961 
0.502363 0.097216 0.178323 0.745622 
0.503782 0.095114 0.177192 0.723198 
0.511715 0.102323 0.149981 0.756023 
0.513724 0.100405 0.184197 0.744523 
0.503150 0.097814 0.170741 0.754346 
0.502797 0.098635 0.151906 0.788216 
0.525896 0.103602 0.164682 0.795084 
0.529353 0.104966 0.212628 0.806617 
0.553408 0.107407 0.183129 0.823229 
0.535051 0.108566 0.178411 0.803867 
0.538757 0.107193 0.192602 0.788352 
0.546768 0.108933 0.149568 0.808773 
0.541179 0.109842 0.187125 0.830330 
0.533829 0.104593 0.141570 0.787767 
0.542346 0.109075 0.139670 0.825310 
0.552561 0.105917 0.145853 0.806297 
0.541882 0.105869 0.191504 0.791457 
0.506797 0.100714 0.163231 0.796670 
0.514297 0.105188 0.198672 0.820598 
0.518019 0.112349 0.164093 0.821097 
0.534366 0.109801 0.161366 0.828318 
0.531858 0.113692 0.157096 0.850991 
0.544880 0.116811 0.165815 0.838764 
0.515145 0.110492 0.169131 0.819387 
0.515504 0.107664 0.174836 0.840560 
0.517067 0.105810 0.171232 0.776896 
0.509667 0.115196 0.187149 0.831485 
0.516399 0.106915 0.185579 0.801047 
0.499642 0.104974 0.185568 0.782984 
0.504092 0.105512 0.190362 0.790537 
0.495961 0.100048 0.194128 0.782197 
0.503894 0.104086 0.192429 0.847140 
0.512417 0.109425 0.161826 0.838039 
0.538529 0.109005 0.188002 0.810384 
0.533601 0.106874 0.215305 0.792177 
0.548695 0.109912 0.140047 0.808053 
0.536203 0.106564 0.186549 0.852516 
0.539586 0.104838 0.195864 0.790546 
0.554771 0.104820 0.225034 0.786766 
0.533653 0.100172 0.221293 0.758402 
0.555466 0.105730 0.158379 0.835058 
0.528532 0.103460 0.202046 0.799478 
0.522890 0.107424 0.207164 0.815421 
0.536028 0.106486 0.212389 0.854753 
0.550077 0.103404 0.207473 0.795336 
0.560707 0.106419 0.166022 0.804037 
0.549554 0.114190 0.138937 0.851614 
0.515775 0.098984 0.181713 0.811547 
0.522175 0.101322 0.176617 0.863029 
0.507359 0.101407 0.186440 0.864569 
0.513299 0.096990 0.149600 0.777951 
0.486630 0.088281 0.181642 0.749072 
0.507522 0.099074 0.178683 0.806249 
0.496027 0.096240 0.189430 0.814153 
0.520890 0.103173 0.163043 0.834684 
0.509635 0.100210 0.170837 0.831854 
0.516636 0.100562 0.151052 0.813761 
0.505732 0.099674 0.167917 0.847154 
0.499377 0.095191 0.187157 0.794771 
0.505461 0.096133 0.154229 0.789941 
0.507418 0.098096 0.182269 0.823383 
0.506805 0.095052 0.191865 0.827570 
0.515243 0.092966 0.225305 0.790257 
0.522157 0.097096 0.201852 0.806083 
0.513562 0.099144 0.224558 0.813720 
0.512608 0.093213 0.233117 0.784404 
0.513307 0.096374 0.202622 0.844219 
0.513017 0.101228 0.192602 0.868699 
0.515936 0.102584 0.222107 0.832162 
0.513603 0.094335 0.221624 0.754415 
0.506708 0.094412 0.218667 0.752029 
0.520254 0.095271 0.213824 0.770124 
0.512964 0.099640 0.228242 0.787305 
0.518105 0.099950 0.204516 0.824767 
0.425281 0.062571 0.178794 0.593118 
0.449106 0.073096 0.183833 0.651959 
0.443595 0.073611 0.152956 0.623666 
0.438257 0.064505 0.199555 0.632814 
0.425061 0.063959 0.220744 0.602669 
0.450469 0.074489 0.175493 0.638489 
0.459454 0.076498 0.159089 0.659800 
0.415658 0.059312 0.202305 0.577967 
0.422928 0.071198 0.187204 0.612828 
0.441476 0.070260 0.142476 0.647588 
0.451248 0.070188 0.178885 0.618745 
0.448039 0.068565 0.122688 0.650883 
0.445950 0.099790 0.058297 0.737311 
0.439058 0.098382 0.101348 0.707158 
0.422120 0.097014 0.104407 0.691082 
0.425615 0.102349 0.116433 0.681255 
0.427506 0.096174 0.117591 0.701180 
0.457253 0.103593 0.132697 0.763779 
0.432140 0.096971 0.133849 0.683754 
0.417308 0.091384 0.141593 0.659104 
0.473292 0.103388 0.097470 0.736472 
0.442720 0.099798 0.120453 0.697907 
0.428183 0.097228 0.122727 0.680019 
0.426370 0.095716 0.119848 0.676674 
0.425926 0.089843 0.130785 0.706222 
0.537627 0.117776 0.187807 0.814781 
0.558196 0.121590 0.124960 0.834053 
0.541179 0.122338 0.102255 0.860441 
0.535271 0.120558 0.154424 0.799956 
0.561963 0.124645 0.169614 0.845804 
0.516069 0.110920 0.216331 0.804414 
0.534497 0.120997 0.174816 0.828990 
0.528696 0.119840 0.136684 0.837334 
0.539680 0.116824 0.162892 0.857751 
0.518834 0.118851 0.178980 0.775372 
0.514468 0.118155 0.190216 0.800349 
0.554297 0.120795 0.150211 0.825671 
0.553403 0.122919 0.174469 0.871914 
0.551370 0.110535 0.209364 0.799348 
0.536938 0.100294 0.233319 0.775626 
0.569363 0.109548 0.255058 0.819499 
0.560437 0.108431 0.184282 0.822215 
0.573840 0.108441 0.191274 0.857204 
0.569640 0.109629 0.216680 0.836716 
0.563522 0.113557 0.257307 0.801473 
0.582914 0.109044 0.234796 0.860706 
0.531620 0.098331 0.214099 0.783605 
0.556787 0.106436 0.221297 0.841461 
0.541004 0.101448 0.252500 0.792814 
0.561999 0.111516 0.223465 0.810812 
0.572912 0.109447 0.269149 0.824094 
0.542477 0.104986 0.225580 0.790728 
0.498590 0.100845 0.155534 0.763772 
0.506992 0.101742 0.183519 0.729065 
0.497955 0.096719 0.151432 0.736613 
0.507767 0.101305 0.181949 0.763531 
0.496912 0.100913 0.160984 0.770756 
0.513065 0.106564 0.147686 0.785925 
0.504108 0.106494 0.176240 0.773079 
0.491860 0.103062 0.158688 0.784348 
0.510389 0.108016 0.146932 0.788816 
0.494210 0.103023 0.166427 0.755522 
0.500341 0.103661 0.161727 0.763000 
0.515630 0.104462 0.138805 0.776163 
0.499215 0.100950 0.181954 0.752196 
