0.419310 0.089098 0.000000 0.626980 
0.433038 0.079321 0.000000 0.627605 
0.417101 0.079620 0.000000 0.624469 
0.436364 0.089038 0.000000 0.616163 
0.412999 0.083957 0.000000 0.636108 
0.447925 0.085275 0.000000 0.643062 
0.402639 0.071552 0.000000 0.622349 
0.395897 0.079770 0.000000 0.612003 
0.414317 0.081424 0.000000 0.630442 
0.420449 0.087692 0.000000 0.644971 
0.411192 0.079748 0.000000 0.625180 
0.415310 0.087085 0.000000 0.659052 
0.436971 0.092238 0.000000 0.643401 
0.483333 0.088525 0.000000 0.706999 
0.450983 0.084745 0.000000 0.645167 
0.496362 0.109610 0.000000 0.698106 
0.473406 0.088759 0.000000 0.671363 
0.473707 0.088264 0.000000 0.657619 
0.497310 0.099893 0.000000 0.709894 
0.465504 0.090333 0.000000 0.701935 
0.491652 0.099374 0.000000 0.710319 
0.492687 0.102783 0.000000 0.723641 
0.480351 0.098266 0.000000 0.690753 
0.487500 0.100037 0.000000 0.712650 
0.475625 0.100686 0.000000 0.715646 
0.476097 0.098544 0.000000 0.725735 
0.435853 0.082822 0.000000 0.637603 
0.446678 0.092534 0.000000 0.610176 
0.450665 0.088081 0.000000 0.673660 
0.463193 0.081069 0.000000 0.637288 
0.498315 0.107618 0.000000 0.689294 
0.454433 0.090095 0.000000 0.660428 
0.460626 0.086438 0.000000 0.649535 
0.434065 0.087106 0.000000 0.643317 
0.469790 0.100474 0.000000 0.677941 
0.439748 0.082271 0.000000 0.634429 
0.429191 0.077667 0.000000 0.630305 
0.438391 0.100370 0.000000 0.643404 
0.457393 0.098482 0.000000 0.648327 
0.435529 0.088810 0.000000 0.646510 
0.430346 0.083867 0.000000 0.635373 
0.454541 0.094192 0.000000 0.657784 
0.436694 0.083072 0.000000 0.629764 
0.452577 0.093527 0.000000 0.691062 
0.448155 0.090494 0.000000 0.657908 
0.447879 0.089068 0.000000 0.642494 
0.435551 0.088505 0.000000 0.640660 
0.442559 0.089655 0.000000 0.639864 
0.444596 0.089544 0.000000 0.666066 
0.431018 0.094362 0.000000 0.654077 
0.410132 0.087707 0.000000 0.598100 
0.433190 0.093118 0.000000 0.639175 
0.402176 0.077406 0.000000 0.594603 
0.395183 0.074252 0.000000 0.576322 
0.396340 0.071253 0.000000 0.569391 
0.411277 0.084200 0.000000 0.599773 
0.407579 0.086242 0.000000 0.611779 
0.403710 0.073816 0.000000 0.597383 
0.408592 0.078671 0.000000 0.581159 
0.402616 0.075623 0.000000 0.596593 
0.490719 0.118807 0.000000 0.725619 
0.526053 0.135240 0.000000 0.756394 
0.517082 0.137438 0.000000 0.761259 
0.494835 0.127339 0.000000 0.732048 
0.491257 0.106885 0.000000 0.724464 
0.504095 0.121013 0.000000 0.737903 
0.505762 0.142811 0.000000 0.763830 
0.510555 0.137039 0.000000 0.770456 
0.527265 0.122075 0.000000 0.763678 
0.506994 0.125290 0.000000 0.746766 
0.422625 0.073661 0.000000 0.555606 
0.431348 0.073483 0.000000 0.573336 
0.425564 0.078917 0.000000 0.580395 
0.427705 0.071082 0.000000 0.580183 
0.428525 0.084461 0.000000 0.566759 
0.416224 0.069300 0.000000 0.542091 
0.422369 0.072808 0.000000 0.568472 
0.431616 0.087520 0.000000 0.563659 
0.456901 0.093297 0.000000 0.647160 
0.422021 0.071232 0.000000 0.582918 
0.429538 0.085653 0.000000 0.559647 
0.421943 0.086667 0.000000 0.574498 
0.384675 0.052889 0.000000 0.498488 
0.421153 0.076135 0.000000 0.571176 
0.424323 0.080277 0.000000 0.574212 
0.410793 0.075723 0.000000 0.530987 
0.429412 0.072199 0.000000 0.602319 
0.404674 0.065945 0.000000 0.551259 
0.416574 0.071406 0.000000 0.586323 
0.412313 0.069774 0.000000 0.587726 
0.409773 0.067874 0.000000 0.590112 
0.459605 0.089286 0.000000 0.647732 
0.424428 0.071173 0.000000 0.571765 
0.457958 0.087525 0.000000 0.621231 
0.432758 0.084686 0.000000 0.601785 
0.435044 0.088943 0.000000 0.599698 
0.433740 0.074365 0.000000 0.603912 
0.431577 0.079720 0.000000 0.607332 
0.462158 0.092804 0.000000 0.652665 
0.425045 0.066363 0.000000 0.596102 
0.512034 0.119691 0.000000 0.781424 
0.483444 0.103611 0.000000 0.702328 
0.436783 0.082459 0.000000 0.673941 
0.463058 0.088891 0.000000 0.694977 
0.466639 0.100914 0.000000 0.670896 
0.457701 0.089929 0.000000 0.670724 
0.471637 0.093394 0.000000 0.665784 
0.440877 0.072574 0.000000 0.630812 
0.484326 0.100386 0.000000 0.711765 
0.468319 0.098035 0.000000 0.707817 
0.472303 0.096819 0.000000 0.701478 
0.485308 0.098325 0.000000 0.686636 
0.483048 0.102424 0.000000 0.697657 
0.471131 0.086325 0.000000 0.663400 
0.425858 0.074249 0.000000 0.576661 
0.360945 0.118042 0.000000 0.543802 
0.415759 0.062976 0.000000 0.524556 
0.408511 0.066192 0.000000 0.567632 
0.450453 0.093077 0.000000 0.609219 
0.397163 0.054538 0.000000 0.518270 
0.362146 0.107348 0.000000 0.568573 
0.408031 0.068188 0.000000 0.567154 
0.399718 0.060826 0.000000 0.530620 
0.423325 0.078815 0.000000 0.584244 
0.422287 0.074147 0.000000 0.605946 
0.407478 0.078215 0.000000 0.625473 
0.422471 0.069129 0.000000 0.573162 
0.453044 0.102090 0.000000 0.674284 
0.447723 0.096704 0.000000 0.671219 
0.460004 0.107174 0.000000 0.677826 
0.445929 0.096497 0.000000 0.656003 
0.427580 0.084069 0.000000 0.623913 
0.460658 0.109994 0.000000 0.667584 
0.467573 0.109167 0.000000 0.682232 
0.432129 0.091986 0.000000 0.617391 
0.470120 0.118017 0.000000 0.660061 
0.452388 0.109331 0.000000 0.675228 
0.452663 0.110582 0.000000 0.645244 
0.450872 0.107012 0.000000 0.630972 
0.427107 0.087458 0.000000 0.638534 
0.452151 0.093347 0.000000 0.693109 
0.446912 0.104270 0.000000 0.664547 
0.418340 0.083437 0.000000 0.624221 
0.429207 0.087100 0.000000 0.602404 
0.473061 0.118035 0.000000 0.739583 
0.444397 0.085199 0.000000 0.643457 
0.424856 0.088313 0.000000 0.650518 
0.491859 0.101595 0.000000 0.697323 
0.442091 0.094346 0.000000 0.650162 
0.435045 0.085509 0.000000 0.605045 
0.440779 0.093600 0.000000 0.672231 
0.456048 0.108836 0.000000 0.679460 
0.474969 0.101985 0.000000 0.692037 
0.452997 0.089562 0.000000 0.620292 
0.421669 0.078589 0.000000 0.620140 
0.436557 0.086669 0.000000 0.599573 
0.460319 0.095438 0.000000 0.679792 
0.433463 0.090303 0.000000 0.645305 
0.435100 0.082599 0.000000 0.629062 
0.450233 0.080020 0.000000 0.622739 
0.463321 0.085808 0.000000 0.649736 
0.444875 0.087683 0.000000 0.645321 
0.433870 0.081613 0.000000 0.644096 
0.474603 0.100532 0.000000 0.671435 
0.469762 0.103575 0.000000 0.671394 
0.481553 0.117732 0.000000 0.688158 
0.484701 0.114355 0.000000 0.676773 
0.475650 0.101984 0.000000 0.678617 
0.479180 0.106131 0.000000 0.661036 
0.491865 0.114356 0.000000 0.733692 
0.485420 0.112269 0.000000 0.682711 
0.471581 0.102476 0.000000 0.655680 
0.498248 0.121489 0.000000 0.708982 
0.493166 0.121487 0.000000 0.708089 
0.463677 0.091443 0.000000 0.638646 
0.473164 0.105749 0.000000 0.693498 
0.458526 0.100180 0.000000 0.667338 
0.485152 0.113026 0.000000 0.746910 
0.480652 0.108878 0.000000 0.663555 
0.458488 0.091803 0.000000 0.615707 
0.444622 0.088960 0.000000 0.613675 
0.431013 0.083753 0.000000 0.645649 
0.444872 0.088869 0.000000 0.607138 
0.430254 0.068904 0.000000 0.595630 
0.444922 0.090272 0.000000 0.639914 
0.460729 0.102573 0.000000 0.641468 
0.444804 0.087667 0.000000 0.605598 
0.448610 0.092516 0.000000 0.625762 
0.443066 0.086536 0.000000 0.643676 
0.479416 0.106432 0.000000 0.652006 
0.456913 0.093893 0.000000 0.668406 
0.456546 0.097485 0.000000 0.647877 
