0.432939 0.093911 0.159639 0.706555 
0.424168 0.092796 0.155928 0.700755 
0.429187 0.088863 0.155221 0.694535 
0.431444 0.092980 0.165374 0.705359 
0.432614 0.094726 0.135203 0.691120 
0.438421 0.092170 0.162186 0.706082 
0.417617 0.093998 0.148747 0.694306 
0.419184 0.089404 0.150188 0.681883 
0.411791 0.093213 0.156948 0.668122 
0.426632 0.092335 0.179031 0.690088 
0.424001 0.090591 0.154179 0.697537 
0.405582 0.089410 0.157129 0.648564 
0.433986 0.096926 0.147816 0.693594 
0.429697 0.087699 0.164060 0.682585 
0.421094 0.082995 0.135626 0.628815 
0.422434 0.085079 0.150207 0.646134 
0.419035 0.084901 0.119759 0.637262 
0.423643 0.082139 0.154341 0.654455 
0.429961 0.083765 0.143219 0.670278 
0.416761 0.083270 0.159784 0.642434 
0.412956 0.084219 0.159831 0.639718 
0.417929 0.085504 0.145517 0.664887 
0.421596 0.084366 0.116179 0.620552 
0.422793 0.087303 0.143430 0.630088 
0.413541 0.081345 0.120332 0.627915 
0.414410 0.082108 0.143214 0.619561 
0.410371 0.088300 0.142517 0.651706 
0.428674 0.091185 0.161432 0.695669 
0.408962 0.090470 0.165804 0.673348 
0.452958 0.097797 0.141036 0.730517 
0.450215 0.099269 0.171180 0.706764 
0.453025 0.097243 0.135504 0.722655 
0.434961 0.098821 0.159090 0.729713 
0.406511 0.091414 0.164517 0.686740 
0.439265 0.096928 0.170451 0.712351 
0.429074 0.091320 0.157836 0.686699 
0.409511 0.087661 0.143117 0.640074 
0.405956 0.094295 0.139973 0.688396 
0.401840 0.092175 0.144120 0.655941 
0.411450 0.089570 0.157156 0.700458 
0.406898 0.096735 0.145956 0.685135 
0.404249 0.092238 0.142780 0.665884 
0.419065 0.085998 0.176526 0.673447 
0.411773 0.093662 0.151011 0.675090 
0.428257 0.092475 0.160167 0.699257 
0.411391 0.093507 0.137173 0.694516 
0.405220 0.090048 0.148370 0.658317 
0.415783 0.092953 0.165872 0.665078 
0.419609 0.092916 0.150859 0.733872 
0.392242 0.080566 0.114954 0.615016 
0.381216 0.085785 0.117870 0.605375 
0.400260 0.089289 0.135263 0.641115 
0.365700 0.080245 0.127718 0.589408 
0.396792 0.084171 0.123860 0.660094 
0.404160 0.079015 0.123186 0.650428 
0.375381 0.076775 0.128478 0.577051 
0.385311 0.078800 0.130131 0.612995 
0.400128 0.082462 0.132564 0.641767 
0.383496 0.078910 0.111538 0.593221 
0.392679 0.084481 0.099738 0.642407 
0.428666 0.091915 0.153508 0.620605 
0.453499 0.099882 0.144119 0.693895 
0.418782 0.086580 0.157010 0.625186 
0.432272 0.088364 0.118903 0.627997 
0.470113 0.099817 0.125261 0.740772 
0.430927 0.094019 0.132193 0.647087 
0.429125 0.087710 0.150405 0.656259 
0.429218 0.092361 0.137937 0.632544 
0.465003 0.098967 0.143178 0.697276 
0.451464 0.098481 0.145981 0.699267 
0.446960 0.094399 0.193928 0.695660 
0.449756 0.092763 0.191708 0.686167 
0.458902 0.098067 0.159014 0.706232 
0.440415 0.093979 0.189974 0.702150 
0.436259 0.092215 0.187582 0.675768 
0.457399 0.100683 0.149686 0.744410 
0.421302 0.094232 0.151323 0.662786 
0.453232 0.101002 0.173790 0.725635 
0.429245 0.088592 0.149684 0.663799 
0.440911 0.093436 0.175830 0.681632 
0.428862 0.091098 0.160244 0.653434 
0.430940 0.089630 0.167045 0.672812 
0.460153 0.097295 0.173722 0.745194 
0.449066 0.094827 0.196294 0.705739 
0.434641 0.089893 0.172431 0.686106 
0.461433 0.093566 0.191808 0.709445 
0.424511 0.093239 0.167204 0.706702 
0.437397 0.095315 0.141420 0.670982 
0.437265 0.093987 0.123470 0.718070 
0.431059 0.093123 0.132581 0.661484 
0.439029 0.095340 0.113599 0.701326 
0.447383 0.099210 0.140911 0.714894 
0.438327 0.094728 0.120046 0.680076 
0.435848 0.096194 0.133048 0.684168 
0.433747 0.099604 0.154261 0.690324 
0.430403 0.092449 0.148985 0.695109 
0.436420 0.093570 0.136632 0.670735 
0.434962 0.099564 0.126241 0.730345 
0.438438 0.099841 0.136568 0.706176 
0.434078 0.095596 0.156433 0.695964 
0.370109 0.080028 0.142981 0.607185 
0.388614 0.084535 0.145219 0.662634 
0.383027 0.075955 0.167755 0.606211 
0.377558 0.075403 0.164299 0.597140 
0.386230 0.084890 0.146169 0.645596 
0.385347 0.088384 0.150636 0.673253 
0.378911 0.077997 0.161025 0.619846 
0.388572 0.079700 0.153049 0.614042 
0.383328 0.077176 0.155543 0.641974 
0.388357 0.085897 0.152943 0.636655 
0.355317 0.076680 0.147916 0.588107 
0.376483 0.077300 0.142437 0.608246 
0.354934 0.074378 0.135905 0.568824 
0.384122 0.079171 0.131047 0.612957 
0.420733 0.098243 0.125183 0.674288 
0.423774 0.101623 0.139932 0.691967 
0.425061 0.102310 0.140769 0.712193 
0.410342 0.096077 0.107038 0.642703 
0.410618 0.093343 0.110467 0.681364 
0.412099 0.095756 0.134661 0.675669 
0.404538 0.090128 0.111644 0.627542 
0.414342 0.093475 0.138691 0.651817 
0.396407 0.092742 0.149549 0.717640 
0.421324 0.093693 0.072507 0.666197 
0.410246 0.099857 0.107869 0.692953 
0.407045 0.096097 0.130375 0.653339 
0.416353 0.093463 0.131233 0.700125 
0.375825 0.078546 0.142375 0.578528 
0.379906 0.080993 0.143939 0.568582 
0.385528 0.082849 0.159847 0.573642 
0.383870 0.080147 0.150526 0.593487 
0.381112 0.082010 0.136087 0.576686 
0.386755 0.080429 0.127916 0.576374 
0.381726 0.080467 0.127297 0.574942 
0.379431 0.081277 0.138892 0.584317 
0.382206 0.078733 0.139337 0.571473 
0.379618 0.078282 0.133248 0.584522 
0.378631 0.078386 0.128052 0.578524 
0.382434 0.083354 0.121595 0.583223 
0.357581 0.093144 0.077938 0.568828 
0.365859 0.100093 0.064880 0.590323 
0.369768 0.097916 0.087866 0.605503 
0.376974 0.096879 0.092608 0.585796 
0.385128 0.107673 0.064379 0.636279 
0.400533 0.104573 0.099464 0.662709 
0.375423 0.098254 0.097240 0.587964 
0.371844 0.095414 0.090047 0.579259 
0.407868 0.107274 0.087373 0.655688 
0.383894 0.104647 0.076336 0.645555 
0.358197 0.093608 0.085443 0.578342 
0.379258 0.104885 0.080594 0.638988 
0.358670 0.093315 0.084246 0.568861 
0.443665 0.089072 0.167691 0.676514 
0.411966 0.087138 0.152146 0.622709 
0.424760 0.085104 0.149597 0.645270 
0.412094 0.083943 0.139747 0.627102 
0.435873 0.091959 0.168232 0.679820 
0.404331 0.084462 0.149846 0.630872 
0.420181 0.085207 0.161711 0.646994 
0.407875 0.081936 0.156839 0.627845 
0.417544 0.084985 0.164168 0.636825 
0.404373 0.082037 0.144638 0.611941 
0.417944 0.081497 0.152292 0.621323 
0.418216 0.085670 0.141237 0.637358 
0.419857 0.084497 0.165696 0.621240 
0.445540 0.089791 0.175930 0.697794 
0.442772 0.091780 0.194500 0.667960 
0.457087 0.100945 0.172941 0.723124 
0.459398 0.102437 0.194603 0.736991 
0.460438 0.098340 0.198967 0.739881 
0.466579 0.100753 0.152299 0.766132 
0.443802 0.090920 0.193552 0.695427 
0.462576 0.101632 0.194897 0.726047 
0.445427 0.095082 0.175056 0.709755 
0.450375 0.099758 0.184830 0.727334 
0.458719 0.092535 0.191573 0.708542 
0.462384 0.091106 0.197239 0.700680 
0.457356 0.094147 0.172167 0.698406 
0.435800 0.094270 0.199457 0.670978 
0.364750 0.073428 0.120045 0.609857 
0.376202 0.074610 0.109181 0.667099 
0.391922 0.077205 0.137227 0.606855 
0.395383 0.078862 0.135270 0.605830 
0.375350 0.071766 0.143094 0.626997 
0.382288 0.072649 0.113134 0.596420 
0.368469 0.073148 0.117221 0.617641 
0.393016 0.075362 0.138087 0.606097 
0.370426 0.071322 0.122189 0.631632 
0.377292 0.069213 0.159609 0.661789 
0.375067 0.078381 0.141492 0.610658 
0.374357 0.073194 0.134552 0.626410 
0.393150 0.078181 0.125847 0.635320 
