0.425644 0.082434 0.187455 0.708901 
0.401355 0.079666 0.148350 0.620812 
0.409122 0.082283 0.183105 0.625817 
0.426888 0.082603 0.187929 0.673945 
0.428285 0.084338 0.175840 0.693334 
0.430375 0.081908 0.174340 0.647126 
0.406584 0.084781 0.164938 0.653603 
0.420557 0.078967 0.167083 0.658373 
0.431264 0.086535 0.182063 0.704065 
0.427420 0.077716 0.182240 0.640764 
0.401781 0.082894 0.189495 0.652862 
0.419443 0.079480 0.193500 0.624788 
0.431511 0.087590 0.185462 0.679645 
0.436402 0.080465 0.144123 0.662464 
0.420284 0.076718 0.166669 0.609986 
0.422097 0.077914 0.168489 0.633803 
0.418924 0.076574 0.169890 0.606134 
0.434543 0.079136 0.194437 0.652466 
0.430559 0.078818 0.169304 0.651418 
0.429523 0.074951 0.158166 0.645204 
0.418993 0.074425 0.158272 0.612076 
0.431448 0.073239 0.162801 0.624403 
0.420621 0.077668 0.158391 0.600342 
0.425835 0.078514 0.129245 0.636706 
0.412007 0.075068 0.163635 0.615668 
0.419474 0.075742 0.156911 0.610160 
0.387180 0.083317 0.122885 0.611199 
0.408144 0.089555 0.149046 0.653303 
0.384965 0.082278 0.149154 0.616067 
0.425871 0.090551 0.143127 0.664895 
0.423866 0.089633 0.149281 0.669462 
0.427520 0.091991 0.112669 0.666045 
0.408265 0.088870 0.137568 0.646099 
0.382387 0.082643 0.147295 0.601978 
0.420048 0.090415 0.128707 0.673163 
0.391359 0.084976 0.142922 0.635383 
0.415512 0.089027 0.131153 0.633310 
0.423457 0.073915 0.183215 0.652845 
0.424878 0.075151 0.171407 0.643125 
0.413386 0.080421 0.175017 0.630898 
0.434491 0.076330 0.190557 0.648157 
0.425478 0.074613 0.185088 0.638763 
0.423412 0.075955 0.195978 0.632724 
0.430166 0.077662 0.214036 0.669694 
0.419823 0.072343 0.196071 0.641029 
0.431667 0.075274 0.196829 0.630189 
0.413634 0.077265 0.177172 0.636068 
0.433056 0.078562 0.180007 0.664187 
0.416531 0.075556 0.140589 0.635679 
0.356836 0.077461 0.115809 0.596752 
0.344203 0.082922 0.107979 0.591368 
0.368386 0.091709 0.106269 0.661489 
0.344296 0.077195 0.099427 0.560466 
0.356932 0.085888 0.099932 0.614924 
0.371899 0.084913 0.122010 0.605894 
0.331853 0.075428 0.084104 0.553869 
0.344615 0.077849 0.101363 0.545731 
0.365320 0.086023 0.102495 0.593160 
0.358253 0.081044 0.076914 0.551380 
0.361142 0.087408 0.113622 0.597234 
0.449616 0.083566 0.173146 0.684735 
0.453996 0.086663 0.184357 0.681196 
0.442936 0.082007 0.204947 0.684482 
0.452792 0.080082 0.200242 0.658291 
0.443300 0.080534 0.175338 0.667530 
0.447777 0.082754 0.194902 0.662911 
0.445932 0.081589 0.194492 0.668590 
0.453432 0.081190 0.216315 0.677472 
0.473860 0.087440 0.184769 0.710386 
0.437903 0.081718 0.204446 0.672937 
0.406594 0.080789 0.134785 0.641368 
0.434591 0.081218 0.174228 0.693077 
0.409454 0.075159 0.195633 0.640628 
0.421746 0.085328 0.169485 0.663590 
0.404449 0.084991 0.156857 0.666457 
0.421083 0.089014 0.160117 0.690559 
0.413144 0.080608 0.170824 0.670554 
0.398667 0.077352 0.177739 0.621992 
0.410916 0.083931 0.159975 0.639194 
0.401113 0.075487 0.143721 0.612237 
0.406206 0.080721 0.169153 0.643611 
0.415814 0.080697 0.162720 0.656758 
0.425658 0.083224 0.160843 0.652798 
0.393489 0.074853 0.178627 0.602300 
0.405188 0.075853 0.161275 0.647552 
0.430970 0.084093 0.166734 0.654483 
0.406419 0.090956 0.171151 0.665432 
0.418688 0.087651 0.177031 0.642653 
0.415414 0.085742 0.167631 0.654234 
0.405384 0.086111 0.159545 0.638315 
0.427961 0.082488 0.177501 0.667542 
0.437308 0.088479 0.183296 0.699042 
0.422800 0.086189 0.174395 0.649947 
0.423191 0.089705 0.161928 0.678156 
0.419365 0.086214 0.186278 0.659032 
0.410047 0.087295 0.158892 0.636893 
0.416746 0.086355 0.184236 0.650260 
0.424840 0.086727 0.172357 0.680168 
0.430285 0.090937 0.159584 0.678916 
0.403846 0.085293 0.188172 0.640556 
0.379985 0.066873 0.168388 0.579113 
0.386638 0.071890 0.162339 0.620138 
0.357255 0.064803 0.161552 0.539734 
0.365310 0.067280 0.154386 0.551076 
0.371586 0.067424 0.180083 0.564932 
0.369079 0.070645 0.150872 0.589822 
0.366211 0.064909 0.163364 0.587128 
0.376234 0.067097 0.147330 0.595934 
0.361730 0.064633 0.173962 0.582527 
0.376927 0.065669 0.156267 0.582053 
0.366414 0.060184 0.159250 0.570808 
0.372913 0.065367 0.161585 0.567798 
0.370650 0.068299 0.172472 0.566388 
0.350757 0.062400 0.142768 0.543328 
0.391788 0.087012 0.127699 0.623044 
0.400476 0.091918 0.118076 0.595470 
0.376851 0.081821 0.126618 0.577002 
0.386453 0.085270 0.137550 0.614019 
0.373865 0.084823 0.130123 0.604354 
0.389203 0.086235 0.122699 0.579677 
0.358466 0.076229 0.117536 0.564245 
0.380507 0.082694 0.119029 0.580661 
0.377268 0.082986 0.110641 0.611859 
0.384868 0.083492 0.124659 0.593131 
0.398670 0.088320 0.120492 0.597489 
0.396868 0.087929 0.129634 0.602339 
0.389603 0.085855 0.125213 0.604612 
0.368821 0.077270 0.125086 0.563198 
0.377112 0.080941 0.126576 0.588337 
0.376466 0.081193 0.101285 0.573827 
0.377105 0.079816 0.093080 0.572110 
0.357332 0.072510 0.131841 0.572766 
0.373820 0.077096 0.142424 0.565862 
0.378814 0.075012 0.134253 0.634093 
0.349826 0.070568 0.096159 0.546736 
0.382318 0.073167 0.084292 0.607922 
0.383676 0.075415 0.117519 0.628999 
0.378623 0.080342 0.110494 0.599403 
0.381748 0.078570 0.119056 0.587782 
0.367641 0.080746 0.124484 0.622352 
0.372366 0.083311 0.129202 0.594973 
0.360545 0.085223 0.096339 0.627875 
0.365105 0.085642 0.124743 0.632999 
0.366077 0.069620 0.129819 0.542521 
0.386628 0.090527 0.128268 0.653189 
0.365186 0.086514 0.117181 0.630934 
0.370914 0.082097 0.096244 0.620699 
0.390658 0.088245 0.106025 0.637667 
0.378627 0.090283 0.113318 0.628335 
0.369351 0.079772 0.117415 0.643842 
0.359480 0.083747 0.114312 0.579295 
0.363244 0.083525 0.133664 0.639768 
0.439192 0.090472 0.188683 0.645588 
0.418258 0.087065 0.173510 0.654445 
0.425127 0.085319 0.180774 0.674039 
0.416102 0.084453 0.186145 0.663946 
0.443911 0.092503 0.168058 0.689891 
0.411495 0.082510 0.165132 0.639696 
0.426283 0.082264 0.148387 0.663237 
0.416781 0.086707 0.160565 0.691568 
0.428243 0.088857 0.197374 0.677991 
0.420508 0.081988 0.159143 0.651798 
0.412871 0.083846 0.163808 0.653571 
0.431407 0.084281 0.149982 0.645481 
0.427778 0.086227 0.187556 0.671239 
0.438526 0.080721 0.179707 0.649453 
0.438120 0.081309 0.190987 0.640358 
0.458021 0.087119 0.159056 0.697502 
0.451869 0.081246 0.158551 0.685101 
0.449987 0.082205 0.144378 0.669602 
0.447318 0.082703 0.199238 0.714012 
0.437943 0.075723 0.177740 0.628411 
0.460073 0.085463 0.187423 0.737772 
0.426741 0.079616 0.186304 0.629365 
0.444191 0.083021 0.160562 0.670892 
0.430427 0.079717 0.134007 0.645122 
0.445945 0.078122 0.168406 0.637108 
0.449413 0.080761 0.159194 0.690860 
0.439655 0.079887 0.138838 0.646630 
0.346272 0.067580 0.124683 0.592157 
0.346069 0.070678 0.111216 0.596866 
0.331528 0.073001 0.141414 0.579363 
0.341831 0.069710 0.126140 0.583421 
0.351619 0.075283 0.137099 0.580615 
0.321397 0.072405 0.086540 0.575452 
0.320556 0.070043 0.140957 0.550479 
0.346980 0.068581 0.123049 0.544669 
0.337695 0.062945 0.122320 0.558688 
0.359172 0.069730 0.126582 0.568710 
0.341801 0.069215 0.121235 0.569383 
0.347724 0.069600 0.140145 0.555596 
0.344721 0.070559 0.130656 0.600426 
