0.414194 0.099177 0.250614 0.650349 
0.369522 0.105142 0.176738 0.595530 
0.384690 0.106303 0.182202 0.602673 
0.408020 0.103945 0.220953 0.651620 
0.396549 0.121713 0.172617 0.681331 
0.420069 0.114976 0.215290 0.665525 
0.368771 0.115739 0.139733 0.607996 
0.407860 0.097245 0.245895 0.638038 
0.394769 0.106750 0.195901 0.662184 
0.409521 0.105662 0.213081 0.663546 
0.379079 0.102096 0.183352 0.602561 
0.397332 0.101861 0.199696 0.649705 
0.399602 0.115716 0.189558 0.661803 
0.403295 0.129449 0.140942 0.664079 
0.388121 0.123904 0.142653 0.629888 
0.393994 0.119373 0.181726 0.647280 
0.389898 0.129851 0.152264 0.649011 
0.402338 0.122531 0.155986 0.650841 
0.396894 0.135556 0.145331 0.656419 
0.398387 0.126331 0.125821 0.628791 
0.390238 0.132088 0.102704 0.648270 
0.409314 0.129731 0.153444 0.659397 
0.389235 0.130512 0.140244 0.651031 
0.391940 0.129189 0.146406 0.655225 
0.382524 0.132054 0.123681 0.632293 
0.391540 0.120281 0.128470 0.631032 
0.404515 0.108811 0.170724 0.634365 
0.429411 0.114713 0.174602 0.635667 
0.414176 0.102914 0.234201 0.633952 
0.452491 0.105637 0.223618 0.673966 
0.455392 0.092427 0.193098 0.623962 
0.439274 0.097575 0.207446 0.658481 
0.444109 0.077752 0.235844 0.617730 
0.415059 0.091668 0.174092 0.604513 
0.420037 0.094955 0.219887 0.636298 
0.408218 0.108633 0.190433 0.656056 
0.427884 0.105030 0.221947 0.642359 
0.380855 0.103963 0.182435 0.619791 
0.390410 0.101489 0.184452 0.625541 
0.368518 0.110596 0.154684 0.616981 
0.419796 0.069483 0.266453 0.593442 
0.392204 0.088105 0.240010 0.599625 
0.381935 0.097685 0.216615 0.609832 
0.380740 0.096679 0.232087 0.615107 
0.377787 0.106453 0.193843 0.630190 
0.397735 0.092712 0.208754 0.622519 
0.365409 0.104203 0.162508 0.602059 
0.384696 0.079398 0.254817 0.591590 
0.378300 0.100936 0.176055 0.591369 
0.360603 0.133112 0.111181 0.667417 
0.335135 0.109929 0.120503 0.609982 
0.348342 0.127244 0.104222 0.661006 
0.324561 0.126585 0.087138 0.602776 
0.344850 0.128147 0.106307 0.679148 
0.359257 0.141868 0.115402 0.678301 
0.329187 0.108496 0.129774 0.594007 
0.338776 0.137945 0.083887 0.659108 
0.331265 0.135216 0.123984 0.672963 
0.343961 0.141169 0.105033 0.646915 
0.348746 0.135976 0.111647 0.689182 
0.407475 0.093302 0.237556 0.598750 
0.397840 0.087474 0.237840 0.590448 
0.398488 0.093484 0.228922 0.585127 
0.399618 0.098330 0.226618 0.619909 
0.397653 0.095449 0.191567 0.612870 
0.395229 0.093722 0.222277 0.588067 
0.399777 0.087352 0.220442 0.598657 
0.405584 0.093459 0.219398 0.617073 
0.437428 0.093905 0.229375 0.664323 
0.392577 0.096324 0.199137 0.631719 
0.379132 0.098117 0.207216 0.648651 
0.399504 0.092667 0.204157 0.595785 
0.377858 0.102095 0.189219 0.572079 
0.385258 0.095198 0.186906 0.611835 
0.400909 0.090089 0.235320 0.629638 
0.406722 0.095668 0.216239 0.650365 
0.388714 0.097216 0.220954 0.647035 
0.378718 0.092835 0.209366 0.587428 
0.402643 0.089788 0.212713 0.589683 
0.382771 0.104436 0.182645 0.613994 
0.384361 0.108093 0.174233 0.623792 
0.375729 0.100367 0.192932 0.602866 
0.398105 0.104783 0.219897 0.646728 
0.385714 0.099633 0.206711 0.628879 
0.386666 0.096588 0.204846 0.613901 
0.394055 0.106895 0.178258 0.644610 
0.388408 0.115741 0.180933 0.634575 
0.397871 0.086706 0.244445 0.603361 
0.406328 0.102598 0.223112 0.635428 
0.399487 0.109263 0.184916 0.634082 
0.438203 0.087885 0.266926 0.651398 
0.434888 0.087615 0.288424 0.633266 
0.414368 0.096853 0.225731 0.655170 
0.435119 0.097367 0.256210 0.671028 
0.404022 0.117109 0.201407 0.664424 
0.389194 0.117580 0.180448 0.643001 
0.406328 0.109297 0.208535 0.646999 
0.419624 0.092873 0.271707 0.625026 
0.421966 0.105710 0.211394 0.644725 
0.393794 0.105672 0.205568 0.627195 
0.369501 0.089227 0.172823 0.561739 
0.377868 0.093468 0.189122 0.582243 
0.354923 0.093879 0.175619 0.542571 
0.340254 0.083176 0.173781 0.537160 
0.354849 0.099383 0.164735 0.575579 
0.341257 0.099486 0.137185 0.563142 
0.363737 0.093161 0.176724 0.576074 
0.365639 0.097468 0.163716 0.607314 
0.345140 0.091440 0.168880 0.561115 
0.369787 0.102349 0.152515 0.589478 
0.356650 0.098134 0.190795 0.563229 
0.375126 0.090958 0.188371 0.595030 
0.360882 0.097323 0.171787 0.564761 
0.353261 0.103068 0.143983 0.562150 
0.377540 0.120217 0.157752 0.675519 
0.375173 0.113917 0.193117 0.686445 
0.385875 0.106452 0.217797 0.705478 
0.380967 0.122106 0.194927 0.665053 
0.361109 0.121123 0.182043 0.671278 
0.387877 0.123159 0.185897 0.700803 
0.373083 0.107890 0.201229 0.676314 
0.367541 0.126798 0.170981 0.676087 
0.354559 0.120095 0.168940 0.643524 
0.364435 0.122035 0.162730 0.679959 
0.387204 0.092958 0.201467 0.675136 
0.383148 0.116404 0.175364 0.730870 
0.379377 0.116167 0.192442 0.705792 
0.368453 0.090319 0.175892 0.623143 
0.380938 0.093624 0.155773 0.628428 
0.374114 0.079170 0.182902 0.557393 
0.397156 0.080221 0.192572 0.581828 
0.354064 0.090304 0.146832 0.546731 
0.377302 0.082968 0.181424 0.611879 
0.387575 0.097540 0.156630 0.622321 
0.353081 0.101230 0.167867 0.616930 
0.390226 0.083150 0.223300 0.594777 
0.382921 0.076224 0.228876 0.554757 
0.365806 0.087937 0.173257 0.568337 
0.365500 0.086250 0.176574 0.619243 
0.315521 0.124999 0.110051 0.658186 
0.351574 0.111704 0.108024 0.597506 
0.328400 0.125643 0.107115 0.680083 
0.314395 0.124614 0.092225 0.621373 
0.341454 0.115001 0.104365 0.650472 
0.347655 0.124619 0.117475 0.661670 
0.308385 0.125762 0.109624 0.628829 
0.332413 0.126374 0.105233 0.666336 
0.375116 0.133927 0.106384 0.700703 
0.338396 0.127248 0.115858 0.674195 
0.328439 0.125268 0.102125 0.647820 
0.312706 0.124072 0.086622 0.618439 
0.354973 0.133090 0.124664 0.669153 
0.421032 0.076366 0.295937 0.651864 
0.419215 0.083063 0.262860 0.634280 
0.409612 0.075035 0.267091 0.570954 
0.411524 0.072694 0.282360 0.584875 
0.412305 0.083354 0.247257 0.589366 
0.406349 0.072361 0.272869 0.583797 
0.405035 0.082291 0.239641 0.596740 
0.431144 0.070954 0.269413 0.643505 
0.410614 0.085130 0.256246 0.621994 
0.414595 0.077011 0.256836 0.588140 
0.412375 0.074607 0.271346 0.617163 
0.439790 0.083675 0.285375 0.690689 
0.411001 0.080677 0.267909 0.629750 
0.401483 0.097613 0.197368 0.643738 
0.399579 0.108727 0.200426 0.690777 
0.420525 0.099563 0.225378 0.664345 
0.410481 0.110405 0.204156 0.666041 
0.427405 0.091789 0.263479 0.661550 
0.421112 0.111526 0.220362 0.697177 
0.418461 0.083471 0.253865 0.626689 
0.426800 0.104893 0.234296 0.654950 
0.409338 0.109111 0.211217 0.668015 
0.424562 0.092257 0.250189 0.651756 
0.397861 0.114604 0.172966 0.703374 
0.419201 0.109336 0.216873 0.679538 
0.412612 0.109139 0.219389 0.678598 
0.401273 0.091143 0.230330 0.619600 
0.350043 0.094347 0.184302 0.533159 
0.356498 0.100627 0.175250 0.618829 
0.333673 0.112436 0.137210 0.616008 
0.357589 0.114684 0.139388 0.588163 
0.347956 0.101206 0.167652 0.581437 
0.333948 0.110283 0.128740 0.576295 
0.338908 0.096956 0.163928 0.551924 
0.334513 0.111471 0.119242 0.579321 
0.335760 0.099706 0.170480 0.561659 
0.343297 0.110558 0.151230 0.588040 
0.342857 0.104183 0.156133 0.585293 
0.358759 0.116164 0.139378 0.615365 
0.347778 0.104257 0.170616 0.604374 
