0.464411 0.114768 0.168145 0.777103 
0.439561 0.112214 0.130081 0.747853 
0.450363 0.105779 0.161786 0.736370 
0.462353 0.113785 0.176597 0.810755 
0.455059 0.116421 0.178917 0.757866 
0.463987 0.113467 0.182003 0.789288 
0.445875 0.113564 0.145887 0.777742 
0.461362 0.104178 0.188857 0.758074 
0.458599 0.109642 0.105138 0.746846 
0.457396 0.108169 0.148078 0.748509 
0.443031 0.111698 0.128035 0.730475 
0.443785 0.109058 0.161905 0.722425 
0.462613 0.114285 0.160409 0.783356 
0.483049 0.108859 0.211256 0.781599 
0.468715 0.105666 0.218252 0.757088 
0.469475 0.103933 0.171600 0.774865 
0.457507 0.104627 0.189676 0.749840 
0.462660 0.105274 0.201369 0.780726 
0.470595 0.104479 0.199288 0.792214 
0.487784 0.113777 0.214504 0.845064 
0.486794 0.104491 0.230092 0.798255 
0.471306 0.101807 0.191192 0.754973 
0.470877 0.105438 0.195233 0.791919 
0.496099 0.109545 0.186852 0.801733 
0.468128 0.105372 0.187862 0.760183 
0.456653 0.101701 0.213072 0.744092 
0.446397 0.085387 0.181885 0.663150 
0.468705 0.086660 0.178691 0.681156 
0.475282 0.092528 0.156016 0.714043 
0.501665 0.094287 0.167235 0.738968 
0.487480 0.094175 0.180934 0.729005 
0.487227 0.094867 0.190195 0.747152 
0.481613 0.090519 0.207903 0.726828 
0.458372 0.091671 0.139292 0.702129 
0.474918 0.091725 0.177083 0.725346 
0.465917 0.092955 0.207238 0.755791 
0.467369 0.085158 0.181514 0.685417 
0.435916 0.100913 0.168682 0.693417 
0.445349 0.107660 0.166292 0.724041 
0.436219 0.101305 0.181317 0.757707 
0.448219 0.107789 0.151670 0.752560 
0.446021 0.106097 0.186251 0.748900 
0.444985 0.111223 0.109795 0.743832 
0.447071 0.105288 0.163506 0.713536 
0.435331 0.102421 0.157840 0.715856 
0.442350 0.104926 0.109515 0.728565 
0.420681 0.098535 0.177505 0.680121 
0.449872 0.108674 0.139458 0.769607 
0.423355 0.100796 0.178891 0.695411 
0.460061 0.091658 0.146993 0.751284 
0.443782 0.094886 0.130056 0.730657 
0.474199 0.096725 0.169431 0.776257 
0.425209 0.084898 0.123224 0.658978 
0.454068 0.095962 0.142077 0.733644 
0.468044 0.093336 0.161945 0.754952 
0.441155 0.095227 0.116754 0.734375 
0.457211 0.095263 0.166372 0.700164 
0.463382 0.093943 0.134354 0.725278 
0.460197 0.096518 0.156590 0.741796 
0.484462 0.098421 0.168149 0.761627 
0.445564 0.099668 0.086080 0.690468 
0.468780 0.105676 0.110453 0.719244 
0.453057 0.105057 0.168517 0.721087 
0.458088 0.103962 0.131422 0.714031 
0.457750 0.104839 0.119537 0.710001 
0.453010 0.104151 0.138721 0.713151 
0.444319 0.101958 0.138381 0.692839 
0.460855 0.105541 0.114903 0.713464 
0.482504 0.104419 0.155769 0.728403 
0.454448 0.106004 0.069025 0.704681 
0.424992 0.088277 0.132021 0.685253 
0.445456 0.094570 0.160111 0.709838 
0.427131 0.089992 0.160278 0.701216 
0.433249 0.091680 0.163225 0.717825 
0.427417 0.089642 0.136479 0.732268 
0.442549 0.097192 0.184637 0.746384 
0.422560 0.090146 0.175814 0.695057 
0.423130 0.087101 0.158232 0.687749 
0.441357 0.083028 0.136311 0.686612 
0.416752 0.090478 0.159772 0.695918 
0.435889 0.087400 0.182913 0.702138 
0.427738 0.086150 0.173918 0.704745 
0.440351 0.088301 0.115521 0.688809 
0.424817 0.086714 0.163492 0.683401 
0.415192 0.083564 0.161397 0.667928 
0.428671 0.091285 0.164212 0.695264 
0.473823 0.101379 0.187227 0.747122 
0.480818 0.103678 0.164960 0.745463 
0.489677 0.110599 0.157855 0.766558 
0.480701 0.108732 0.165517 0.739940 
0.490952 0.104449 0.199057 0.747160 
0.496986 0.097125 0.185651 0.788405 
0.484603 0.101015 0.148720 0.756403 
0.503382 0.101586 0.181334 0.788276 
0.477454 0.094615 0.208407 0.745161 
0.470358 0.101368 0.191837 0.748723 
0.486288 0.105964 0.168189 0.770002 
0.481973 0.104091 0.198676 0.761813 
0.499811 0.104611 0.188555 0.756850 
0.486937 0.101804 0.165986 0.789265 
0.474717 0.083648 0.161195 0.697562 
0.473610 0.087483 0.176573 0.714707 
0.459380 0.087232 0.146084 0.728841 
0.455112 0.080861 0.190240 0.716797 
0.451175 0.085960 0.155290 0.694531 
0.462120 0.084677 0.120014 0.714210 
0.449302 0.086191 0.133409 0.693191 
0.476586 0.091496 0.163355 0.716699 
0.468320 0.086398 0.114534 0.702087 
0.470526 0.088559 0.149947 0.735396 
0.444249 0.085650 0.182021 0.696341 
0.455819 0.083665 0.169021 0.684025 
0.459669 0.082478 0.181254 0.693669 
0.457144 0.088418 0.169456 0.729528 
0.452711 0.109531 0.101701 0.711788 
0.450274 0.110056 0.143694 0.713948 
0.464246 0.111627 0.173543 0.734277 
0.447432 0.108394 0.144043 0.711125 
0.454666 0.106646 0.151212 0.718810 
0.452743 0.104017 0.130123 0.725249 
0.454318 0.110362 0.156537 0.723199 
0.447376 0.108382 0.142023 0.715173 
0.435600 0.100973 0.149461 0.744112 
0.452103 0.107108 0.127932 0.707429 
0.470974 0.110029 0.162687 0.733675 
0.468343 0.104959 0.135007 0.726986 
0.451567 0.109598 0.138472 0.699685 
0.401205 0.099254 0.146813 0.622743 
0.422083 0.094167 0.181855 0.669900 
0.415239 0.099256 0.146947 0.647165 
0.405671 0.096666 0.146121 0.642938 
0.400466 0.098341 0.136863 0.641617 
0.410831 0.100645 0.144152 0.638679 
0.410749 0.099095 0.149764 0.651460 
0.390418 0.095397 0.114974 0.614100 
0.418944 0.101165 0.129931 0.674379 
0.409103 0.098733 0.155378 0.657500 
0.412153 0.099528 0.166116 0.640879 
0.403284 0.093142 0.136689 0.645212 
0.465125 0.102267 0.149218 0.713905 
0.464755 0.098570 0.147010 0.729278 
0.460172 0.098653 0.126864 0.724299 
0.450636 0.096756 0.130578 0.707774 
0.457725 0.102344 0.104995 0.721277 
0.481484 0.099683 0.128439 0.715128 
0.464934 0.097569 0.098657 0.718184 
0.462674 0.095336 0.133257 0.728916 
0.493904 0.099120 0.133003 0.741564 
0.472696 0.098171 0.143180 0.714124 
0.453250 0.094457 0.140002 0.694127 
0.451231 0.091854 0.161050 0.725564 
0.451310 0.093722 0.140812 0.701693 
0.455563 0.107619 0.135237 0.751950 
0.459218 0.112639 0.158731 0.748098 
0.455419 0.107453 0.140739 0.736900 
0.431253 0.101498 0.141612 0.690158 
0.454219 0.107188 0.143752 0.745297 
0.441426 0.100081 0.134586 0.737821 
0.447241 0.106125 0.145297 0.781808 
0.446156 0.101053 0.130635 0.696251 
0.453884 0.105106 0.149016 0.710692 
0.442509 0.100598 0.126015 0.716318 
0.448656 0.103873 0.161351 0.741640 
0.468040 0.111780 0.093443 0.766227 
0.448405 0.103344 0.169825 0.712010 
0.471314 0.108741 0.163115 0.773785 
0.473898 0.104251 0.184800 0.735374 
0.491144 0.107854 0.192532 0.784587 
0.482300 0.107332 0.140614 0.775034 
0.494564 0.110874 0.128159 0.777425 
0.484792 0.112228 0.145131 0.777675 
0.477373 0.111902 0.137929 0.791350 
0.507685 0.107113 0.180793 0.797708 
0.469207 0.106114 0.183282 0.732741 
0.477522 0.107394 0.152526 0.741112 
0.477255 0.110043 0.144565 0.748839 
0.482414 0.110197 0.172558 0.772181 
0.484745 0.109982 0.160447 0.768559 
0.471891 0.108593 0.157359 0.758639 
0.431088 0.075915 0.132244 0.646642 
0.434284 0.075912 0.150067 0.671177 
0.427933 0.070168 0.162537 0.624195 
0.432333 0.079812 0.153913 0.679268 
0.426099 0.073245 0.150022 0.670610 
0.430452 0.076776 0.144245 0.678527 
0.434456 0.085356 0.119436 0.684938 
0.415449 0.069894 0.140301 0.622271 
0.434201 0.085967 0.121963 0.669028 
0.429320 0.080560 0.137367 0.677916 
0.429683 0.081417 0.137508 0.655338 
0.428088 0.077545 0.137003 0.674143 
0.430463 0.073628 0.136734 0.681436 
