0.389021 0.078259 0.137770 0.556074 
0.373853 0.081208 0.151864 0.548674 
0.390069 0.088743 0.166294 0.626728 
0.404777 0.093909 0.172501 0.635599 
0.386030 0.083191 0.163150 0.561663 
0.402843 0.092745 0.153855 0.621026 
0.388693 0.091083 0.131824 0.587171 
0.390276 0.086922 0.171494 0.593474 
0.375474 0.078160 0.180443 0.545629 
0.397218 0.093265 0.156316 0.610235 
0.389642 0.078360 0.173506 0.576948 
0.387099 0.091541 0.145703 0.583346 
0.394925 0.090698 0.163585 0.574228 
0.408594 0.088380 0.188253 0.623096 
0.403233 0.073391 0.233508 0.581791 
0.394906 0.073816 0.212334 0.580750 
0.388589 0.067530 0.231669 0.588243 
0.403320 0.082224 0.219705 0.630305 
0.397085 0.077128 0.206308 0.588048 
0.397517 0.079370 0.186446 0.583652 
0.403951 0.081303 0.221946 0.607884 
0.398399 0.073420 0.181814 0.594512 
0.382593 0.070635 0.214810 0.563022 
0.393134 0.078565 0.214017 0.601838 
0.385707 0.078670 0.169205 0.583478 
0.372119 0.072848 0.182688 0.572104 
0.387795 0.088439 0.188741 0.609487 
0.402041 0.093179 0.163727 0.617142 
0.395197 0.097792 0.152378 0.645180 
0.411248 0.094550 0.192493 0.609346 
0.416243 0.100442 0.145077 0.617570 
0.405815 0.102320 0.141695 0.637335 
0.403492 0.101042 0.186376 0.633084 
0.375393 0.072792 0.223778 0.576005 
0.412965 0.104090 0.163171 0.669773 
0.390527 0.081694 0.217586 0.624368 
0.389948 0.092608 0.167563 0.616148 
0.363158 0.069459 0.203283 0.535186 
0.365902 0.071104 0.200397 0.565872 
0.367028 0.072429 0.197978 0.542056 
0.360304 0.066304 0.210388 0.546585 
0.360143 0.064007 0.218644 0.529792 
0.387395 0.090059 0.178135 0.585552 
0.362937 0.069984 0.205843 0.541914 
0.381559 0.085290 0.184651 0.567092 
0.366116 0.069792 0.203125 0.559293 
0.383850 0.089963 0.192648 0.587428 
0.373097 0.072909 0.212515 0.546874 
0.371319 0.075865 0.192963 0.571619 
0.356395 0.084601 0.174823 0.561945 
0.345203 0.079084 0.147687 0.531523 
0.357409 0.084112 0.156351 0.587294 
0.346577 0.086036 0.159947 0.565548 
0.350220 0.077062 0.170633 0.547567 
0.357934 0.085079 0.163438 0.569640 
0.349155 0.091781 0.154537 0.583201 
0.352275 0.087116 0.154606 0.583246 
0.366226 0.090015 0.148404 0.583835 
0.349498 0.073953 0.186195 0.544096 
0.360237 0.087161 0.158234 0.550443 
0.366371 0.084700 0.151879 0.571876 
0.359717 0.084475 0.141559 0.543280 
0.335840 0.072292 0.167533 0.514659 
0.346846 0.078221 0.142497 0.538613 
0.369237 0.097001 0.071430 0.595821 
0.347546 0.077612 0.161616 0.521560 
0.344675 0.079306 0.146957 0.521619 
0.350245 0.077806 0.180622 0.536834 
0.370793 0.096207 0.150285 0.571325 
0.359701 0.086696 0.140511 0.550284 
0.365652 0.068899 0.170863 0.537515 
0.357552 0.058891 0.206404 0.517129 
0.364091 0.068853 0.208705 0.545660 
0.347651 0.055129 0.211569 0.505658 
0.353275 0.063972 0.206253 0.535162 
0.381027 0.073809 0.181725 0.566595 
0.338470 0.054926 0.202250 0.492629 
0.351108 0.059412 0.209875 0.532617 
0.356504 0.061335 0.211750 0.531755 
0.363102 0.065418 0.196407 0.547531 
0.345464 0.057057 0.211598 0.509495 
0.351416 0.057538 0.212651 0.512917 
0.355793 0.058177 0.208821 0.525669 
0.367356 0.070172 0.199469 0.528257 
0.356391 0.061843 0.211283 0.536829 
0.364832 0.069967 0.190242 0.564042 
0.365710 0.095660 0.141149 0.590606 
0.370967 0.098305 0.128070 0.596342 
0.372756 0.093490 0.125695 0.598271 
0.376136 0.100262 0.111677 0.580835 
0.371515 0.093594 0.138753 0.597329 
0.387955 0.097850 0.130149 0.620791 
0.368861 0.090682 0.127597 0.591384 
0.375012 0.087799 0.157622 0.583253 
0.379853 0.098842 0.135984 0.601944 
0.374920 0.102547 0.131565 0.612809 
0.371170 0.096339 0.134364 0.587204 
0.375534 0.095007 0.153994 0.597322 
0.384459 0.094776 0.135288 0.599462 
0.367473 0.097702 0.151470 0.593773 
0.310030 0.066757 0.114319 0.509763 
0.313631 0.066031 0.133439 0.520177 
0.321983 0.084209 0.066372 0.489206 
0.328133 0.080166 0.132289 0.538462 
0.319869 0.077038 0.096740 0.472272 
0.321937 0.072517 0.114681 0.501708 
0.325135 0.076210 0.114059 0.468297 
0.330557 0.091456 0.106062 0.526491 
0.328449 0.083958 0.086526 0.491185 
0.311298 0.068496 0.110433 0.517262 
0.319454 0.071666 0.124561 0.499283 
0.328046 0.073768 0.115846 0.556188 
0.318497 0.072295 0.112120 0.528649 
0.308010 0.065824 0.135331 0.539755 
0.348847 0.084505 0.149530 0.549006 
0.350892 0.083032 0.139567 0.526169 
0.358691 0.083202 0.100548 0.568435 
0.350768 0.084840 0.103897 0.541859 
0.349586 0.088800 0.120714 0.572041 
0.351905 0.080106 0.167860 0.517556 
0.335820 0.103419 0.092185 0.535803 
0.354856 0.081377 0.130790 0.529719 
0.341787 0.082797 0.117810 0.502427 
0.367458 0.101154 0.143073 0.638449 
0.344742 0.077766 0.125075 0.499938 
0.362988 0.089074 0.157147 0.544170 
0.351923 0.090673 0.126171 0.553590 
0.356887 0.076662 0.182504 0.516904 
0.350165 0.069459 0.201389 0.513475 
0.341406 0.057198 0.218105 0.458865 
0.344457 0.063989 0.206361 0.488358 
0.350923 0.072448 0.198104 0.508932 
0.345110 0.061230 0.208627 0.473540 
0.346110 0.058582 0.222818 0.474705 
0.374679 0.097548 0.132199 0.557289 
0.344532 0.062679 0.212716 0.482768 
0.341281 0.064798 0.206634 0.489206 
0.340582 0.061770 0.206167 0.480933 
0.339634 0.062334 0.201482 0.488113 
0.300785 0.059641 0.152969 0.438093 
0.309633 0.060215 0.170694 0.452594 
0.314083 0.069344 0.145522 0.474569 
0.321052 0.084722 0.128853 0.493562 
0.312070 0.067635 0.139627 0.458889 
0.341347 0.077168 0.149734 0.502812 
0.323261 0.076540 0.166019 0.499342 
0.324417 0.084475 0.128280 0.490514 
0.344398 0.088387 0.146032 0.525056 
0.325121 0.084539 0.127265 0.497526 
0.317684 0.070655 0.152418 0.463807 
0.324850 0.084206 0.116865 0.506419 
0.315967 0.066470 0.173564 0.467127 
0.392552 0.089138 0.175076 0.561918 
0.399722 0.108580 0.138142 0.612957 
0.411361 0.107274 0.174544 0.585303 
0.394480 0.120561 0.124114 0.623781 
0.405677 0.113721 0.142476 0.614196 
0.379439 0.088075 0.179239 0.566231 
0.382544 0.086989 0.168264 0.534767 
0.406658 0.110063 0.159965 0.605916 
0.388662 0.093017 0.198776 0.566610 
0.384800 0.093731 0.182170 0.595937 
0.377822 0.080700 0.185763 0.560604 
0.412460 0.111662 0.153656 0.626079 
0.410147 0.124800 0.130116 0.666987 
0.370598 0.066418 0.173975 0.522866 
0.363007 0.063147 0.168005 0.521228 
0.396982 0.072565 0.169173 0.548519 
0.384905 0.071385 0.169991 0.559025 
0.387968 0.065372 0.235233 0.521118 
0.394399 0.063074 0.234628 0.521691 
0.380242 0.060285 0.205968 0.515595 
0.394174 0.069544 0.203291 0.522406 
0.367325 0.068487 0.173550 0.543161 
0.384298 0.062240 0.195722 0.526005 
0.382566 0.066974 0.187264 0.541246 
0.375739 0.072805 0.161047 0.559158 
0.391459 0.069047 0.187576 0.531788 
0.353738 0.053427 0.200761 0.486574 
0.368230 0.103769 0.150416 0.643397 
0.343286 0.072802 0.179944 0.543821 
0.365048 0.090219 0.184513 0.604113 
0.372460 0.089102 0.176054 0.588606 
0.363475 0.089186 0.151369 0.588161 
0.360410 0.080557 0.196434 0.590981 
0.352372 0.083466 0.174092 0.564145 
0.364068 0.096921 0.158478 0.618237 
0.342552 0.077223 0.185988 0.578450 
0.385129 0.094986 0.187298 0.591546 
0.344091 0.073897 0.165278 0.582235 
0.342018 0.072237 0.156905 0.582884 
0.352678 0.078060 0.202607 0.569485 
