0.510171 0.117886 0.197234 0.756748 
0.482303 0.115823 0.210621 0.725337 
0.496386 0.121414 0.213579 0.753018 
0.512598 0.122189 0.172814 0.781003 
0.501590 0.117619 0.177592 0.755272 
0.520422 0.120841 0.195219 0.762236 
0.476704 0.116542 0.158625 0.728994 
0.491118 0.114723 0.180882 0.733188 
0.503615 0.125296 0.187169 0.772617 
0.501065 0.121302 0.177058 0.767629 
0.488456 0.126813 0.195638 0.771317 
0.495408 0.121347 0.146931 0.806865 
0.506736 0.121718 0.168742 0.775862 
0.532200 0.123246 0.194917 0.792079 
0.519272 0.124834 0.173379 0.774510 
0.522294 0.123345 0.213617 0.799119 
0.513969 0.119296 0.221662 0.781670 
0.521613 0.114527 0.203891 0.758965 
0.524057 0.124097 0.191976 0.793592 
0.525222 0.124138 0.188800 0.798889 
0.521911 0.121531 0.206487 0.781287 
0.525257 0.120331 0.191191 0.778412 
0.517243 0.121586 0.220750 0.775801 
0.521857 0.119368 0.223372 0.777478 
0.511044 0.117309 0.197094 0.748390 
0.520662 0.117982 0.213176 0.765878 
0.506437 0.113705 0.229128 0.764041 
0.530590 0.123755 0.217168 0.796475 
0.514238 0.117174 0.227605 0.777317 
0.555342 0.128735 0.209697 0.817387 
0.545587 0.122830 0.205945 0.800057 
0.541246 0.121269 0.217535 0.790589 
0.533004 0.125669 0.220338 0.806122 
0.514981 0.126537 0.206278 0.793958 
0.555517 0.139497 0.172379 0.851929 
0.518147 0.122293 0.230914 0.789115 
0.528328 0.120439 0.192441 0.791601 
0.496684 0.123818 0.196167 0.801548 
0.493911 0.116296 0.196307 0.788693 
0.496290 0.120139 0.202735 0.788899 
0.496507 0.121067 0.199094 0.789603 
0.493355 0.116723 0.209872 0.796587 
0.494720 0.111388 0.232936 0.793095 
0.495092 0.120158 0.212520 0.814579 
0.493097 0.115757 0.197230 0.770705 
0.495829 0.120592 0.150024 0.805016 
0.490540 0.113829 0.185917 0.745851 
0.503433 0.119754 0.215019 0.815183 
0.495163 0.118751 0.187651 0.777338 
0.464316 0.121070 0.179709 0.767841 
0.444827 0.115726 0.122367 0.736055 
0.465114 0.120139 0.179251 0.776368 
0.445946 0.120140 0.126414 0.758155 
0.454753 0.119845 0.126024 0.738499 
0.456715 0.116427 0.188875 0.738754 
0.433750 0.113940 0.161042 0.707295 
0.446640 0.112902 0.180039 0.720883 
0.459427 0.120499 0.140666 0.769182 
0.453216 0.120711 0.151224 0.760492 
0.457389 0.121021 0.176689 0.758591 
0.512369 0.113899 0.181980 0.743727 
0.527921 0.115281 0.207678 0.784805 
0.510913 0.111660 0.207332 0.757537 
0.517017 0.119862 0.211304 0.794734 
0.520045 0.120188 0.188181 0.788548 
0.508538 0.114677 0.202520 0.761044 
0.507559 0.110037 0.218610 0.767954 
0.514420 0.117736 0.220713 0.792929 
0.537584 0.117285 0.172932 0.783548 
0.514089 0.120459 0.221936 0.802596 
0.513819 0.129076 0.190864 0.808640 
0.520995 0.123931 0.217309 0.798558 
0.507357 0.117147 0.224977 0.783771 
0.525912 0.126523 0.170777 0.828449 
0.519697 0.125969 0.191864 0.839250 
0.537516 0.126105 0.183119 0.805162 
0.503527 0.123854 0.208673 0.802627 
0.512624 0.123244 0.187988 0.799688 
0.513997 0.127577 0.180488 0.819776 
0.497060 0.115906 0.195551 0.770107 
0.512649 0.124993 0.201088 0.819222 
0.514229 0.122295 0.195993 0.792137 
0.521161 0.129553 0.198726 0.810528 
0.511240 0.116147 0.193283 0.795947 
0.502972 0.116781 0.203353 0.768546 
0.517786 0.121796 0.216872 0.790909 
0.495237 0.117693 0.190809 0.768379 
0.493032 0.116507 0.192117 0.786964 
0.491781 0.117625 0.181140 0.766512 
0.494717 0.118751 0.188529 0.766483 
0.512469 0.125508 0.188361 0.800365 
0.520310 0.124418 0.187913 0.825818 
0.511280 0.125792 0.213131 0.794007 
0.520326 0.129647 0.161786 0.836322 
0.494568 0.123506 0.191063 0.766802 
0.491248 0.120892 0.176691 0.770133 
0.504682 0.120754 0.184083 0.786898 
0.507182 0.121801 0.160936 0.790155 
0.521470 0.124584 0.202721 0.804822 
0.496329 0.119417 0.190779 0.781432 
0.494251 0.118425 0.177075 0.750033 
0.493921 0.121359 0.199579 0.771293 
0.463664 0.107655 0.199139 0.684616 
0.482112 0.122918 0.185069 0.778210 
0.475357 0.115493 0.183525 0.722805 
0.492626 0.121845 0.190366 0.749860 
0.476265 0.111665 0.198594 0.727375 
0.491374 0.121798 0.180068 0.832503 
0.482581 0.128568 0.190259 0.769193 
0.486397 0.115384 0.196429 0.744429 
0.474145 0.114283 0.199025 0.738213 
0.490139 0.114336 0.208710 0.755493 
0.489869 0.113879 0.184419 0.742782 
0.480673 0.120457 0.177568 0.767493 
0.486403 0.117439 0.194429 0.766064 
0.485202 0.117692 0.182778 0.780588 
0.481913 0.121529 0.201541 0.782019 
0.482110 0.119720 0.198492 0.740486 
0.479473 0.117373 0.192279 0.749892 
0.491917 0.119806 0.171362 0.766624 
0.472055 0.124292 0.188220 0.778401 
0.477973 0.116584 0.190840 0.752237 
0.466198 0.111845 0.197350 0.734339 
0.475200 0.123687 0.171320 0.772851 
0.490390 0.118429 0.164295 0.773205 
0.495600 0.123019 0.169782 0.794068 
0.489085 0.122555 0.202811 0.791846 
0.471902 0.117309 0.208556 0.773580 
0.482043 0.114199 0.225275 0.776690 
0.476303 0.114180 0.220139 0.777889 
0.484941 0.116718 0.224410 0.801762 
0.463704 0.109246 0.221370 0.760745 
0.474811 0.114514 0.207887 0.772198 
0.475043 0.117879 0.185354 0.767051 
0.462020 0.110227 0.227029 0.740067 
0.479108 0.119416 0.215714 0.818452 
0.469460 0.114653 0.216909 0.782225 
0.476867 0.114575 0.220899 0.778075 
0.472181 0.112152 0.199680 0.766672 
0.463675 0.119510 0.176111 0.805802 
0.468352 0.116536 0.193571 0.796544 
0.464896 0.117342 0.193958 0.791913 
0.465009 0.115920 0.185096 0.775379 
0.465718 0.116479 0.203609 0.808900 
0.493569 0.126006 0.200008 0.825324 
0.465496 0.112516 0.176682 0.815482 
0.476398 0.119200 0.186179 0.789840 
0.499955 0.128668 0.190045 0.835149 
0.485578 0.121586 0.205738 0.796041 
0.472140 0.118833 0.169458 0.825339 
0.462894 0.116053 0.174223 0.800438 
0.466015 0.117883 0.189562 0.810366 
0.497573 0.116225 0.186832 0.761244 
0.491122 0.119030 0.198807 0.763032 
0.480533 0.112661 0.172289 0.746925 
0.476695 0.118156 0.174656 0.748874 
0.497972 0.114046 0.183984 0.755826 
0.474887 0.111107 0.193108 0.746870 
0.492237 0.116738 0.191257 0.779185 
0.485498 0.117116 0.199659 0.747854 
0.495698 0.124533 0.207838 0.765656 
0.484866 0.115028 0.196784 0.771288 
0.494268 0.121263 0.198123 0.779188 
0.497526 0.121529 0.196124 0.778443 
0.492262 0.115928 0.211071 0.758131 
0.503066 0.125318 0.186634 0.843944 
0.500995 0.116683 0.222949 0.793689 
0.519944 0.130290 0.161823 0.866102 
0.513424 0.126629 0.217218 0.832743 
0.527633 0.132079 0.205139 0.861302 
0.524140 0.134930 0.219708 0.846046 
0.511039 0.127475 0.201208 0.850224 
0.525811 0.129278 0.185741 0.844096 
0.496146 0.119823 0.208269 0.796446 
0.514761 0.127191 0.201679 0.836930 
0.501800 0.121882 0.209174 0.811090 
0.506980 0.126801 0.203610 0.815636 
0.523594 0.130528 0.188183 0.864803 
0.498825 0.125177 0.204171 0.853364 
0.462349 0.118025 0.152180 0.761790 
0.467908 0.115423 0.186285 0.796365 
0.461513 0.115927 0.166581 0.747967 
0.460746 0.118117 0.165473 0.762560 
0.466098 0.120592 0.168976 0.765977 
0.458136 0.118846 0.191353 0.800102 
0.445671 0.116070 0.181419 0.737721 
0.454362 0.116876 0.186861 0.755946 
0.458252 0.122496 0.176797 0.804856 
0.467812 0.119173 0.169692 0.766045 
0.459098 0.114521 0.156503 0.758691 
0.465096 0.117233 0.165631 0.771565 
0.458061 0.115742 0.195327 0.779691 
