0.557886 0.083536 0.212920 0.760441 
0.529738 0.071091 0.300185 0.703621 
0.534824 0.070337 0.304625 0.726937 
0.555196 0.083653 0.301205 0.776407 
0.559921 0.083394 0.249714 0.729843 
0.565259 0.083926 0.293475 0.771018 
0.535341 0.077896 0.277323 0.719310 
0.536745 0.076348 0.288148 0.720691 
0.536739 0.075537 0.286492 0.712821 
0.549915 0.079657 0.265495 0.722361 
0.535168 0.073744 0.296396 0.708441 
0.534691 0.074046 0.287954 0.709872 
0.563282 0.088826 0.272552 0.739356 
0.618504 0.087835 0.338923 0.824945 
0.606844 0.086833 0.273271 0.800126 
0.592198 0.082144 0.330362 0.786509 
0.596904 0.082148 0.328388 0.781637 
0.599018 0.082549 0.315904 0.777374 
0.606344 0.084427 0.340851 0.805526 
0.618715 0.093657 0.317050 0.808797 
0.626148 0.093828 0.264597 0.830419 
0.610090 0.085066 0.327705 0.832994 
0.598472 0.082683 0.311299 0.817523 
0.614957 0.089319 0.343589 0.805978 
0.594648 0.079440 0.338634 0.768167 
0.592393 0.081764 0.330658 0.783103 
0.535366 0.069379 0.283088 0.693183 
0.547316 0.074166 0.296427 0.708573 
0.553480 0.082200 0.274294 0.725814 
0.588796 0.087301 0.286450 0.769891 
0.587266 0.087332 0.283136 0.789727 
0.578513 0.086884 0.277496 0.782848 
0.569184 0.084092 0.276596 0.754706 
0.547063 0.081527 0.276097 0.722632 
0.585646 0.088146 0.268407 0.739601 
0.566529 0.083868 0.246181 0.745726 
0.554212 0.081056 0.273290 0.724817 
0.528479 0.070064 0.299143 0.697044 
0.533568 0.075338 0.300665 0.702636 
0.530784 0.074278 0.286407 0.704130 
0.531817 0.074916 0.295821 0.721814 
0.535695 0.080706 0.263111 0.727419 
0.531532 0.070198 0.291308 0.722317 
0.534613 0.074538 0.268758 0.690026 
0.527763 0.069587 0.314543 0.683816 
0.538232 0.074399 0.287579 0.742893 
0.511785 0.065305 0.312714 0.677907 
0.533600 0.074959 0.306168 0.703418 
0.524633 0.067829 0.276105 0.675941 
0.544969 0.091016 0.258296 0.747981 
0.528479 0.096942 0.260619 0.741782 
0.538799 0.098524 0.247158 0.768845 
0.504297 0.081492 0.278142 0.691899 
0.525701 0.087796 0.267819 0.728317 
0.533474 0.091640 0.242686 0.744138 
0.529618 0.095015 0.234070 0.727144 
0.524276 0.089599 0.251907 0.725708 
0.535896 0.093829 0.269292 0.731254 
0.527418 0.091570 0.223236 0.752583 
0.530817 0.094485 0.251686 0.736811 
0.523755 0.066229 0.328557 0.716887 
0.537723 0.072724 0.301110 0.742268 
0.529675 0.075903 0.268025 0.761048 
0.539894 0.071047 0.326513 0.721499 
0.541201 0.069148 0.294235 0.728907 
0.536694 0.071500 0.316443 0.749375 
0.525506 0.068385 0.313491 0.723513 
0.539694 0.077415 0.321096 0.734043 
0.544076 0.072145 0.311796 0.764223 
0.535934 0.072356 0.270279 0.733155 
0.531807 0.082545 0.232552 0.740317 
0.537553 0.086563 0.245847 0.734846 
0.524759 0.081682 0.199507 0.704965 
0.535431 0.087424 0.276519 0.754622 
0.539986 0.085999 0.243721 0.731408 
0.553610 0.091542 0.266641 0.765262 
0.523879 0.082441 0.236615 0.710564 
0.525793 0.081387 0.200019 0.726374 
0.539117 0.088807 0.246845 0.764740 
0.530575 0.085524 0.207633 0.726892 
0.539592 0.092238 0.262046 0.758495 
0.525108 0.080267 0.238774 0.705651 
0.529669 0.081162 0.214102 0.718258 
0.516815 0.079454 0.248710 0.700687 
0.523130 0.083704 0.232193 0.717462 
0.522928 0.080023 0.217142 0.724618 
0.552468 0.069969 0.320091 0.711766 
0.533784 0.070658 0.314751 0.755387 
0.557866 0.075082 0.298142 0.729401 
0.558099 0.075978 0.311599 0.723925 
0.554050 0.074966 0.317634 0.756767 
0.567182 0.075827 0.323138 0.746498 
0.559179 0.077470 0.327823 0.741149 
0.565228 0.079057 0.326573 0.751373 
0.548159 0.069240 0.320795 0.710495 
0.547206 0.070938 0.307856 0.698536 
0.558625 0.072906 0.315811 0.727892 
0.559221 0.075086 0.307507 0.756654 
0.574290 0.080945 0.306037 0.776034 
0.549530 0.071842 0.302216 0.732995 
0.549457 0.092811 0.286858 0.766965 
0.545098 0.088080 0.295202 0.756066 
0.554661 0.090748 0.265210 0.755188 
0.535488 0.082730 0.301321 0.843164 
0.534467 0.082817 0.291433 0.719121 
0.544443 0.086146 0.283290 0.750388 
0.534539 0.083202 0.301629 0.756503 
0.531417 0.087683 0.304006 0.738597 
0.537737 0.086824 0.248009 0.779881 
0.551945 0.092786 0.282275 0.746109 
0.532574 0.084751 0.298427 0.777316 
0.534347 0.086181 0.297441 0.754112 
0.543757 0.090109 0.264552 0.752707 
0.538937 0.089723 0.283127 0.769073 
0.509390 0.074587 0.306875 0.742889 
0.538723 0.080429 0.313588 0.759706 
0.533185 0.078337 0.317143 0.749443 
0.548417 0.084809 0.314183 0.766603 
0.533052 0.077182 0.305840 0.764355 
0.539129 0.079078 0.308615 0.752016 
0.533104 0.081851 0.315579 0.767387 
0.524746 0.078468 0.321030 0.744031 
0.520414 0.079794 0.292356 0.746576 
0.528877 0.080161 0.330477 0.795228 
0.538990 0.080555 0.319952 0.770825 
0.540204 0.079006 0.296673 0.751949 
0.537747 0.080050 0.308349 0.754538 
0.496439 0.070272 0.280434 0.689668 
0.510567 0.075583 0.287457 0.702629 
0.510551 0.076037 0.299944 0.707590 
0.481830 0.072687 0.306290 0.682038 
0.495920 0.076416 0.283935 0.716638 
0.503175 0.070186 0.292819 0.699739 
0.502408 0.074944 0.267871 0.708016 
0.493777 0.071416 0.295242 0.690578 
0.495812 0.072500 0.295401 0.733454 
0.486554 0.067679 0.286434 0.671864 
0.504807 0.077485 0.284625 0.723392 
0.491059 0.069201 0.274678 0.688119 
0.540290 0.087420 0.203754 0.728690 
0.551953 0.085561 0.260780 0.745858 
0.538882 0.089204 0.209888 0.746184 
0.552186 0.095730 0.212565 0.771416 
0.546052 0.090370 0.189952 0.748020 
0.577481 0.097511 0.242580 0.764777 
0.548940 0.085323 0.264627 0.720711 
0.542604 0.086648 0.227851 0.727785 
0.595903 0.097176 0.238392 0.814606 
0.560379 0.092935 0.220960 0.771948 
0.552642 0.091264 0.210608 0.746854 
0.544285 0.085685 0.189524 0.720666 
0.529395 0.084930 0.251999 0.737299 
0.556660 0.077883 0.288688 0.805056 
0.542320 0.076625 0.324015 0.767756 
0.545150 0.080817 0.310564 0.777426 
0.523140 0.076042 0.283751 0.754764 
0.560295 0.080794 0.297628 0.795256 
0.545678 0.080672 0.295282 0.763830 
0.553926 0.083935 0.279589 0.797048 
0.549230 0.077894 0.318532 0.766927 
0.538506 0.072629 0.309602 0.766007 
0.550572 0.089398 0.285690 0.791400 
0.539172 0.077926 0.293354 0.753281 
0.558489 0.074896 0.346556 0.777513 
0.553306 0.080428 0.300032 0.804495 
0.560856 0.083801 0.289697 0.754636 
0.545536 0.076227 0.327826 0.734945 
0.576564 0.084129 0.268710 0.773969 
0.568670 0.080066 0.283731 0.750786 
0.582955 0.086152 0.290058 0.776819 
0.574902 0.082500 0.321983 0.766355 
0.569844 0.086336 0.300727 0.778735 
0.578986 0.084068 0.324472 0.793843 
0.550826 0.074090 0.320247 0.720613 
0.569550 0.083545 0.303512 0.750765 
0.560839 0.077924 0.291079 0.748188 
0.557686 0.080450 0.303922 0.747017 
0.575686 0.086797 0.305852 0.773288 
0.553302 0.081806 0.274097 0.742487 
0.516413 0.086922 0.270300 0.749949 
0.512956 0.081953 0.264516 0.734497 
0.507803 0.079148 0.289568 0.706918 
0.512386 0.082861 0.277643 0.711242 
0.513815 0.079434 0.304371 0.715590 
0.516845 0.079929 0.283789 0.733230 
0.513106 0.082883 0.276571 0.733598 
0.499736 0.076885 0.287213 0.717970 
0.511301 0.085899 0.272241 0.753257 
0.518387 0.081075 0.290766 0.724146 
0.517242 0.081261 0.280414 0.726029 
0.528365 0.091006 0.253582 0.780312 
0.511073 0.083484 0.273633 0.753779 
