0.663485 0.127473 0.179989 0.894228 
0.651383 0.129270 0.171560 0.898616 
0.664737 0.130547 0.189288 0.905498 
0.674208 0.130015 0.168647 0.911606 
0.663304 0.128884 0.169027 0.906127 
0.677139 0.130474 0.141236 0.910928 
0.653539 0.129103 0.164628 0.887881 
0.659588 0.129101 0.188834 0.885680 
0.660541 0.133842 0.151800 0.921667 
0.669635 0.132506 0.178066 0.904313 
0.648482 0.128825 0.143693 0.889542 
0.652683 0.129295 0.187719 0.889415 
0.671391 0.129217 0.111444 0.908721 
0.718025 0.139479 0.129915 0.942050 
0.696446 0.136203 0.082412 0.921621 
0.699274 0.131696 0.089951 0.920895 
0.702702 0.135796 0.141931 0.924707 
0.702539 0.137638 0.114715 0.927653 
0.706152 0.135585 0.101865 0.930787 
0.706032 0.136063 0.111488 0.940192 
0.718002 0.141804 0.109888 0.945407 
0.712715 0.138732 0.098795 0.935014 
0.702983 0.139287 0.114766 0.928976 
0.705424 0.136086 0.108903 0.933808 
0.701718 0.136236 0.109124 0.929182 
0.697218 0.136537 0.134503 0.926309 
0.679326 0.139862 0.164855 0.940211 
0.690749 0.139796 0.195599 0.967505 
0.687907 0.139374 0.092129 0.936510 
0.713198 0.137022 0.175562 0.950843 
0.713449 0.137396 0.083844 0.951141 
0.714674 0.139965 0.164788 0.953778 
0.692107 0.135956 0.164254 0.934634 
0.673040 0.135497 0.173691 0.932550 
0.706148 0.136003 0.176606 0.963462 
0.695606 0.142774 0.096040 0.954200 
0.687723 0.141896 0.150014 0.956052 
0.652889 0.130639 0.165625 0.900658 
0.654480 0.131642 0.192764 0.907683 
0.654908 0.128967 0.192761 0.896580 
0.653908 0.128154 0.198870 0.903814 
0.651579 0.131630 0.189202 0.907598 
0.662753 0.128222 0.192813 0.896394 
0.650102 0.128154 0.148886 0.906779 
0.657279 0.125895 0.190069 0.876142 
0.657029 0.130250 0.194358 0.906893 
0.646046 0.127313 0.194512 0.882376 
0.652268 0.127146 0.173474 0.891805 
0.657624 0.131051 0.178153 0.895711 
0.639637 0.130825 0.125800 0.896531 
0.613464 0.127899 0.123827 0.880446 
0.640845 0.130710 0.063086 0.892714 
0.622841 0.133652 0.123243 0.894013 
0.636530 0.136443 0.131219 0.910554 
0.642159 0.135533 0.166379 0.920891 
0.633093 0.137871 0.137101 0.904856 
0.635319 0.134158 0.119709 0.894644 
0.638477 0.130323 0.097711 0.910124 
0.624125 0.127870 0.115525 0.892456 
0.637672 0.133720 0.104930 0.893860 
0.676278 0.129593 0.129466 0.901690 
0.679860 0.125545 0.140394 0.883333 
0.670578 0.130594 0.133372 0.899051 
0.672796 0.126889 0.162322 0.924231 
0.682859 0.125905 0.151548 0.891201 
0.673084 0.128799 0.140191 0.910204 
0.674187 0.129961 0.142036 0.922638 
0.677532 0.130389 0.129757 0.906432 
0.697483 0.126035 0.131644 0.916940 
0.677436 0.125061 0.141580 0.931884 
0.676846 0.143721 0.105748 0.934596 
0.674824 0.141504 0.118976 0.935178 
0.676862 0.146335 0.147868 0.950938 
0.676995 0.142503 0.115991 0.946572 
0.688268 0.148074 0.108791 0.971939 
0.693584 0.143201 0.096506 0.957342 
0.664537 0.143808 0.098225 0.931350 
0.676661 0.144069 0.151842 0.935357 
0.680232 0.144718 0.161408 0.943066 
0.671887 0.148078 0.099103 0.948775 
0.676840 0.145146 0.155276 0.952694 
0.663282 0.143184 0.088798 0.926414 
0.676252 0.141731 0.117016 0.943582 
0.676127 0.143747 0.103271 0.942573 
0.667518 0.143602 0.103579 0.929574 
0.681580 0.148962 0.126492 0.960448 
0.687609 0.147433 0.105256 0.972901 
0.686755 0.144893 0.165808 0.962335 
0.685829 0.141918 0.116879 0.959929 
0.687148 0.140648 0.145322 0.943428 
0.691010 0.138386 0.136571 0.963452 
0.706957 0.140437 0.158671 0.956644 
0.685804 0.141077 0.179505 0.943557 
0.697676 0.140365 0.164548 0.942646 
0.693850 0.144567 0.128521 0.963070 
0.686752 0.148025 0.092407 0.970535 
0.685968 0.140096 0.170919 0.933247 
0.697029 0.139756 0.160210 0.961518 
0.708284 0.142080 0.161448 0.958181 
0.685576 0.142271 0.117714 0.948577 
0.643220 0.130149 0.165781 0.938104 
0.641402 0.127563 0.104551 0.907329 
0.635686 0.127340 0.145396 0.904507 
0.637676 0.128856 0.127887 0.905651 
0.630926 0.125697 0.179745 0.933647 
0.646493 0.131877 0.150302 0.935807 
0.646900 0.134810 0.165837 0.940546 
0.636617 0.126490 0.130408 0.916938 
0.635602 0.127715 0.136273 0.919158 
0.644904 0.133652 0.148994 0.937594 
0.633413 0.129703 0.149851 0.910315 
0.640848 0.131234 0.151694 0.911535 
0.635334 0.129092 0.148562 0.941264 
0.632373 0.128589 0.121097 0.916954 
0.657959 0.144737 0.166002 0.951343 
0.665361 0.139231 0.192581 0.940569 
0.667731 0.138699 0.172117 0.948868 
0.661420 0.138140 0.153429 0.925915 
0.659489 0.141059 0.202439 0.945547 
0.663603 0.143107 0.137589 0.932995 
0.656507 0.144017 0.156792 0.944848 
0.652570 0.139660 0.153163 0.955171 
0.649366 0.141364 0.192969 0.976893 
0.664078 0.142608 0.184992 0.939858 
0.658068 0.138050 0.170130 0.936553 
0.666557 0.141671 0.179434 0.958315 
0.658656 0.138454 0.154756 0.964072 
0.622280 0.133811 0.189817 0.901687 
0.627917 0.134300 0.173616 0.885695 
0.629442 0.135751 0.178734 0.894897 
0.630713 0.141151 0.176645 0.891328 
0.623721 0.137805 0.138618 0.892499 
0.630765 0.142681 0.166547 0.908669 
0.637761 0.143446 0.162732 0.915151 
0.628436 0.139503 0.165969 0.902876 
0.629568 0.139153 0.193227 0.912998 
0.627406 0.138836 0.155169 0.888278 
0.630789 0.137335 0.183829 0.890991 
0.621879 0.135777 0.185684 0.891069 
0.602311 0.127732 0.154028 0.881212 
0.603153 0.124840 0.167941 0.871359 
0.609738 0.133470 0.136123 0.912372 
0.606105 0.126305 0.143993 0.903386 
0.604532 0.124411 0.169582 0.875541 
0.638252 0.132415 0.160840 0.941854 
0.614328 0.132442 0.159180 0.914435 
0.608494 0.128412 0.153564 0.903955 
0.648201 0.130980 0.152442 0.926283 
0.626907 0.129384 0.169730 0.915595 
0.614599 0.131478 0.133015 0.900959 
0.604024 0.124358 0.154952 0.887571 
0.604962 0.130957 0.161402 0.918010 
0.678094 0.130437 0.099884 0.910950 
0.674941 0.134935 0.137781 0.912752 
0.676512 0.138476 0.139854 0.921031 
0.675483 0.142655 0.122850 0.920932 
0.691105 0.134562 0.087111 0.920551 
0.665012 0.133965 0.150717 0.908836 
0.667959 0.134488 0.140305 0.907641 
0.678993 0.139065 0.086606 0.935807 
0.679288 0.135387 0.108834 0.912865 
0.665615 0.134535 0.110020 0.913979 
0.669770 0.132686 0.142473 0.903831 
0.692462 0.136218 0.102484 0.930701 
0.684796 0.141947 0.117803 0.953434 
0.675782 0.133445 0.134086 0.959240 
0.671695 0.133701 0.154499 0.955461 
0.688870 0.131954 0.149898 0.955399 
0.687710 0.135519 0.163070 0.960639 
0.692871 0.132126 0.154551 0.934156 
0.694250 0.134351 0.156888 0.945634 
0.674817 0.128788 0.144188 0.922456 
0.694565 0.130308 0.142267 0.943051 
0.682841 0.137011 0.171432 0.965535 
0.687815 0.135344 0.150712 0.960399 
0.685748 0.135110 0.176835 0.944007 
0.682527 0.134438 0.134892 0.940552 
0.690661 0.131052 0.154064 0.945772 
0.667911 0.132376 0.149671 0.935457 
0.649499 0.149292 0.127160 0.945842 
0.642138 0.145700 0.131073 0.944841 
0.643489 0.140131 0.156312 0.937320 
0.644463 0.140938 0.149940 0.926841 
0.648089 0.144746 0.128853 0.945920 
0.642204 0.142504 0.165303 0.936979 
0.636951 0.144921 0.157668 0.935193 
0.637740 0.142042 0.163274 0.926646 
0.640965 0.151272 0.096932 0.946288 
0.643881 0.142115 0.163539 0.940299 
0.641308 0.148312 0.146358 0.948602 
0.643695 0.149771 0.152149 0.972910 
0.643792 0.146131 0.142480 0.944882 
