0.481900 0.125360 0.000000 0.762716 
0.474593 0.119952 0.000000 0.754583 
0.457254 0.129079 0.000000 0.755482 
0.490996 0.132948 0.000000 0.759558 
0.473847 0.138159 0.000000 0.765641 
0.481767 0.132867 0.000000 0.748211 
0.438926 0.127584 0.000000 0.684454 
0.456493 0.121057 0.000000 0.679551 
0.467051 0.113972 0.000000 0.737676 
0.468005 0.126992 0.000000 0.757475 
0.457197 0.131545 0.000000 0.730613 
0.467534 0.124252 0.000000 0.755152 
0.482006 0.130657 0.000000 0.763288 
0.524620 0.130429 0.000000 0.816660 
0.497437 0.151486 0.000000 0.811832 
0.516103 0.125483 0.000000 0.787833 
0.525122 0.137917 0.000000 0.806015 
0.512867 0.131040 0.000000 0.805059 
0.518630 0.127925 0.000000 0.800216 
0.515173 0.139027 0.000000 0.775551 
0.537039 0.130390 0.000000 0.804619 
0.525915 0.130465 0.000000 0.799153 
0.528634 0.130595 0.000000 0.787240 
0.504128 0.136562 0.000000 0.755362 
0.529497 0.133482 0.000000 0.791924 
0.505231 0.139721 0.000000 0.771281 
0.525280 0.132845 0.000000 0.842442 
0.542118 0.140239 0.000000 0.800748 
0.511922 0.136155 0.000000 0.823434 
0.556650 0.149292 0.000000 0.863467 
0.565249 0.148229 0.000000 0.897653 
0.555752 0.146103 0.000000 0.866585 
0.524153 0.134737 0.000000 0.783692 
0.494807 0.145899 0.000000 0.780363 
0.538568 0.148124 0.000000 0.856175 
0.530576 0.147633 0.000000 0.803291 
0.523535 0.134537 0.000000 0.839487 
0.523216 0.131543 0.000000 0.822934 
0.524530 0.125052 0.000000 0.776152 
0.547415 0.130471 0.000000 0.809563 
0.519983 0.114360 0.000000 0.760578 
0.510396 0.125723 0.000000 0.776915 
0.534271 0.119259 0.000000 0.773180 
0.521689 0.116716 0.000000 0.780573 
0.551481 0.125279 0.000000 0.809954 
0.540360 0.120365 0.000000 0.793499 
0.546067 0.125593 0.000000 0.778980 
0.560826 0.128107 0.000000 0.815957 
0.556176 0.123338 0.000000 0.799699 
0.459693 0.113787 0.000000 0.720861 
0.456977 0.116168 0.000000 0.722721 
0.466425 0.118970 0.000000 0.790430 
0.454410 0.110561 0.000000 0.766707 
0.440771 0.107535 0.000000 0.669936 
0.440907 0.114114 0.000000 0.726168 
0.445932 0.117281 0.000000 0.731372 
0.449111 0.112911 0.000000 0.721087 
0.458959 0.109622 0.000000 0.709389 
0.440607 0.113326 0.000000 0.709933 
0.442975 0.115840 0.000000 0.698056 
0.559494 0.127473 0.000000 0.819403 
0.548742 0.126048 0.000000 0.835850 
0.538053 0.129774 0.000000 0.793923 
0.553221 0.124726 0.000000 0.816710 
0.558696 0.131190 0.000000 0.858405 
0.546197 0.126473 0.000000 0.840241 
0.554414 0.135638 0.000000 0.852877 
0.530452 0.136509 0.000000 0.819080 
0.564008 0.127199 0.000000 0.821344 
0.557083 0.133564 0.000000 0.858297 
0.530410 0.111759 0.000000 0.783076 
0.511380 0.094676 0.000000 0.731930 
0.509088 0.119281 0.000000 0.766920 
0.480988 0.115273 0.000000 0.747711 
0.494034 0.110127 0.000000 0.774028 
0.526344 0.112708 0.000000 0.772073 
0.472492 0.108787 0.000000 0.698107 
0.512266 0.106341 0.000000 0.736485 
0.512198 0.118456 0.000000 0.784373 
0.500355 0.109679 0.000000 0.763480 
0.498647 0.107514 0.000000 0.745688 
0.517469 0.108927 0.000000 0.757690 
0.494029 0.110481 0.000000 0.720122 
0.509531 0.112420 0.000000 0.753932 
0.496902 0.105607 0.000000 0.730693 
0.493859 0.102315 0.000000 0.708999 
0.475943 0.126640 0.000000 0.739522 
0.468400 0.121210 0.000000 0.728858 
0.462448 0.117190 0.000000 0.721103 
0.493516 0.127527 0.000000 0.765160 
0.485334 0.125664 0.000000 0.755399 
0.506501 0.120897 0.000000 0.783826 
0.459911 0.125494 0.000000 0.769245 
0.487543 0.128439 0.000000 0.778042 
0.502145 0.120255 0.000000 0.763282 
0.520219 0.123874 0.000000 0.808147 
0.491782 0.122254 0.000000 0.756304 
0.504490 0.114813 0.000000 0.766688 
0.508200 0.134564 0.000000 0.779279 
0.477559 0.125908 0.000000 0.744204 
0.534612 0.135041 0.000000 0.802201 
0.530159 0.134365 0.000000 0.805413 
0.483068 0.123473 0.000000 0.736399 
0.504874 0.127767 0.000000 0.777716 
0.528404 0.140807 0.000000 0.799343 
0.533451 0.139129 0.000000 0.830535 
0.523441 0.137274 0.000000 0.792586 
0.498371 0.150997 0.000000 0.812984 
0.540164 0.149606 0.000000 0.825087 
0.522714 0.144594 0.000000 0.809314 
0.507726 0.127586 0.000000 0.790693 
0.536862 0.131257 0.000000 0.781064 
0.529873 0.123680 0.000000 0.792234 
0.527651 0.135844 0.000000 0.831884 
0.538818 0.118901 0.000000 0.824580 
0.509625 0.151739 0.000000 0.785454 
0.538403 0.129248 0.000000 0.856841 
0.511250 0.124644 0.000000 0.828842 
0.524403 0.117742 0.000000 0.813402 
0.530031 0.132159 0.000000 0.830120 
0.499265 0.178060 0.000000 0.837231 
0.522604 0.140887 0.000000 0.836005 
0.495579 0.134052 0.000000 0.821963 
0.520874 0.126016 0.000000 0.814383 
0.511219 0.133133 0.000000 0.824256 
0.491586 0.145141 0.000000 0.813097 
0.539991 0.130518 0.000000 0.860891 
0.531514 0.124659 0.000000 0.810046 
0.504148 0.108795 0.000000 0.740534 
0.518989 0.127342 0.000000 0.790629 
0.519016 0.110076 0.000000 0.782230 
0.511205 0.123337 0.000000 0.809763 
0.522523 0.136643 0.000000 0.859088 
0.511774 0.125037 0.000000 0.811480 
0.516972 0.114983 0.000000 0.785719 
0.545976 0.128987 0.000000 0.819348 
0.507671 0.124822 0.000000 0.795565 
0.514680 0.122440 0.000000 0.792499 
0.504472 0.113452 0.000000 0.742958 
0.497945 0.121960 0.000000 0.751701 
0.516037 0.116839 0.000000 0.762364 
0.520803 0.121177 0.000000 0.760725 
0.506592 0.118939 0.000000 0.751162 
0.502834 0.138154 0.000000 0.827047 
0.573612 0.134243 0.000000 0.844313 
0.529660 0.118788 0.000000 0.780785 
0.541886 0.121248 0.000000 0.782067 
0.581187 0.130955 0.000000 0.843842 
0.542903 0.122355 0.000000 0.781453 
0.519149 0.119394 0.000000 0.775645 
0.537656 0.121364 0.000000 0.765382 
0.543120 0.127745 0.000000 0.776408 
0.522118 0.128167 0.000000 0.787930 
0.516495 0.136146 0.000000 0.785308 
0.471976 0.146089 0.000000 0.787885 
0.480517 0.131644 0.000000 0.778440 
0.508170 0.139824 0.000000 0.831115 
0.505871 0.147549 0.000000 0.839959 
0.509698 0.126821 0.000000 0.805866 
0.517091 0.138458 0.000000 0.783949 
0.498508 0.140863 0.000000 0.798274 
0.477352 0.123801 0.000000 0.743484 
0.478631 0.137399 0.000000 0.779449 
0.527550 0.126839 0.000000 0.805653 
0.510080 0.131231 0.000000 0.822036 
0.529870 0.124888 0.000000 0.779883 
0.532071 0.123031 0.000000 0.800886 
0.543959 0.135118 0.000000 0.837246 
0.538801 0.120387 0.000000 0.801817 
0.549301 0.130558 0.000000 0.817926 
0.536234 0.131903 0.000000 0.828947 
0.532498 0.133236 0.000000 0.843613 
0.528254 0.131897 0.000000 0.797172 
0.541414 0.136096 0.000000 0.854473 
0.545202 0.131712 0.000000 0.817223 
0.538953 0.115125 0.000000 0.756549 
0.501286 0.121801 0.000000 0.771922 
0.540254 0.127500 0.000000 0.803062 
0.521817 0.124717 0.000000 0.826001 
0.453298 0.104209 0.000000 0.712309 
0.476729 0.111136 0.000000 0.746046 
0.469636 0.110613 0.000000 0.735928 
0.495503 0.117047 0.000000 0.761631 
0.461085 0.113655 0.000000 0.749393 
0.468139 0.111214 0.000000 0.757957 
0.465026 0.107879 0.000000 0.733949 
0.466050 0.108363 0.000000 0.690178 
0.468866 0.116691 0.000000 0.772948 
0.476631 0.123065 0.000000 0.783805 
0.467181 0.106984 0.000000 0.742124 
0.465613 0.112009 0.000000 0.713964 
0.479573 0.116382 0.000000 0.753438 
