0.552645 0.130196 0.339608 0.762716 
0.556379 0.112498 0.347735 0.754583 
0.525485 0.144716 0.311601 0.755482 
0.564728 0.137117 0.332370 0.759558 
0.550838 0.136222 0.317576 0.765641 
0.551740 0.137576 0.331930 0.748211 
0.496126 0.141200 0.281258 0.684454 
0.523168 0.123053 0.324503 0.679551 
0.530921 0.125288 0.365926 0.737676 
0.536835 0.139166 0.327559 0.757475 
0.522837 0.143066 0.305577 0.730613 
0.537520 0.134614 0.348986 0.755152 
0.556576 0.136835 0.334669 0.763288 
0.598001 0.133345 0.367915 0.816660 
0.576978 0.149192 0.337160 0.811832 
0.588978 0.125239 0.370850 0.787833 
0.608034 0.126912 0.351674 0.806015 
0.589571 0.130020 0.389019 0.805059 
0.589519 0.126473 0.355005 0.800216 
0.588668 0.138783 0.355103 0.775551 
0.611972 0.124334 0.395233 0.804619 
0.597308 0.130707 0.358488 0.799153 
0.606843 0.120214 0.374950 0.787240 
0.581219 0.122272 0.323085 0.755362 
0.613582 0.121873 0.384664 0.791924 
0.580237 0.139374 0.333571 0.771281 
0.621861 0.128488 0.440712 0.842442 
0.637761 0.128581 0.393469 0.800748 
0.597679 0.140692 0.384101 0.823434 
0.660085 0.133205 0.415325 0.863467 
0.670092 0.127852 0.436080 0.897653 
0.656606 0.137847 0.440447 0.866585 
0.610064 0.130625 0.391681 0.783692 
0.576031 0.153411 0.391614 0.780363 
0.640875 0.144786 0.410850 0.856175 
0.612230 0.147021 0.390708 0.803291 
0.612835 0.137332 0.422004 0.839487 
0.624722 0.111643 0.409461 0.822934 
0.617115 0.103835 0.388961 0.776152 
0.641280 0.106029 0.430029 0.809563 
0.598709 0.091221 0.442018 0.760578 
0.598205 0.103759 0.376820 0.776915 
0.623632 0.088691 0.412194 0.773180 
0.606989 0.092790 0.414540 0.796059 
0.649763 0.094308 0.456117 0.809954 
0.633342 0.093506 0.434038 0.793499 
0.642989 0.093458 0.441770 0.778980 
0.662129 0.089375 0.501280 0.815957 
0.654847 0.081619 0.493891 0.799699 
0.522999 0.111430 0.367890 0.716927 
0.539341 0.102782 0.338595 0.722721 
0.541583 0.114511 0.324257 0.790430 
0.528958 0.109011 0.354171 0.766707 
0.501078 0.101989 0.330289 0.669936 
0.509829 0.113615 0.316278 0.726168 
0.519094 0.112724 0.313539 0.731372 
0.511769 0.108705 0.351757 0.721087 
0.523777 0.099836 0.349624 0.709389 
0.510917 0.105446 0.312792 0.709933 
0.517419 0.107400 0.319776 0.698056 
0.649789 0.098488 0.433312 0.819403 
0.643192 0.103143 0.422921 0.813612 
0.634014 0.101997 0.403065 0.793923 
0.640003 0.096553 0.443564 0.816710 
0.653085 0.111875 0.464925 0.858405 
0.628641 0.108692 0.450459 0.840241 
0.657860 0.105698 0.438798 0.852877 
0.627467 0.122573 0.388003 0.819080 
0.661806 0.091179 0.439333 0.821344 
0.658303 0.107698 0.408174 0.858297 
0.622223 0.092096 0.430732 0.783076 
0.586189 0.076844 0.441774 0.731930 
0.589052 0.110599 0.382915 0.766920 
0.554220 0.112887 0.345519 0.747711 
0.571352 0.104294 0.379421 0.774028 
0.595830 0.087159 0.434893 0.772073 
0.533704 0.104280 0.367202 0.698107 
0.583721 0.084618 0.426581 0.738757 
0.599864 0.099014 0.394358 0.784373 
0.580847 0.094750 0.376569 0.763480 
0.572139 0.097559 0.404242 0.746471 
0.605613 0.084634 0.420934 0.757690 
0.559075 0.101911 0.384373 0.720122 
0.593946 0.096425 0.382234 0.753932 
0.579881 0.096536 0.410942 0.730693 
0.568374 0.086310 0.390265 0.708999 
0.542929 0.130691 0.368355 0.739522 
0.536527 0.124013 0.342426 0.739299 
0.521069 0.118325 0.372592 0.721103 
0.578295 0.132494 0.374003 0.765160 
0.556485 0.131252 0.372291 0.751796 
0.590421 0.116276 0.378799 0.783826 
0.533111 0.137791 0.320357 0.769245 
0.570798 0.137210 0.359264 0.780859 
0.580142 0.121734 0.397958 0.763386 
0.612237 0.116203 0.451122 0.808147 
0.563072 0.120711 0.373023 0.765060 
0.575208 0.107183 0.409719 0.766688 
0.591925 0.127717 0.322829 0.779279 
0.545571 0.127774 0.352171 0.744204 
0.623400 0.111407 0.401983 0.802201 
0.623803 0.108588 0.367122 0.805413 
0.559363 0.117100 0.327014 0.736399 
0.576043 0.125141 0.384275 0.777716 
0.613227 0.126631 0.372726 0.799343 
0.632171 0.123796 0.340963 0.830535 
0.608641 0.124970 0.354214 0.792586 
0.587450 0.153569 0.327954 0.812984 
0.625180 0.138045 0.404637 0.823759 
0.617536 0.128780 0.338317 0.809314 
0.589927 0.120518 0.382777 0.790693 
0.623677 0.100316 0.374936 0.781064 
0.613436 0.100881 0.400661 0.792234 
0.629128 0.120895 0.356668 0.831884 
0.630196 0.101116 0.407297 0.824580 
0.613513 0.094644 0.404043 0.785454 
0.638053 0.114102 0.473840 0.856841 
0.602330 0.117800 0.413332 0.828842 
0.617130 0.105683 0.460556 0.813402 
0.619973 0.122909 0.397723 0.824383 
0.642099 0.110859 0.441720 0.844476 
0.625882 0.127886 0.389715 0.836005 
0.588925 0.131038 0.381343 0.821963 
0.611805 0.107562 0.388115 0.814383 
0.605026 0.126466 0.381588 0.824256 
0.595408 0.113959 0.422890 0.820719 
0.641045 0.113799 0.407166 0.860891 
0.633797 0.097527 0.427105 0.810046 
0.583728 0.088919 0.387783 0.740534 
0.616510 0.107808 0.396516 0.790629 
0.608496 0.091932 0.378195 0.782230 
0.596201 0.117101 0.419863 0.809763 
0.617356 0.130839 0.393982 0.859088 
0.603609 0.111654 0.407139 0.811480 
0.610265 0.093145 0.449420 0.785719 
0.647846 0.092373 0.465789 0.819348 
0.592711 0.115167 0.398297 0.795565 
0.605446 0.107017 0.402855 0.792499 
0.585959 0.087490 0.411007 0.742958 
0.583024 0.097955 0.373576 0.751701 
0.607256 0.089567 0.407724 0.762364 
0.612119 0.087968 0.403071 0.760725 
0.589088 0.097394 0.418458 0.744149 
0.596295 0.125141 0.375915 0.827047 
0.688316 0.091271 0.440688 0.844313 
0.627124 0.089853 0.462970 0.780785 
0.640737 0.085211 0.455180 0.782067 
0.686054 0.090485 0.458235 0.843842 
0.635162 0.087288 0.434144 0.779837 
0.607730 0.097686 0.425439 0.766524 
0.627459 0.077550 0.449763 0.763627 
0.648567 0.076154 0.455150 0.783397 
0.606213 0.123073 0.389445 0.793325 
0.600660 0.130080 0.385925 0.785308 
0.553585 0.152770 0.317757 0.787885 
0.550952 0.142301 0.362594 0.778440 
0.585282 0.150286 0.355681 0.831115 
0.602868 0.142693 0.312530 0.839959 
0.590860 0.132924 0.379097 0.805866 
0.606316 0.125227 0.365249 0.785387 
0.585165 0.134450 0.359377 0.798274 
0.551303 0.124136 0.372871 0.743484 
0.557107 0.137917 0.301838 0.779449 
0.610779 0.117371 0.427664 0.805653 
0.601226 0.129593 0.362131 0.822036 
0.611760 0.102808 0.397242 0.779883 
0.625453 0.095550 0.432843 0.800886 
0.645320 0.110204 0.370865 0.837246 
0.625129 0.102927 0.420928 0.801817 
0.647247 0.101508 0.368751 0.817926 
0.628917 0.114632 0.386324 0.828947 
0.637114 0.113558 0.383102 0.843613 
0.628605 0.108103 0.364112 0.797172 
0.640828 0.105250 0.433776 0.854473 
0.643144 0.105127 0.402661 0.817223 
0.630448 0.082103 0.420579 0.756549 
0.580395 0.106938 0.351563 0.771922 
0.640074 0.104636 0.380776 0.803062 
0.611114 0.105722 0.392553 0.826001 
0.526405 0.089821 0.376229 0.712309 
0.558394 0.095842 0.367353 0.746046 
0.550898 0.101682 0.375419 0.735928 
0.586449 0.105312 0.407018 0.761631 
0.541553 0.112044 0.360382 0.749393 
0.546857 0.098228 0.394625 0.757957 
0.549572 0.089258 0.372995 0.733949 
0.540052 0.095406 0.387237 0.690178 
0.555918 0.108045 0.355884 0.772948 
0.579091 0.109670 0.344668 0.783805 
0.548446 0.087976 0.361649 0.722139 
0.539565 0.105624 0.384734 0.718591 
0.565622 0.104130 0.368480 0.753438 
