0.411608 0.062012 0.284951 0.571833 
0.405527 0.056532 0.233637 0.561743 
0.380478 0.047854 0.282884 0.544619 
0.405760 0.049468 0.301469 0.534058 
0.373750 0.049995 0.287733 0.535923 
0.412739 0.062932 0.280650 0.545946 
0.365513 0.048080 0.279274 0.539118 
0.367515 0.051353 0.263235 0.543856 
0.379318 0.044205 0.271927 0.515462 
0.394589 0.050283 0.289765 0.504337 
0.367536 0.043855 0.270079 0.521557 
0.386295 0.048140 0.279919 0.524411 
0.407624 0.072464 0.308473 0.601725 
0.484635 0.083436 0.299884 0.670496 
0.445158 0.079234 0.278926 0.669334 
0.479037 0.092851 0.261974 0.662551 
0.464911 0.076529 0.283692 0.682986 
0.470213 0.085987 0.275528 0.679514 
0.479437 0.097988 0.270708 0.657933 
0.463702 0.085722 0.251638 0.628945 
0.493487 0.101492 0.278301 0.692741 
0.485286 0.086326 0.293463 0.704953 
0.473315 0.089149 0.273332 0.665557 
0.472370 0.089685 0.258494 0.668140 
0.476171 0.083792 0.272000 0.655792 
0.456261 0.079944 0.270897 0.641360 
0.447590 0.064016 0.291032 0.591854 
0.444902 0.043238 0.331429 0.570408 
0.412399 0.051833 0.295929 0.577234 
0.504689 0.060339 0.326535 0.632274 
0.500896 0.059098 0.342572 0.640917 
0.485758 0.064335 0.321890 0.595884 
0.440776 0.049060 0.319029 0.591088 
0.424478 0.049287 0.302399 0.553173 
0.464936 0.053958 0.318256 0.623634 
0.437989 0.054721 0.291874 0.573531 
0.445552 0.056274 0.320706 0.589422 
0.403966 0.064811 0.275173 0.605165 
0.427167 0.066828 0.293874 0.617466 
0.446665 0.084676 0.271630 0.616994 
0.439974 0.083025 0.265203 0.602667 
0.420144 0.061878 0.272068 0.594260 
0.428937 0.078453 0.281798 0.601477 
0.417832 0.068470 0.266037 0.568953 
0.452262 0.096837 0.255154 0.646065 
0.440929 0.074487 0.263873 0.571915 
0.425498 0.077982 0.263277 0.583693 
0.458420 0.094148 0.294461 0.644199 
0.450179 0.091233 0.275074 0.621730 
0.425148 0.077718 0.255723 0.586425 
0.427596 0.084768 0.238577 0.577745 
0.415954 0.075479 0.267453 0.609893 
0.432208 0.079825 0.261523 0.542469 
0.419862 0.079038 0.265861 0.602731 
0.398231 0.064342 0.258023 0.585785 
0.420176 0.078875 0.252936 0.547175 
0.430818 0.085177 0.272462 0.622265 
0.429961 0.072040 0.269968 0.581584 
0.422361 0.071113 0.253214 0.543193 
0.407656 0.069853 0.259801 0.591246 
0.509848 0.108660 0.229271 0.710408 
0.508205 0.106155 0.241855 0.731203 
0.494089 0.095858 0.257900 0.724627 
0.506916 0.106007 0.242481 0.703359 
0.500603 0.108840 0.250031 0.706342 
0.495553 0.104221 0.238998 0.703185 
0.498118 0.117478 0.253639 0.730243 
0.478412 0.097450 0.264385 0.715828 
0.517608 0.109412 0.269444 0.746550 
0.505780 0.101158 0.258062 0.740351 
0.431141 0.082571 0.268844 0.558699 
0.407867 0.071424 0.246910 0.535844 
0.407927 0.065688 0.273739 0.518460 
0.397629 0.048823 0.269570 0.482980 
0.406989 0.054585 0.268708 0.521919 
0.430849 0.082364 0.266313 0.554950 
0.388000 0.060036 0.253380 0.512631 
0.408350 0.072859 0.228730 0.529465 
0.437484 0.070173 0.255477 0.549309 
0.409510 0.065645 0.258912 0.539197 
0.403688 0.062232 0.246422 0.509055 
0.408070 0.076073 0.239346 0.547907 
0.401541 0.069206 0.246610 0.502649 
0.420632 0.077154 0.247076 0.530004 
0.385062 0.061609 0.230020 0.490428 
0.412705 0.067110 0.256943 0.541064 
0.409023 0.062458 0.264546 0.546764 
0.393936 0.062283 0.261225 0.528923 
0.405354 0.070839 0.259184 0.541418 
0.394769 0.053609 0.272194 0.516881 
0.415014 0.070639 0.280961 0.551688 
0.440816 0.073634 0.276285 0.610286 
0.404223 0.059385 0.259108 0.547029 
0.419873 0.054907 0.282057 0.582455 
0.419568 0.065369 0.267234 0.582133 
0.451677 0.076065 0.285163 0.687613 
0.412838 0.066530 0.273643 0.566806 
0.442610 0.092831 0.257425 0.623265 
0.449130 0.072192 0.286531 0.578102 
0.405429 0.060367 0.269715 0.572234 
0.486898 0.098489 0.284925 0.647324 
0.494666 0.112872 0.258272 0.713652 
0.422230 0.067596 0.272892 0.595243 
0.430800 0.062291 0.301327 0.549909 
0.475547 0.112947 0.257969 0.685792 
0.468318 0.090466 0.265547 0.643981 
0.463049 0.088460 0.247312 0.620309 
0.426885 0.065698 0.264565 0.605411 
0.447400 0.083411 0.284628 0.637062 
0.456655 0.077256 0.284757 0.580766 
0.448049 0.085309 0.268882 0.606585 
0.467676 0.090008 0.256971 0.612265 
0.477259 0.090658 0.265690 0.652160 
0.469251 0.090519 0.249289 0.629368 
0.422106 0.095313 0.269241 0.596575 
0.383543 0.075944 0.267367 0.535289 
0.423331 0.089803 0.280240 0.613190 
0.398655 0.064647 0.278577 0.528552 
0.394689 0.079028 0.265775 0.531021 
0.422016 0.091766 0.270522 0.591156 
0.430311 0.094413 0.286689 0.635119 
0.397165 0.065652 0.277625 0.538174 
0.388118 0.053664 0.273212 0.488120 
0.394655 0.071881 0.265608 0.582074 
0.379829 0.053460 0.278095 0.526518 
0.384013 0.067154 0.273884 0.515389 
0.406165 0.102367 0.228071 0.625379 
0.430742 0.092824 0.229927 0.632990 
0.423224 0.082354 0.253953 0.578306 
0.429378 0.092968 0.254580 0.651581 
0.423948 0.084288 0.259334 0.584349 
0.421655 0.085664 0.254943 0.583509 
0.432740 0.086162 0.261024 0.622140 
0.435359 0.102215 0.232292 0.610039 
0.423273 0.093720 0.266316 0.606342 
0.456670 0.108643 0.215732 0.628414 
0.419627 0.076244 0.236920 0.553081 
0.423313 0.082160 0.259612 0.563565 
0.436041 0.080972 0.254969 0.590378 
0.381980 0.068812 0.256292 0.526624 
0.391393 0.064936 0.282803 0.599845 
0.394028 0.080786 0.251120 0.613017 
0.391250 0.077953 0.269966 0.545955 
0.399222 0.064610 0.272832 0.562449 
0.433075 0.097441 0.261331 0.626086 
0.407895 0.092096 0.264943 0.568056 
0.402199 0.095172 0.262971 0.569080 
0.474010 0.095349 0.268305 0.652194 
0.411668 0.089596 0.248076 0.617883 
0.395175 0.074604 0.272619 0.546752 
0.419814 0.094704 0.255169 0.592525 
0.411535 0.100958 0.246405 0.598738 
0.443343 0.056569 0.299257 0.567823 
0.428014 0.057035 0.291621 0.565177 
0.396130 0.040890 0.304452 0.503607 
0.401536 0.048394 0.282325 0.516316 
0.433424 0.056658 0.296341 0.559330 
0.410553 0.045716 0.297968 0.558278 
0.420170 0.050593 0.309068 0.543151 
0.417336 0.048341 0.285996 0.558441 
0.417761 0.048297 0.286289 0.554192 
0.403135 0.043308 0.311570 0.494409 
0.386713 0.048107 0.269158 0.545013 
0.456541 0.051887 0.322124 0.568580 
0.447641 0.054032 0.297434 0.576603 
0.499720 0.105637 0.267499 0.688962 
0.505648 0.098250 0.278844 0.710519 
0.476422 0.087128 0.269762 0.678308 
0.490110 0.102193 0.272885 0.654018 
0.510521 0.101789 0.274949 0.674727 
0.508108 0.098778 0.284872 0.685916 
0.507869 0.092220 0.287412 0.722336 
0.530108 0.107214 0.269764 0.707823 
0.520126 0.118524 0.273525 0.729549 
0.492493 0.090760 0.280682 0.677842 
0.507370 0.101884 0.277919 0.664367 
0.477244 0.097907 0.277018 0.676298 
0.510306 0.097915 0.298435 0.755739 
0.501388 0.113507 0.275298 0.693915 
0.428612 0.079193 0.272543 0.559510 
0.418769 0.077249 0.242444 0.534420 
0.420456 0.072618 0.234906 0.579917 
0.444985 0.092840 0.227554 0.649240 
0.438189 0.070755 0.267633 0.570102 
0.422592 0.084273 0.219036 0.588020 
0.431822 0.088713 0.255796 0.588148 
0.442564 0.097676 0.235214 0.643001 
0.407322 0.072313 0.253208 0.566856 
0.441796 0.086286 0.232455 0.591212 
0.433885 0.090297 0.232149 0.595891 
0.430038 0.087266 0.271846 0.639042 
0.435451 0.086663 0.255113 0.578254 
