0.628820 0.061420 0.460133 0.771900 
0.632860 0.070263 0.452046 0.766565 
0.624472 0.058417 0.469510 0.763794 
0.639532 0.067186 0.473078 0.776879 
0.651917 0.071224 0.463138 0.759131 
0.643473 0.052827 0.500120 0.760456 
0.625644 0.053026 0.484074 0.732487 
0.610412 0.066428 0.445388 0.735799 
0.621137 0.061703 0.485312 0.747410 
0.650891 0.067285 0.506967 0.799741 
0.633753 0.059047 0.501076 0.759358 
0.653499 0.055446 0.511676 0.765002 
0.642664 0.065943 0.473758 0.769503 
0.671128 0.081606 0.477499 0.804006 
0.630063 0.087254 0.366589 0.766585 
0.644825 0.082557 0.440736 0.784138 
0.645215 0.089857 0.376880 0.767498 
0.615366 0.075775 0.408705 0.747734 
0.653026 0.071398 0.421404 0.780354 
0.648526 0.080658 0.440133 0.795991 
0.667752 0.080518 0.462267 0.805753 
0.673646 0.095123 0.445677 0.813671 
0.625154 0.090803 0.394417 0.769250 
0.687503 0.095662 0.380194 0.823448 
0.674188 0.107776 0.365546 0.811559 
0.660409 0.078054 0.449211 0.793300 
0.662520 0.070490 0.470768 0.782477 
0.677367 0.059885 0.515481 0.767120 
0.673141 0.060577 0.493614 0.764074 
0.672053 0.052746 0.558550 0.775555 
0.718694 0.059026 0.569791 0.822136 
0.674027 0.063018 0.538319 0.757564 
0.678818 0.059567 0.506819 0.776846 
0.689274 0.067688 0.510074 0.792400 
0.695450 0.068038 0.504072 0.815514 
0.698943 0.063607 0.491895 0.791187 
0.649460 0.067481 0.483839 0.758130 
0.634771 0.069162 0.465121 0.766300 
0.637891 0.079808 0.447688 0.778638 
0.656266 0.080577 0.450655 0.811055 
0.612471 0.075475 0.416644 0.741047 
0.645065 0.073337 0.423554 0.763278 
0.640058 0.074501 0.425503 0.770198 
0.659414 0.085441 0.452029 0.803040 
0.630906 0.080116 0.463758 0.786979 
0.636230 0.083204 0.415947 0.770521 
0.610338 0.072412 0.407542 0.739456 
0.612009 0.081780 0.438978 0.782537 
0.617078 0.080784 0.445425 0.780899 
0.598929 0.066349 0.445240 0.728828 
0.586212 0.063774 0.439688 0.704521 
0.616151 0.064413 0.392621 0.712235 
0.598762 0.066211 0.382870 0.698170 
0.565645 0.063419 0.428579 0.699244 
0.595623 0.049923 0.425371 0.666087 
0.598283 0.051270 0.460786 0.667196 
0.599562 0.060565 0.412131 0.703807 
0.602537 0.059330 0.431120 0.711664 
0.602092 0.054928 0.438568 0.698685 
0.582275 0.053159 0.455005 0.677627 
0.617315 0.071573 0.447536 0.749441 
0.652720 0.069623 0.491687 0.782228 
0.646923 0.065371 0.457176 0.774110 
0.634455 0.068133 0.482053 0.755805 
0.633270 0.065321 0.449069 0.770750 
0.621249 0.064003 0.478535 0.747424 
0.665124 0.063094 0.510397 0.805693 
0.671511 0.076426 0.452809 0.808641 
0.653145 0.064223 0.466243 0.772757 
0.624443 0.061052 0.461548 0.745410 
0.592746 0.055731 0.472370 0.699549 
0.575994 0.058070 0.471846 0.696722 
0.611019 0.060618 0.496915 0.729308 
0.591474 0.053009 0.484936 0.691788 
0.615673 0.050582 0.468335 0.728552 
0.627767 0.058709 0.495409 0.750000 
0.599618 0.050245 0.494630 0.713558 
0.603725 0.060694 0.455401 0.706486 
0.627882 0.058165 0.499478 0.734961 
0.604012 0.056955 0.484197 0.740601 
0.613687 0.057215 0.483447 0.735315 
0.597866 0.053997 0.492104 0.702188 
0.595012 0.057523 0.470504 0.685112 
0.594396 0.044885 0.501004 0.677536 
0.577719 0.052982 0.468874 0.686224 
0.583404 0.062227 0.451183 0.692916 
0.645465 0.057620 0.480225 0.736137 
0.606548 0.069961 0.452873 0.730561 
0.650508 0.062620 0.439022 0.747328 
0.622168 0.068712 0.488918 0.753946 
0.656746 0.071059 0.453259 0.775400 
0.618171 0.059532 0.497972 0.724949 
0.611718 0.062611 0.475798 0.712810 
0.628390 0.060831 0.478555 0.744256 
0.631230 0.079499 0.455618 0.770578 
0.617467 0.067649 0.438161 0.744307 
0.657761 0.068644 0.475529 0.765412 
0.624941 0.056495 0.430988 0.717152 
0.661249 0.055788 0.537317 0.746074 
0.584674 0.057196 0.424393 0.681128 
0.676554 0.079334 0.465712 0.809737 
0.666914 0.078859 0.482170 0.777566 
0.628442 0.060476 0.438714 0.745813 
0.627138 0.068373 0.459162 0.743248 
0.624149 0.073770 0.455390 0.765831 
0.640215 0.060976 0.489133 0.741888 
0.633154 0.075914 0.435399 0.779232 
0.616451 0.052848 0.456152 0.736552 
0.635120 0.070585 0.454987 0.760136 
0.648732 0.080705 0.435645 0.781890 
0.622219 0.067408 0.442381 0.756399 
0.631853 0.073084 0.442040 0.770744 
0.607022 0.067218 0.450947 0.720041 
0.630322 0.077180 0.435549 0.743462 
0.640421 0.086659 0.456637 0.817127 
0.618283 0.117343 0.258370 0.788679 
0.623444 0.090457 0.438492 0.806369 
0.664917 0.093013 0.466726 0.814412 
0.688177 0.088848 0.476298 0.838589 
0.630566 0.084857 0.428522 0.796911 
0.689260 0.093651 0.463699 0.859556 
0.647900 0.082761 0.466107 0.809057 
0.626133 0.097597 0.396365 0.777465 
0.666852 0.077772 0.479753 0.807923 
0.659790 0.083213 0.457989 0.810799 
0.716470 0.101679 0.498032 0.877009 
0.653940 0.087353 0.490018 0.837244 
0.623122 0.061840 0.446939 0.718414 
0.573070 0.065737 0.435490 0.727521 
0.634095 0.058552 0.430980 0.748733 
0.590771 0.066517 0.372713 0.690903 
0.575028 0.054865 0.419797 0.671353 
0.609432 0.060619 0.440034 0.720529 
0.635117 0.065739 0.432289 0.740091 
0.613364 0.074139 0.456813 0.774557 
0.675301 0.090747 0.455130 0.816140 
0.619444 0.062641 0.415661 0.736147 
0.608453 0.071381 0.431851 0.712151 
0.617723 0.068832 0.438358 0.719977 
0.659547 0.076505 0.425495 0.763063 
0.649211 0.066012 0.444634 0.750283 
0.658755 0.069927 0.437580 0.769592 
0.631956 0.075759 0.417481 0.728346 
0.633586 0.065704 0.435779 0.732002 
0.707581 0.057552 0.548744 0.793567 
0.679863 0.090890 0.459553 0.818947 
0.632638 0.086764 0.421641 0.779449 
0.691785 0.068309 0.477390 0.802377 
0.631451 0.072769 0.410820 0.748925 
0.649821 0.073609 0.455692 0.758060 
0.641982 0.082675 0.403221 0.773062 
0.679861 0.087081 0.485564 0.854345 
0.683387 0.073324 0.514593 0.811680 
0.640704 0.068048 0.474765 0.770472 
0.647220 0.069637 0.436757 0.743086 
0.634743 0.068361 0.476568 0.764280 
0.670873 0.060969 0.513072 0.775069 
0.669203 0.067776 0.468590 0.775671 
0.634582 0.066283 0.454598 0.740327 
0.653841 0.076558 0.444364 0.797100 
0.662085 0.069266 0.492834 0.762132 
0.630025 0.062091 0.436479 0.720288 
0.633745 0.074317 0.418451 0.742687 
0.657853 0.062153 0.487284 0.753504 
0.668987 0.070169 0.479324 0.767105 
0.643568 0.062505 0.470941 0.756313 
0.660694 0.054113 0.479956 0.768507 
0.638571 0.065407 0.450442 0.773636 
0.611010 0.065069 0.428582 0.743254 
0.632971 0.063932 0.467500 0.771519 
0.611692 0.069650 0.424871 0.760564 
0.625248 0.066297 0.452689 0.780017 
0.670851 0.077290 0.463951 0.812662 
0.669189 0.080200 0.482062 0.779447 
0.637806 0.071761 0.427505 0.797378 
0.589550 0.061572 0.436070 0.738924 
0.672960 0.055140 0.472783 0.741624 
0.636044 0.073566 0.440782 0.773582 
0.650937 0.060224 0.503994 0.773339 
0.618324 0.088238 0.454603 0.793629 
0.623679 0.064491 0.475640 0.758274 
0.614179 0.082333 0.446942 0.760383 
0.597948 0.078178 0.424866 0.730761 
0.591729 0.083501 0.444725 0.774234 
0.634987 0.080676 0.396655 0.740521 
0.613591 0.079101 0.431061 0.764129 
0.566723 0.067806 0.438080 0.694088 
0.571584 0.069676 0.455566 0.728640 
0.643280 0.075500 0.491015 0.785827 
0.662350 0.072550 0.466415 0.797377 
0.573636 0.069866 0.421569 0.749670 
0.621165 0.081598 0.440709 0.753053 
