0.496345 0.072741 0.379650 0.689034 
0.469971 0.068540 0.345953 0.670482 
0.475439 0.067777 0.358239 0.664948 
0.493411 0.072616 0.362562 0.691031 
0.498796 0.075028 0.393342 0.696786 
0.499196 0.073243 0.380575 0.679793 
0.480096 0.070301 0.383452 0.669591 
0.493241 0.070451 0.366053 0.676842 
0.491849 0.072675 0.360460 0.701002 
0.502099 0.076471 0.384026 0.696965 
0.469470 0.070961 0.359741 0.677999 
0.472668 0.069611 0.355427 0.666300 
0.505350 0.079453 0.400801 0.722518 
0.526606 0.065196 0.402387 0.748229 
0.498611 0.060692 0.406248 0.705308 
0.497776 0.061002 0.386647 0.687075 
0.505005 0.061643 0.394877 0.722615 
0.505348 0.060371 0.402720 0.684170 
0.498083 0.060248 0.403910 0.692931 
0.526035 0.060854 0.399526 0.755506 
0.535551 0.063978 0.433494 0.714008 
0.511307 0.060506 0.423766 0.698487 
0.515358 0.062567 0.406083 0.713944 
0.531765 0.064406 0.405393 0.715517 
0.512684 0.060715 0.399344 0.738378 
0.496162 0.059114 0.399844 0.714956 
0.473658 0.050251 0.280321 0.628210 
0.491058 0.058980 0.271508 0.701905 
0.504674 0.062766 0.285204 0.664324 
0.539909 0.064845 0.306915 0.707308 
0.509727 0.062204 0.346406 0.688697 
0.534698 0.057646 0.345050 0.698269 
0.511431 0.063919 0.288423 0.688918 
0.464061 0.054585 0.271763 0.655974 
0.506616 0.058662 0.304348 0.690435 
0.510725 0.056151 0.301305 0.681913 
0.502561 0.057545 0.306059 0.677421 
0.469665 0.067522 0.355040 0.631357 
0.484035 0.077835 0.356783 0.686900 
0.460835 0.064834 0.338189 0.639983 
0.484703 0.074544 0.356541 0.684263 
0.484181 0.080212 0.361858 0.700148 
0.471823 0.078710 0.341677 0.692299 
0.483685 0.072463 0.357789 0.679201 
0.462108 0.075782 0.330970 0.662220 
0.476923 0.077144 0.356253 0.675955 
0.439789 0.069446 0.328446 0.637636 
0.475303 0.071787 0.351908 0.672413 
0.459943 0.074778 0.322049 0.647280 
0.490164 0.072671 0.315590 0.744432 
0.446744 0.071968 0.277235 0.708212 
0.495633 0.077971 0.320324 0.742324 
0.440971 0.050896 0.285220 0.597774 
0.471120 0.076531 0.311124 0.733101 
0.499875 0.071664 0.313666 0.735063 
0.462838 0.071280 0.293371 0.703197 
0.485794 0.071972 0.311451 0.737173 
0.484066 0.068579 0.329440 0.721098 
0.470101 0.074026 0.310829 0.715170 
0.519130 0.070889 0.372100 0.739696 
0.489665 0.071014 0.341852 0.703389 
0.509453 0.083434 0.349744 0.717373 
0.496170 0.072222 0.370545 0.710961 
0.500167 0.080224 0.331268 0.709883 
0.500704 0.080357 0.334376 0.686022 
0.497479 0.077363 0.339837 0.706599 
0.495897 0.072409 0.342733 0.684584 
0.503325 0.083946 0.335632 0.714894 
0.534668 0.090134 0.364543 0.750602 
0.488598 0.073321 0.355552 0.703095 
0.472459 0.056221 0.362488 0.660769 
0.481746 0.062068 0.368944 0.685140 
0.468365 0.063187 0.315916 0.663457 
0.481678 0.061197 0.372092 0.692786 
0.481651 0.068596 0.327716 0.709016 
0.479098 0.067902 0.349245 0.695840 
0.470065 0.058114 0.368004 0.641509 
0.473414 0.063353 0.332489 0.655692 
0.483662 0.060763 0.374995 0.680392 
0.465304 0.065291 0.326296 0.652365 
0.484381 0.059196 0.371017 0.658245 
0.472637 0.063268 0.335093 0.638933 
0.469306 0.062666 0.355317 0.672364 
0.473256 0.058824 0.354840 0.668037 
0.470506 0.059535 0.352868 0.683727 
0.479147 0.065167 0.352979 0.664587 
0.472367 0.056549 0.362101 0.698890 
0.473202 0.062571 0.350133 0.696527 
0.488215 0.061924 0.359687 0.712468 
0.478703 0.058591 0.353768 0.704557 
0.489062 0.063422 0.337262 0.703597 
0.506197 0.071516 0.380149 0.744654 
0.477326 0.063983 0.338224 0.714187 
0.494969 0.070478 0.364115 0.739714 
0.487116 0.069121 0.335578 0.731521 
0.469709 0.059205 0.354426 0.741741 
0.481385 0.062237 0.371115 0.731101 
0.492908 0.067685 0.345836 0.712139 
0.500134 0.067605 0.359893 0.717037 
0.479653 0.063341 0.369690 0.727837 
0.497538 0.074218 0.362056 0.783343 
0.491923 0.080427 0.330652 0.787529 
0.478795 0.063418 0.297838 0.703098 
0.487952 0.072158 0.325197 0.744134 
0.455611 0.068469 0.294374 0.731588 
0.478769 0.072976 0.310901 0.772918 
0.454035 0.067206 0.286813 0.724019 
0.495220 0.068806 0.333949 0.760283 
0.485505 0.066332 0.334925 0.733715 
0.504883 0.067197 0.345868 0.751949 
0.465724 0.068007 0.299611 0.732864 
0.462230 0.070796 0.301233 0.769409 
0.482718 0.070351 0.326653 0.761397 
0.459034 0.072845 0.310842 0.764665 
0.486742 0.065251 0.334967 0.739468 
0.512745 0.067650 0.390915 0.773400 
0.495718 0.070528 0.365092 0.740429 
0.488610 0.069716 0.333999 0.740783 
0.500327 0.068597 0.336947 0.715321 
0.487982 0.069833 0.325523 0.739866 
0.483757 0.072247 0.343238 0.747690 
0.484127 0.069375 0.341121 0.723274 
0.488406 0.061221 0.347831 0.685642 
0.481283 0.067925 0.345214 0.732304 
0.514420 0.064780 0.372998 0.754133 
0.497825 0.070256 0.340813 0.742533 
0.488580 0.058544 0.355870 0.708428 
0.440492 0.064115 0.285781 0.689562 
0.470960 0.063054 0.324802 0.744001 
0.459658 0.064544 0.308316 0.675917 
0.446830 0.061744 0.324161 0.662804 
0.443191 0.061552 0.288066 0.698852 
0.453015 0.062274 0.319336 0.704150 
0.459714 0.072089 0.318316 0.701694 
0.430527 0.067310 0.281572 0.658280 
0.444636 0.061319 0.279597 0.682674 
0.441645 0.065171 0.313406 0.681416 
0.464304 0.064948 0.290479 0.691554 
0.454936 0.064662 0.309507 0.681063 
0.494271 0.080278 0.257522 0.795799 
0.478025 0.094016 0.272784 0.791398 
0.462680 0.096164 0.233456 0.769696 
0.445684 0.086280 0.257071 0.798642 
0.464692 0.096668 0.207168 0.798419 
0.481534 0.090636 0.276938 0.789326 
0.474609 0.084674 0.262783 0.755264 
0.467980 0.084808 0.228977 0.784285 
0.496400 0.097459 0.276252 0.835180 
0.481240 0.091058 0.281915 0.784628 
0.456742 0.070421 0.260043 0.738360 
0.446843 0.076862 0.260287 0.761591 
0.460915 0.085951 0.268720 0.779769 
0.509041 0.083805 0.335915 0.769134 
0.530106 0.078142 0.340780 0.781288 
0.523852 0.085817 0.335613 0.798793 
0.499647 0.077812 0.343577 0.736016 
0.526107 0.086834 0.318866 0.778225 
0.501735 0.085004 0.343838 0.760987 
0.502439 0.085726 0.363204 0.745806 
0.499881 0.077239 0.326099 0.754057 
0.521386 0.082172 0.358538 0.747314 
0.498847 0.083463 0.314941 0.768461 
0.496931 0.089723 0.342125 0.744943 
0.523894 0.082587 0.355447 0.798048 
0.510635 0.082294 0.349274 0.781977 
0.506769 0.059936 0.379569 0.713783 
0.523251 0.068770 0.411866 0.759849 
0.525026 0.063881 0.415546 0.755493 
0.520430 0.068464 0.370471 0.769262 
0.529662 0.066480 0.397006 0.751061 
0.519915 0.068367 0.396132 0.758048 
0.522145 0.066741 0.406111 0.736463 
0.550615 0.071260 0.432525 0.791099 
0.502991 0.061038 0.381455 0.751680 
0.513891 0.063716 0.388795 0.738333 
0.513326 0.064139 0.418813 0.761846 
0.521854 0.067390 0.403314 0.755271 
0.532699 0.072367 0.410363 0.799823 
0.515138 0.063051 0.403404 0.748322 
0.476476 0.055919 0.354521 0.706741 
0.508267 0.058376 0.367140 0.741061 
0.486941 0.061825 0.346240 0.731357 
0.491766 0.058935 0.362071 0.715100 
0.489632 0.059855 0.381782 0.721194 
0.493008 0.054490 0.378486 0.752154 
0.482227 0.051811 0.355964 0.674974 
0.464882 0.056494 0.337520 0.723471 
0.478514 0.058193 0.354477 0.734206 
0.476724 0.049706 0.370229 0.669539 
0.472025 0.059385 0.335978 0.731594 
0.514419 0.068798 0.357481 0.753222 
0.487039 0.057904 0.354592 0.722787 
