0.602841 0.064095 0.408536 0.744523 
0.582977 0.064876 0.395095 0.743390 
0.604466 0.062265 0.420975 0.764694 
0.636011 0.063030 0.412711 0.763595 
0.608501 0.056504 0.427336 0.736621 
0.633718 0.060829 0.425411 0.796659 
0.611227 0.059674 0.383337 0.774476 
0.608079 0.066607 0.396511 0.788409 
0.575313 0.062356 0.407620 0.735995 
0.629485 0.059795 0.425578 0.795651 
0.609741 0.062219 0.361669 0.745515 
0.612414 0.063265 0.424370 0.755975 
0.619498 0.064552 0.413286 0.764738 
0.649288 0.070468 0.387292 0.781239 
0.640697 0.058737 0.384219 0.745622 
0.609902 0.066253 0.391156 0.769001 
0.619234 0.071738 0.390498 0.784606 
0.635602 0.066942 0.359285 0.783438 
0.628057 0.074699 0.391286 0.787812 
0.607349 0.064696 0.402015 0.738223 
0.625159 0.070308 0.419502 0.784260 
0.632520 0.082054 0.434278 0.797774 
0.617247 0.076375 0.403116 0.781135 
0.613266 0.069829 0.415000 0.750216 
0.619970 0.071333 0.397539 0.781273 
0.616074 0.077959 0.400847 0.787907 
0.593077 0.067583 0.367355 0.758066 
0.605154 0.065637 0.414693 0.762968 
0.584385 0.067120 0.423439 0.751970 
0.633771 0.071841 0.456713 0.800173 
0.635178 0.068238 0.442685 0.803786 
0.622523 0.071004 0.401440 0.787395 
0.612538 0.065143 0.352272 0.748581 
0.580386 0.068431 0.351459 0.726330 
0.631080 0.067906 0.409758 0.789499 
0.591885 0.067702 0.472833 0.747721 
0.604113 0.066105 0.400822 0.759141 
0.571547 0.075885 0.378316 0.750513 
0.570862 0.077251 0.380250 0.760724 
0.572626 0.075959 0.361484 0.742493 
0.569809 0.080965 0.342763 0.748790 
0.561405 0.076453 0.364245 0.775197 
0.620676 0.081731 0.399592 0.798519 
0.565876 0.073336 0.391361 0.764438 
0.595773 0.076468 0.401733 0.756999 
0.573076 0.075728 0.363235 0.794055 
0.595219 0.074664 0.396791 0.767222 
0.584594 0.078383 0.404017 0.778904 
0.574766 0.073682 0.381045 0.753304 
0.628576 0.063408 0.425241 0.791974 
0.612402 0.068689 0.452631 0.815602 
0.628779 0.067950 0.396854 0.823519 
0.611448 0.066141 0.425979 0.773196 
0.602782 0.065929 0.411348 0.770422 
0.616079 0.062302 0.431236 0.784570 
0.640304 0.068171 0.448679 0.826361 
0.626740 0.062500 0.437319 0.790208 
0.632554 0.063055 0.416120 0.803426 
0.612689 0.065750 0.454534 0.781408 
0.621435 0.062718 0.414332 0.770587 
0.607420 0.078332 0.451153 0.820890 
0.607968 0.078830 0.424996 0.800787 
0.560397 0.082875 0.378749 0.763860 
0.579018 0.078952 0.392323 0.796805 
0.636553 0.081939 0.475163 0.852018 
0.585197 0.080962 0.398512 0.813242 
0.580332 0.074341 0.393586 0.754232 
0.587131 0.075852 0.422549 0.794798 
0.628203 0.070641 0.461574 0.804862 
0.614959 0.079364 0.440220 0.812684 
0.568664 0.079247 0.400786 0.768889 
0.550049 0.069804 0.421824 0.735453 
0.563935 0.070075 0.412315 0.776509 
0.563193 0.073128 0.423922 0.729549 
0.564653 0.077197 0.405470 0.765044 
0.605920 0.077606 0.417821 0.820679 
0.547429 0.078941 0.402375 0.737663 
0.559327 0.073666 0.401189 0.758997 
0.552003 0.071997 0.392795 0.758410 
0.552521 0.070787 0.424411 0.768449 
0.550429 0.069366 0.390027 0.739865 
0.551788 0.075097 0.398563 0.769001 
0.581026 0.078319 0.430141 0.758381 
0.570239 0.074472 0.389254 0.743349 
0.548135 0.070958 0.406311 0.742251 
0.571663 0.076821 0.373140 0.792717 
0.620323 0.078872 0.428280 0.835864 
0.614356 0.071673 0.446259 0.834673 
0.621174 0.065392 0.414208 0.798908 
0.634375 0.066627 0.454732 0.790001 
0.627264 0.073846 0.424163 0.813047 
0.642262 0.076599 0.434450 0.841356 
0.618254 0.071674 0.408340 0.840245 
0.627042 0.076871 0.431994 0.801108 
0.631185 0.073381 0.426968 0.879344 
0.627237 0.071596 0.433105 0.829448 
0.631233 0.074181 0.427637 0.811282 
0.635235 0.082786 0.425976 0.834148 
0.648528 0.074767 0.419159 0.806038 
0.618796 0.071124 0.453510 0.827352 
0.551573 0.089017 0.387226 0.816277 
0.545065 0.085432 0.348344 0.818574 
0.564908 0.083581 0.381687 0.852571 
0.556236 0.088590 0.368083 0.817492 
0.570948 0.085642 0.366288 0.783034 
0.555137 0.088105 0.391780 0.795901 
0.550158 0.090382 0.374806 0.840553 
0.574822 0.078361 0.402449 0.797257 
0.560301 0.078831 0.377438 0.806044 
0.549216 0.086577 0.364811 0.763216 
0.539877 0.083150 0.345971 0.792063 
0.548245 0.077902 0.371669 0.789072 
0.550272 0.082536 0.363229 0.793692 
0.523449 0.085722 0.330930 0.767992 
0.544496 0.072522 0.368489 0.728448 
0.556529 0.067118 0.379825 0.737358 
0.570429 0.068295 0.345494 0.768058 
0.572347 0.067058 0.353372 0.774018 
0.560716 0.063728 0.363441 0.738718 
0.577895 0.070010 0.361904 0.797958 
0.586684 0.066921 0.361589 0.763725 
0.579908 0.071689 0.368730 0.811442 
0.550877 0.065683 0.333522 0.725377 
0.579545 0.067036 0.353418 0.765072 
0.554944 0.064519 0.378747 0.723012 
0.576713 0.066206 0.368301 0.764792 
0.577536 0.070206 0.354498 0.765278 
0.510398 0.062047 0.365118 0.645658 
0.496689 0.064918 0.343259 0.655605 
0.484773 0.063806 0.322491 0.617988 
0.485986 0.059872 0.318232 0.615243 
0.514240 0.065900 0.361078 0.646304 
0.505664 0.068865 0.337053 0.680130 
0.495303 0.058063 0.337966 0.624079 
0.537682 0.064432 0.363478 0.670478 
0.491959 0.065038 0.336852 0.625099 
0.480080 0.072379 0.279119 0.661138 
0.483140 0.056521 0.353389 0.601908 
0.471565 0.053012 0.313906 0.603592 
0.520300 0.080244 0.328919 0.718615 
0.522566 0.074881 0.329474 0.717370 
0.539910 0.075695 0.343101 0.713520 
0.567347 0.076424 0.363462 0.771629 
0.533537 0.071943 0.385335 0.701475 
0.575331 0.066768 0.414468 0.727256 
0.548023 0.072380 0.356220 0.705797 
0.563764 0.077029 0.416814 0.728875 
0.600305 0.072505 0.433255 0.741861 
0.582386 0.076232 0.375298 0.740955 
0.520471 0.064765 0.341273 0.680193 
0.557272 0.070811 0.373243 0.753636 
0.515794 0.061084 0.344885 0.652782 
0.606213 0.074260 0.438235 0.788885 
0.653750 0.075059 0.463147 0.826094 
0.626521 0.072941 0.451557 0.809690 
0.654657 0.074877 0.454837 0.852773 
0.664266 0.074140 0.459835 0.847203 
0.598750 0.072534 0.436368 0.802265 
0.610712 0.074171 0.430170 0.800738 
0.627358 0.077865 0.442296 0.791155 
0.619169 0.085346 0.432387 0.839926 
0.599109 0.070216 0.425080 0.754276 
0.602702 0.075864 0.412509 0.783297 
0.652502 0.072816 0.465267 0.831742 
0.633820 0.075040 0.456415 0.846211 
0.641944 0.077318 0.459000 0.833324 
0.635408 0.078546 0.442770 0.793649 
0.676874 0.075505 0.451815 0.830108 
0.655451 0.074888 0.468000 0.816185 
0.673980 0.079236 0.474953 0.847875 
0.674925 0.081422 0.475791 0.834262 
0.662331 0.079990 0.410013 0.839720 
0.680263 0.081056 0.473009 0.847751 
0.631431 0.073212 0.419149 0.793349 
0.658286 0.077673 0.467263 0.804511 
0.648116 0.081367 0.456109 0.837891 
0.658647 0.074419 0.430090 0.802989 
0.669982 0.080494 0.428368 0.850798 
0.621999 0.080581 0.420168 0.792934 
0.605984 0.063126 0.362967 0.765554 
0.556506 0.068398 0.358944 0.774134 
0.614749 0.069059 0.359992 0.782380 
0.596460 0.077112 0.359563 0.777234 
0.607841 0.070607 0.317115 0.827430 
0.583892 0.070662 0.368385 0.750631 
0.574055 0.067735 0.341133 0.742802 
0.598695 0.069990 0.382674 0.781312 
0.564724 0.065121 0.381973 0.748074 
0.628111 0.074253 0.333279 0.790202 
0.557228 0.071685 0.356826 0.735668 
0.552310 0.068116 0.385004 0.721137 
0.569245 0.064762 0.367358 0.727170 
