0.379559 0.078718 0.203541 0.615264 
0.365042 0.079447 0.203308 0.597773 
0.363586 0.081595 0.201455 0.608736 
0.383094 0.078247 0.222989 0.636955 
0.390169 0.074931 0.213299 0.643947 
0.388257 0.081285 0.216409 0.635690 
0.375984 0.077412 0.212934 0.619980 
0.359406 0.080256 0.192333 0.594344 
0.370979 0.074099 0.227719 0.629298 
0.366002 0.076733 0.199436 0.645459 
0.356201 0.079613 0.186980 0.619069 
0.380404 0.078127 0.215815 0.680657 
0.386983 0.076195 0.234731 0.646172 
0.432591 0.091555 0.236254 0.763113 
0.420059 0.093381 0.227458 0.721943 
0.421607 0.083351 0.249528 0.700322 
0.408200 0.087491 0.238896 0.715206 
0.421236 0.090655 0.249376 0.717551 
0.428118 0.088604 0.247894 0.721827 
0.413827 0.093805 0.235867 0.747567 
0.427106 0.090792 0.247884 0.716635 
0.424711 0.093056 0.242126 0.715180 
0.410934 0.086175 0.212232 0.709218 
0.428600 0.080848 0.249661 0.721969 
0.409232 0.082864 0.236523 0.677187 
0.410961 0.086369 0.231499 0.705489 
0.371147 0.083998 0.226806 0.596476 
0.401872 0.081888 0.241899 0.611080 
0.379423 0.080350 0.217726 0.581740 
0.428279 0.080142 0.280316 0.665940 
0.416879 0.085809 0.251022 0.640969 
0.416715 0.078951 0.263980 0.607743 
0.409724 0.080552 0.252866 0.640812 
0.389879 0.077800 0.240644 0.603557 
0.415808 0.082951 0.244526 0.625604 
0.381630 0.080366 0.232817 0.613187 
0.408370 0.076218 0.258205 0.644594 
0.356223 0.085309 0.201448 0.623527 
0.361655 0.082283 0.218029 0.631620 
0.360285 0.086467 0.209687 0.642618 
0.360961 0.079620 0.209108 0.634867 
0.375953 0.084532 0.222098 0.672445 
0.387150 0.085636 0.227405 0.686128 
0.366963 0.086339 0.217089 0.673609 
0.368462 0.084984 0.205033 0.649101 
0.370243 0.087585 0.205542 0.668108 
0.355939 0.092232 0.186529 0.665094 
0.368836 0.083399 0.199764 0.668564 
0.347538 0.088142 0.179423 0.629507 
0.403129 0.084350 0.221172 0.622427 
0.395134 0.082139 0.207340 0.692607 
0.400175 0.083691 0.229610 0.645997 
0.389442 0.084894 0.202544 0.645303 
0.392967 0.079640 0.203759 0.657359 
0.397639 0.081636 0.227495 0.618643 
0.376642 0.079939 0.209347 0.621845 
0.379576 0.075273 0.213344 0.603087 
0.394229 0.080811 0.210959 0.650028 
0.384888 0.075981 0.208843 0.626036 
0.404278 0.085775 0.220721 0.645595 
0.380210 0.097859 0.225859 0.684390 
0.395764 0.087307 0.238929 0.660836 
0.377477 0.088434 0.223197 0.649118 
0.386334 0.095604 0.226800 0.659260 
0.386775 0.092003 0.220025 0.711417 
0.381431 0.095002 0.226991 0.654835 
0.375969 0.092192 0.212377 0.642840 
0.380209 0.090385 0.225742 0.656331 
0.408627 0.090143 0.245003 0.706617 
0.382634 0.087721 0.221433 0.662610 
0.344139 0.077149 0.186010 0.628427 
0.350777 0.074738 0.184403 0.637173 
0.336283 0.080192 0.165680 0.613634 
0.365364 0.079466 0.210803 0.635381 
0.349879 0.083535 0.167665 0.622330 
0.365235 0.082520 0.176801 0.632424 
0.335846 0.075948 0.159819 0.608591 
0.337236 0.079203 0.177660 0.626983 
0.352845 0.075456 0.183746 0.615961 
0.330405 0.082320 0.160705 0.620287 
0.354499 0.071666 0.193400 0.630615 
0.336211 0.078248 0.154183 0.604354 
0.366351 0.083953 0.181983 0.636060 
0.343064 0.071433 0.193732 0.623089 
0.336779 0.075548 0.190346 0.626073 
0.346155 0.076440 0.175950 0.626441 
0.367110 0.080058 0.178984 0.590360 
0.366594 0.078724 0.215541 0.601476 
0.367611 0.079276 0.200352 0.586075 
0.376235 0.078814 0.202587 0.595060 
0.376134 0.072071 0.213163 0.609377 
0.378864 0.074955 0.212948 0.626984 
0.381783 0.077327 0.191732 0.604355 
0.377976 0.072137 0.214978 0.609384 
0.363599 0.073702 0.198422 0.616355 
0.367827 0.078649 0.182995 0.584455 
0.382931 0.082771 0.206431 0.612599 
0.377884 0.076911 0.203089 0.600307 
0.378313 0.076248 0.203670 0.612877 
0.357799 0.072576 0.204786 0.608338 
0.389382 0.083334 0.222768 0.627705 
0.404932 0.090766 0.223925 0.651566 
0.374514 0.096693 0.191102 0.632493 
0.368505 0.093271 0.181463 0.639316 
0.374461 0.080084 0.211523 0.629502 
0.390333 0.092675 0.214043 0.656211 
0.391483 0.094530 0.209627 0.646527 
0.394376 0.087387 0.225671 0.636884 
0.393238 0.085292 0.215074 0.647943 
0.382062 0.085401 0.218787 0.648746 
0.374837 0.088862 0.198061 0.619088 
0.389601 0.086485 0.237361 0.619724 
0.392844 0.084598 0.218066 0.628503 
0.384642 0.081557 0.220150 0.633670 
0.365800 0.067336 0.220611 0.641213 
0.381379 0.069614 0.252950 0.649853 
0.379737 0.067249 0.243554 0.684545 
0.381670 0.071921 0.242072 0.678354 
0.388552 0.064604 0.240557 0.658371 
0.382148 0.077966 0.225528 0.644321 
0.365123 0.073617 0.202437 0.654993 
0.372700 0.074653 0.205983 0.674782 
0.370993 0.059441 0.255221 0.659040 
0.356839 0.072411 0.209472 0.651612 
0.409514 0.069354 0.250882 0.642779 
0.394570 0.075657 0.238769 0.704056 
0.382220 0.064714 0.249937 0.655022 
0.357837 0.094112 0.183659 0.663749 
0.378414 0.096927 0.221038 0.680616 
0.366709 0.096223 0.202731 0.672680 
0.363642 0.091089 0.196531 0.647169 
0.351623 0.090358 0.209420 0.624127 
0.358550 0.087934 0.197170 0.635701 
0.361019 0.089524 0.222500 0.637511 
0.354245 0.089981 0.208739 0.647906 
0.357175 0.086068 0.184095 0.636330 
0.359508 0.095112 0.203954 0.659465 
0.366163 0.093175 0.195982 0.644770 
0.348148 0.098907 0.198705 0.626297 
0.331763 0.076388 0.215766 0.618626 
0.332314 0.080024 0.199151 0.670708 
0.329378 0.077244 0.206241 0.627886 
0.355763 0.079778 0.206233 0.620330 
0.339009 0.076195 0.203670 0.643943 
0.368871 0.082211 0.240068 0.627269 
0.349133 0.074099 0.212457 0.610050 
0.346745 0.075597 0.211533 0.624435 
0.381691 0.083734 0.223822 0.693892 
0.354331 0.075466 0.251047 0.624573 
0.332574 0.074849 0.207856 0.625571 
0.343880 0.072904 0.205141 0.634783 
0.334658 0.076776 0.204218 0.648865 
0.395569 0.087918 0.212361 0.659260 
0.367176 0.075133 0.211229 0.674482 
0.364887 0.081357 0.202936 0.644379 
0.350094 0.074406 0.199301 0.643795 
0.384049 0.092013 0.208447 0.657305 
0.350143 0.070688 0.207431 0.638191 
0.387332 0.084707 0.203798 0.673827 
0.363195 0.072904 0.198494 0.667263 
0.364983 0.068291 0.220157 0.636225 
0.372013 0.062580 0.238900 0.655605 
0.372729 0.079037 0.211662 0.655136 
0.391154 0.076169 0.217168 0.659978 
0.364648 0.087144 0.194626 0.660945 
0.364574 0.085770 0.159492 0.657994 
0.382517 0.078295 0.202437 0.647671 
0.392317 0.087181 0.175593 0.693332 
0.396257 0.091671 0.166534 0.664242 
0.398484 0.085724 0.205110 0.691128 
0.390311 0.094596 0.158934 0.699220 
0.381064 0.084800 0.183962 0.657065 
0.401915 0.078508 0.203136 0.673533 
0.371182 0.083136 0.166704 0.654765 
0.386816 0.088486 0.159832 0.682238 
0.385935 0.080330 0.184545 0.673817 
0.370575 0.078949 0.153651 0.692743 
0.406319 0.083344 0.226252 0.669044 
0.371618 0.080400 0.174146 0.666684 
0.330502 0.077408 0.185015 0.595269 
0.328246 0.061970 0.216459 0.599098 
0.313495 0.059966 0.207483 0.608585 
0.325823 0.073470 0.179655 0.597877 
0.338771 0.074697 0.188534 0.615257 
0.317802 0.067887 0.169815 0.602565 
0.297676 0.061226 0.156801 0.573238 
0.303641 0.072336 0.164513 0.611980 
0.307939 0.059969 0.186320 0.608520 
0.330292 0.083714 0.171499 0.635792 
0.309075 0.069629 0.177671 0.581161 
0.322248 0.068389 0.192837 0.611943 
0.311477 0.064162 0.177060 0.599306 
