0.489598 0.055358 0.321033 0.629848 
0.452109 0.053240 0.287422 0.566509 
0.475776 0.055371 0.284659 0.607766 
0.487519 0.053979 0.305798 0.688632 
0.482790 0.053212 0.315352 0.618742 
0.489853 0.059386 0.310528 0.641964 
0.433129 0.053609 0.279447 0.560409 
0.481982 0.054890 0.291535 0.598297 
0.505909 0.066106 0.334153 0.705007 
0.479452 0.055898 0.296951 0.580734 
0.448171 0.047054 0.299280 0.577765 
0.464769 0.058114 0.295264 0.578085 
0.473536 0.051853 0.320221 0.629847 
0.547864 0.079494 0.321295 0.698707 
0.506076 0.068470 0.302140 0.663137 
0.539818 0.079945 0.324263 0.726441 
0.545210 0.091968 0.311064 0.763808 
0.515290 0.073284 0.302123 0.707198 
0.523349 0.079536 0.303551 0.708185 
0.519629 0.067657 0.312556 0.662441 
0.540738 0.081432 0.314743 0.718316 
0.552836 0.089159 0.324979 0.768790 
0.545483 0.087050 0.298862 0.727138 
0.540098 0.087896 0.300993 0.716668 
0.549361 0.083213 0.279474 0.753040 
0.535640 0.079890 0.318612 0.761777 
0.475518 0.063303 0.322862 0.656860 
0.530362 0.078985 0.331993 0.705527 
0.479612 0.068341 0.312398 0.646329 
0.542245 0.079462 0.367814 0.762612 
0.533434 0.072120 0.327592 0.678212 
0.546608 0.061727 0.347027 0.667888 
0.516204 0.066841 0.340736 0.646084 
0.475863 0.080815 0.299046 0.650775 
0.517093 0.063906 0.341073 0.668568 
0.496700 0.058531 0.339679 0.648330 
0.518107 0.081286 0.335725 0.726454 
0.501723 0.079590 0.336717 0.660923 
0.491550 0.070259 0.350921 0.702771 
0.448541 0.058426 0.296711 0.638586 
0.493771 0.075813 0.337747 0.653477 
0.507017 0.091120 0.306233 0.700835 
0.461427 0.064410 0.308707 0.603014 
0.515198 0.075208 0.348302 0.684356 
0.462825 0.059398 0.331200 0.596735 
0.476955 0.069039 0.339742 0.642056 
0.413601 0.053235 0.278255 0.603242 
0.493566 0.059262 0.365006 0.622868 
0.464026 0.062591 0.304321 0.610753 
0.492296 0.088828 0.279884 0.685571 
0.425703 0.062773 0.244307 0.583296 
0.469040 0.078922 0.280578 0.677041 
0.451695 0.081436 0.256243 0.652426 
0.464844 0.078510 0.270340 0.687914 
0.486005 0.086544 0.286243 0.723046 
0.447800 0.063087 0.280351 0.554702 
0.485978 0.089459 0.290201 0.735815 
0.482394 0.088713 0.293301 0.702320 
0.464522 0.081849 0.293246 0.669405 
0.491015 0.089014 0.273738 0.688466 
0.470433 0.050298 0.351185 0.614349 
0.523096 0.055740 0.369968 0.618122 
0.465867 0.061602 0.321711 0.607315 
0.534933 0.070117 0.342450 0.665359 
0.509354 0.058368 0.344975 0.636929 
0.512899 0.066031 0.344005 0.679668 
0.506595 0.059026 0.337182 0.644050 
0.522098 0.064664 0.317387 0.665331 
0.556517 0.068099 0.355703 0.676038 
0.491300 0.057737 0.348984 0.611656 
0.438567 0.060612 0.304353 0.588839 
0.467105 0.068424 0.268490 0.612314 
0.435327 0.069049 0.299143 0.628588 
0.446432 0.062093 0.286013 0.600102 
0.461042 0.071010 0.277256 0.633396 
0.448035 0.060881 0.306758 0.624006 
0.424155 0.061786 0.283971 0.584871 
0.458696 0.061669 0.314967 0.605565 
0.450951 0.061997 0.323533 0.598677 
0.436901 0.060633 0.284538 0.575513 
0.459858 0.065162 0.306650 0.588510 
0.448006 0.059063 0.293562 0.578250 
0.464536 0.077342 0.269914 0.653158 
0.443561 0.065583 0.307796 0.622193 
0.445231 0.068888 0.281593 0.620592 
0.454061 0.065858 0.293131 0.620235 
0.479440 0.071911 0.272557 0.614472 
0.495368 0.069444 0.303409 0.642627 
0.470496 0.058838 0.288613 0.605811 
0.481515 0.069037 0.296464 0.592513 
0.514723 0.072192 0.307193 0.686840 
0.514663 0.076509 0.302965 0.668354 
0.489221 0.067626 0.309097 0.632004 
0.515349 0.071388 0.312904 0.685208 
0.500002 0.072413 0.301238 0.640779 
0.486994 0.071368 0.276448 0.616241 
0.486662 0.067201 0.308605 0.619612 
0.503278 0.073914 0.313772 0.646933 
0.524810 0.081218 0.304301 0.700863 
0.489425 0.068980 0.278824 0.662862 
0.470375 0.059791 0.297051 0.591312 
0.456742 0.054993 0.305975 0.608343 
0.429347 0.051921 0.292752 0.573455 
0.433994 0.057871 0.294614 0.583090 
0.432452 0.057773 0.299614 0.620567 
0.464730 0.056880 0.331528 0.588867 
0.437741 0.061262 0.266601 0.608554 
0.458783 0.070097 0.297913 0.637935 
0.469885 0.071833 0.292540 0.658079 
0.462228 0.063361 0.300054 0.648635 
0.446383 0.051605 0.300597 0.553200 
0.459855 0.053057 0.306153 0.591123 
0.437461 0.052776 0.296475 0.597357 
0.437395 0.052785 0.292729 0.591415 
0.497984 0.078409 0.286099 0.724601 
0.507215 0.078021 0.313985 0.679482 
0.477868 0.067181 0.302459 0.634076 
0.500949 0.080459 0.291750 0.682490 
0.470539 0.071312 0.293308 0.633560 
0.506693 0.084767 0.292630 0.706671 
0.459497 0.062863 0.282878 0.621507 
0.470858 0.058340 0.305641 0.614185 
0.450076 0.059743 0.284076 0.617813 
0.461358 0.057873 0.269510 0.582121 
0.495966 0.076931 0.300576 0.665199 
0.491266 0.071653 0.276092 0.651081 
0.465066 0.057472 0.289542 0.592384 
0.519668 0.109320 0.277332 0.778886 
0.530159 0.122434 0.282194 0.771471 
0.510402 0.100574 0.304847 0.725760 
0.521995 0.111210 0.282222 0.775733 
0.515549 0.107035 0.275372 0.693317 
0.531149 0.106921 0.304524 0.730569 
0.529635 0.108600 0.300882 0.748558 
0.496314 0.088233 0.291890 0.689704 
0.538149 0.112028 0.307036 0.761588 
0.515383 0.116446 0.297383 0.809422 
0.528498 0.104758 0.297876 0.755572 
0.518523 0.117194 0.279019 0.772454 
0.502227 0.102042 0.316184 0.748657 
0.517470 0.106520 0.332345 0.738036 
0.521038 0.091681 0.321173 0.701140 
0.459233 0.064096 0.308470 0.595785 
0.491512 0.075634 0.324283 0.656541 
0.509870 0.082431 0.339268 0.731197 
0.513529 0.090307 0.322138 0.750320 
0.504209 0.089536 0.334109 0.703615 
0.519348 0.080899 0.353351 0.691572 
0.517436 0.089729 0.335037 0.723230 
0.538010 0.107190 0.329163 0.796207 
0.467323 0.076822 0.299461 0.629263 
0.516209 0.112694 0.297240 0.789523 
0.474419 0.057165 0.342119 0.612849 
0.492971 0.064007 0.306631 0.629577 
0.492268 0.072422 0.301363 0.701658 
0.473233 0.069518 0.292889 0.638308 
0.486771 0.060575 0.336331 0.628367 
0.463151 0.063260 0.281503 0.634906 
0.454416 0.047372 0.312586 0.580833 
0.506888 0.085695 0.294437 0.702709 
0.491676 0.067862 0.318834 0.641388 
0.445702 0.053498 0.281237 0.567991 
0.484619 0.082497 0.282745 0.714864 
0.524653 0.078415 0.326939 0.692630 
0.478320 0.061240 0.320863 0.635608 
0.502152 0.058501 0.339434 0.646790 
0.511606 0.082221 0.335316 0.684972 
0.521776 0.042307 0.408147 0.619792 
0.517544 0.065481 0.349646 0.644208 
0.551466 0.083478 0.344383 0.738326 
0.536463 0.066380 0.349299 0.676032 
0.507142 0.058758 0.323800 0.618556 
0.536495 0.072789 0.362468 0.705343 
0.514974 0.077566 0.317152 0.652328 
0.500061 0.059473 0.362891 0.653491 
0.508944 0.074925 0.328479 0.731363 
0.519965 0.062838 0.341595 0.642434 
0.523016 0.063350 0.385159 0.664788 
0.517566 0.078560 0.337164 0.660742 
0.409990 0.057615 0.270164 0.552537 
0.456868 0.087259 0.265670 0.640812 
0.396118 0.055274 0.273251 0.554032 
0.418261 0.076916 0.263339 0.605288 
0.434220 0.072234 0.277061 0.577013 
0.416035 0.067046 0.234267 0.558641 
0.415931 0.062061 0.273057 0.547214 
0.406124 0.061409 0.254146 0.551071 
0.432101 0.072278 0.259744 0.586040 
0.414217 0.062291 0.274851 0.560913 
0.415969 0.063354 0.264085 0.591332 
0.416665 0.062485 0.246633 0.585170 
0.445700 0.072873 0.276351 0.577954 
