0.448807 0.050232 0.331289 0.587447 
0.437901 0.049134 0.306844 0.570545 
0.465532 0.052286 0.317982 0.584786 
0.457504 0.056016 0.324496 0.586566 
0.445244 0.047259 0.345295 0.574265 
0.454607 0.048637 0.326940 0.616903 
0.424021 0.048307 0.307920 0.561737 
0.430611 0.048589 0.318234 0.591049 
0.443672 0.049795 0.322450 0.572230 
0.428855 0.048145 0.331011 0.579884 
0.432562 0.046398 0.324376 0.576676 
0.430829 0.051571 0.300231 0.557866 
0.460081 0.050171 0.337700 0.581676 
0.516092 0.073409 0.304203 0.673555 
0.480134 0.066356 0.314106 0.645025 
0.526014 0.069515 0.332347 0.685495 
0.527104 0.076151 0.337438 0.681523 
0.506811 0.061067 0.318831 0.617358 
0.500983 0.070125 0.322432 0.695825 
0.509268 0.071263 0.296772 0.638848 
0.515531 0.076674 0.306273 0.693057 
0.516129 0.078035 0.315784 0.727349 
0.523106 0.075968 0.327087 0.694886 
0.534195 0.076916 0.312452 0.709928 
0.528687 0.079859 0.302388 0.719964 
0.531100 0.070066 0.321526 0.672537 
0.479597 0.065853 0.305110 0.626817 
0.492142 0.067925 0.328591 0.680936 
0.505189 0.086230 0.338143 0.759008 
0.521933 0.062482 0.366311 0.674086 
0.498151 0.051624 0.355231 0.619843 
0.541884 0.056094 0.397406 0.696780 
0.471408 0.048872 0.333073 0.601776 
0.441706 0.049246 0.313652 0.597127 
0.486547 0.047794 0.381486 0.603647 
0.483669 0.049161 0.334659 0.608168 
0.501950 0.069286 0.340356 0.679847 
0.435817 0.051189 0.272496 0.568377 
0.450752 0.064106 0.263612 0.607518 
0.435090 0.059751 0.264231 0.562080 
0.438474 0.064153 0.266429 0.597672 
0.435574 0.053347 0.281211 0.569089 
0.440663 0.056085 0.300695 0.591155 
0.448989 0.057192 0.266262 0.575383 
0.445180 0.053377 0.265372 0.567829 
0.444861 0.059694 0.282455 0.580036 
0.412040 0.055939 0.267132 0.545834 
0.427503 0.047079 0.269399 0.552731 
0.449030 0.067157 0.265482 0.610693 
0.481176 0.074374 0.332724 0.687925 
0.437957 0.061196 0.302758 0.626917 
0.470202 0.069249 0.315367 0.632512 
0.476810 0.076962 0.319439 0.691845 
0.464406 0.069052 0.324659 0.637881 
0.483289 0.085132 0.308345 0.740775 
0.453274 0.061695 0.309459 0.637109 
0.479568 0.085520 0.302579 0.729615 
0.480321 0.078588 0.329879 0.685948 
0.437847 0.056394 0.308635 0.583184 
0.477927 0.073129 0.294225 0.643208 
0.448854 0.050751 0.337414 0.591457 
0.471152 0.050304 0.345589 0.615996 
0.434418 0.053211 0.324961 0.597920 
0.456270 0.053814 0.330529 0.597215 
0.481263 0.052640 0.353630 0.618004 
0.468153 0.056438 0.333857 0.624966 
0.470555 0.054488 0.337970 0.598789 
0.461519 0.058751 0.329090 0.615490 
0.494048 0.058156 0.335454 0.630259 
0.466903 0.055517 0.330115 0.603592 
0.451253 0.063752 0.306371 0.581837 
0.457514 0.064679 0.295467 0.600648 
0.434168 0.076402 0.269588 0.649559 
0.438540 0.061907 0.288451 0.592660 
0.435095 0.061116 0.269841 0.608349 
0.445016 0.054515 0.288754 0.579402 
0.429065 0.054852 0.300485 0.569215 
0.452256 0.055448 0.320554 0.602927 
0.445014 0.067753 0.279620 0.591252 
0.435090 0.059561 0.299299 0.588862 
0.445374 0.065233 0.288575 0.616869 
0.435611 0.055958 0.313293 0.562660 
0.451569 0.056084 0.317292 0.585668 
0.453979 0.069139 0.295209 0.615734 
0.438579 0.056864 0.312579 0.579039 
0.443976 0.062342 0.268891 0.598700 
0.462556 0.068742 0.294041 0.605288 
0.461619 0.064891 0.312075 0.578206 
0.443904 0.050942 0.306628 0.610218 
0.454739 0.063305 0.275546 0.601597 
0.471730 0.052530 0.336413 0.595749 
0.483031 0.072798 0.322379 0.628001 
0.459232 0.067110 0.282618 0.569697 
0.477281 0.068418 0.305408 0.611850 
0.481688 0.073189 0.324519 0.638206 
0.464980 0.062926 0.300757 0.615086 
0.457582 0.064411 0.292985 0.596576 
0.467840 0.063161 0.317326 0.599894 
0.491775 0.074706 0.278539 0.635855 
0.466225 0.074514 0.281520 0.618281 
0.446816 0.057517 0.308799 0.585068 
0.437743 0.051973 0.271130 0.554048 
0.420847 0.041459 0.290751 0.526672 
0.443682 0.063667 0.294587 0.611445 
0.446441 0.074121 0.300661 0.669586 
0.437374 0.063833 0.293199 0.588626 
0.449203 0.063238 0.298313 0.594701 
0.452219 0.067260 0.306978 0.666866 
0.449897 0.065424 0.305604 0.677451 
0.459174 0.054657 0.318915 0.580599 
0.433270 0.058103 0.286453 0.551324 
0.445751 0.057538 0.286819 0.592481 
0.430291 0.058544 0.301504 0.581575 
0.423159 0.055229 0.276766 0.549866 
0.468785 0.073945 0.259185 0.636861 
0.453140 0.063786 0.275162 0.618080 
0.437780 0.064959 0.262376 0.592193 
0.426839 0.058245 0.262099 0.584948 
0.442681 0.063508 0.255730 0.646462 
0.424330 0.058764 0.265699 0.602578 
0.435302 0.064704 0.248772 0.576383 
0.459886 0.068801 0.272115 0.628967 
0.402004 0.053027 0.264301 0.550526 
0.444203 0.058680 0.274465 0.558862 
0.447600 0.060992 0.280069 0.656071 
0.454272 0.065003 0.280957 0.592057 
0.434438 0.061015 0.259461 0.645937 
0.455322 0.064685 0.295381 0.635069 
0.440911 0.068336 0.289677 0.598065 
0.447838 0.065763 0.318796 0.635379 
0.459903 0.065403 0.311861 0.632114 
0.462798 0.078617 0.261149 0.651401 
0.447960 0.055527 0.300200 0.566330 
0.449197 0.077166 0.288689 0.688650 
0.435580 0.070249 0.245869 0.609584 
0.483296 0.077869 0.313900 0.666196 
0.472157 0.067277 0.269273 0.680698 
0.447109 0.062966 0.305690 0.613012 
0.435344 0.073103 0.244497 0.588281 
0.458239 0.080791 0.297967 0.727605 
0.460056 0.087133 0.301599 0.685971 
0.487063 0.090945 0.272600 0.758020 
0.475759 0.077273 0.297656 0.716750 
0.467883 0.090774 0.290220 0.709726 
0.489997 0.077210 0.330285 0.692668 
0.497479 0.088087 0.291121 0.723203 
0.497054 0.096145 0.261708 0.729756 
0.500191 0.075763 0.293137 0.663447 
0.483421 0.075970 0.277537 0.668906 
0.478000 0.091988 0.267255 0.740253 
0.469863 0.068734 0.318504 0.647080 
0.455149 0.079378 0.269217 0.668840 
0.449894 0.061401 0.276496 0.592797 
0.455924 0.061815 0.276778 0.599009 
0.457383 0.063012 0.301571 0.610110 
0.433858 0.059613 0.255417 0.581377 
0.446193 0.058842 0.280799 0.596813 
0.447964 0.058286 0.272602 0.574864 
0.428573 0.055570 0.285621 0.558164 
0.475562 0.076167 0.282608 0.689216 
0.464091 0.058182 0.287747 0.614262 
0.443393 0.055742 0.298868 0.594066 
0.464458 0.072159 0.276514 0.678024 
0.494257 0.079423 0.274965 0.704361 
0.456509 0.065697 0.278733 0.618582 
0.446545 0.066926 0.284635 0.591526 
0.470407 0.066783 0.296308 0.618727 
0.471875 0.062578 0.336219 0.648469 
0.449088 0.053749 0.307449 0.611577 
0.483379 0.055860 0.327267 0.623536 
0.473949 0.061563 0.317972 0.604203 
0.463346 0.056175 0.308718 0.588375 
0.507068 0.066929 0.349729 0.637314 
0.481732 0.065840 0.322572 0.641920 
0.462469 0.060117 0.310988 0.625586 
0.492911 0.073131 0.268371 0.686086 
0.475477 0.061722 0.288437 0.610552 
0.494499 0.065757 0.314394 0.614843 
0.458575 0.058262 0.289107 0.579041 
0.398538 0.054013 0.255408 0.526168 
0.398413 0.055552 0.264368 0.534355 
0.399579 0.061537 0.264560 0.540608 
0.401201 0.058279 0.241907 0.570047 
0.408228 0.056357 0.254994 0.554335 
0.401526 0.062376 0.236460 0.562510 
0.402682 0.067693 0.251800 0.597660 
0.400043 0.059492 0.239662 0.558804 
0.394061 0.058215 0.266628 0.543996 
0.397219 0.057107 0.271536 0.542385 
0.406395 0.063995 0.264242 0.581841 
0.404179 0.060642 0.248467 0.588042 
0.424472 0.066312 0.265138 0.573217 
