0.416195 0.093703 0.225755 0.614365 
0.419953 0.090770 0.225809 0.657723 
0.419384 0.103415 0.210022 0.676571 
0.437873 0.094828 0.242569 0.667115 
0.421378 0.100290 0.232293 0.638616 
0.424576 0.095758 0.232556 0.681505 
0.425026 0.089180 0.226166 0.637236 
0.406313 0.097247 0.216977 0.640499 
0.393843 0.093592 0.221612 0.598291 
0.408862 0.103039 0.207484 0.665173 
0.422081 0.091607 0.231757 0.639939 
0.402990 0.092326 0.218110 0.630398 
0.424991 0.094388 0.239731 0.682030 
0.477679 0.095764 0.268414 0.779445 
0.457753 0.098931 0.238514 0.705788 
0.451585 0.088852 0.248772 0.696323 
0.443074 0.100604 0.238956 0.743306 
0.451701 0.102435 0.245942 0.759243 
0.448936 0.102373 0.243882 0.745135 
0.451883 0.101950 0.247659 0.742518 
0.454915 0.105003 0.252945 0.767678 
0.438514 0.104039 0.228254 0.719115 
0.443835 0.103214 0.236026 0.752081 
0.480576 0.093577 0.245841 0.793408 
0.472302 0.096618 0.254040 0.750047 
0.430427 0.099408 0.227632 0.676635 
0.378373 0.108152 0.158865 0.604289 
0.408647 0.097120 0.215903 0.605051 
0.392718 0.108709 0.180075 0.642278 
0.446339 0.104960 0.242019 0.661079 
0.431140 0.106381 0.208624 0.668688 
0.436305 0.100408 0.227468 0.647947 
0.419993 0.103058 0.210040 0.654114 
0.401137 0.099423 0.198920 0.608141 
0.419757 0.110640 0.196048 0.665012 
0.412168 0.102856 0.220665 0.613743 
0.388269 0.105463 0.177392 0.600179 
0.370698 0.096631 0.188849 0.683826 
0.370558 0.090203 0.203238 0.673080 
0.394728 0.104229 0.208028 0.737712 
0.384349 0.089828 0.236803 0.642397 
0.374778 0.087292 0.209504 0.638256 
0.410230 0.102912 0.224484 0.727816 
0.376965 0.090490 0.220346 0.655985 
0.397832 0.098235 0.221406 0.704895 
0.382854 0.093336 0.221744 0.692472 
0.382535 0.098705 0.208600 0.695301 
0.393188 0.099943 0.214545 0.682679 
0.378050 0.100857 0.188583 0.669678 
0.419457 0.082698 0.196164 0.650986 
0.417786 0.065686 0.223498 0.592329 
0.429822 0.074399 0.198479 0.667326 
0.367234 0.071689 0.203609 0.558264 
0.414658 0.069227 0.216138 0.603858 
0.413092 0.082032 0.198667 0.685475 
0.415933 0.071818 0.224743 0.617521 
0.405084 0.074121 0.199861 0.625959 
0.420607 0.076426 0.192910 0.655241 
0.411116 0.077668 0.194595 0.679640 
0.424268 0.081428 0.217937 0.689755 
0.372779 0.108022 0.195934 0.665722 
0.404776 0.098371 0.240321 0.680373 
0.376110 0.099868 0.211528 0.658460 
0.387320 0.110763 0.222674 0.715733 
0.419671 0.104934 0.266250 0.747890 
0.386169 0.114337 0.213669 0.694563 
0.370147 0.103276 0.202393 0.641003 
0.390036 0.109439 0.208903 0.706122 
0.408936 0.110682 0.222295 0.707258 
0.397777 0.102757 0.225100 0.680971 
0.380010 0.085044 0.215467 0.649974 
0.358748 0.085863 0.214450 0.601480 
0.369445 0.095800 0.174645 0.624891 
0.376351 0.088794 0.221102 0.634960 
0.374343 0.093202 0.211306 0.672680 
0.389633 0.087528 0.199763 0.648302 
0.345721 0.092257 0.157640 0.594564 
0.374455 0.091246 0.215185 0.633172 
0.365388 0.091040 0.209429 0.633303 
0.356158 0.095255 0.209686 0.615968 
0.372578 0.086382 0.193415 0.636868 
0.354626 0.090777 0.171941 0.601581 
0.370945 0.089757 0.218184 0.586516 
0.391190 0.090167 0.215150 0.693628 
0.365490 0.086263 0.206710 0.582284 
0.369658 0.105172 0.199329 0.675177 
0.403621 0.084442 0.250988 0.724527 
0.406145 0.076906 0.234842 0.653774 
0.401985 0.089736 0.243596 0.704872 
0.392502 0.091310 0.234303 0.645729 
0.414615 0.079392 0.248568 0.659637 
0.410863 0.095124 0.237378 0.710670 
0.402339 0.080010 0.234943 0.652663 
0.433480 0.087578 0.226006 0.697193 
0.405019 0.095925 0.211815 0.628255 
0.394197 0.092230 0.227933 0.686285 
0.404209 0.084056 0.240270 0.670533 
0.428910 0.088956 0.243377 0.745039 
0.425464 0.092292 0.250157 0.661618 
0.432186 0.082442 0.243098 0.710290 
0.396257 0.084790 0.228770 0.655704 
0.399142 0.087396 0.229591 0.667208 
0.385022 0.101001 0.210939 0.679333 
0.392499 0.086327 0.236451 0.628622 
0.414738 0.082353 0.232033 0.633027 
0.398163 0.091702 0.238882 0.635712 
0.428431 0.083428 0.231129 0.637721 
0.411866 0.081953 0.222261 0.608153 
0.389804 0.090648 0.216597 0.601893 
0.404833 0.085960 0.230424 0.639130 
0.380025 0.083987 0.215407 0.596817 
0.402172 0.084892 0.225175 0.640798 
0.376930 0.082971 0.187441 0.589199 
0.405922 0.084689 0.222801 0.627017 
0.373128 0.088466 0.201479 0.644471 
0.379716 0.087643 0.207589 0.631862 
0.394602 0.082814 0.211520 0.643545 
0.387135 0.076703 0.220869 0.641842 
0.382252 0.083568 0.238321 0.655012 
0.392506 0.083440 0.233577 0.697663 
0.382244 0.077370 0.192413 0.673714 
0.391983 0.088757 0.198775 0.647009 
0.350991 0.074471 0.200905 0.638897 
0.387927 0.082539 0.206345 0.680986 
0.399663 0.079033 0.230596 0.641268 
0.389994 0.089298 0.219005 0.693704 
0.385696 0.083608 0.217181 0.679946 
0.370879 0.076402 0.203657 0.588302 
0.368176 0.069178 0.214993 0.622590 
0.380684 0.077947 0.202955 0.610596 
0.366314 0.073285 0.196469 0.593180 
0.379067 0.078014 0.205805 0.602344 
0.374628 0.083227 0.208156 0.604352 
0.359548 0.083104 0.198622 0.626027 
0.378656 0.088184 0.220050 0.640964 
0.374398 0.072198 0.194926 0.597853 
0.368541 0.082770 0.205981 0.619059 
0.367254 0.081259 0.210853 0.587023 
0.356646 0.070429 0.203784 0.577545 
0.363926 0.071102 0.220779 0.631942 
0.395887 0.063081 0.206704 0.622226 
0.388848 0.064826 0.212136 0.626990 
0.378788 0.077635 0.218304 0.589203 
0.406890 0.081515 0.229926 0.684999 
0.417794 0.083743 0.223543 0.659010 
0.374472 0.080366 0.213587 0.637210 
0.378147 0.077380 0.211267 0.611740 
0.444174 0.086566 0.226191 0.695529 
0.395131 0.078133 0.203775 0.604770 
0.367647 0.073470 0.212507 0.631152 
0.386809 0.074966 0.203356 0.641128 
0.369024 0.076189 0.219739 0.606619 
0.391857 0.075493 0.241008 0.619258 
0.383859 0.071436 0.218495 0.633812 
0.383597 0.072000 0.224541 0.621348 
0.374274 0.078264 0.204167 0.607630 
0.392576 0.079653 0.221707 0.662508 
0.367851 0.077393 0.221443 0.641287 
0.378844 0.067381 0.224927 0.639873 
0.362373 0.077324 0.200612 0.622649 
0.364940 0.075968 0.207557 0.651744 
0.369576 0.072013 0.221419 0.619975 
0.379914 0.071390 0.226616 0.623465 
0.390941 0.073855 0.232343 0.622137 
0.376060 0.074190 0.203770 0.660983 
0.387602 0.103222 0.205334 0.623397 
0.375155 0.080914 0.211861 0.601904 
0.390597 0.101666 0.197123 0.656761 
0.380932 0.093914 0.182854 0.677187 
0.399669 0.092775 0.204508 0.634615 
0.411482 0.108946 0.194349 0.669453 
0.396373 0.098310 0.208706 0.646645 
0.402914 0.098865 0.231911 0.669535 
0.382572 0.092752 0.199395 0.645698 
0.385841 0.102832 0.185558 0.629814 
0.399725 0.100507 0.215372 0.692252 
0.376304 0.100502 0.178304 0.600630 
0.419458 0.095303 0.222427 0.701896 
0.374710 0.102225 0.190329 0.642755 
0.324846 0.060146 0.191475 0.566210 
0.348177 0.069974 0.192103 0.606154 
0.371443 0.078181 0.205508 0.616206 
0.360090 0.071921 0.184283 0.594770 
0.362222 0.080578 0.221133 0.586779 
0.374944 0.079499 0.231239 0.593271 
0.341292 0.087008 0.195044 0.569833 
0.353495 0.069331 0.213831 0.573941 
0.322510 0.063455 0.193411 0.606705 
0.343207 0.082831 0.196804 0.593360 
0.332911 0.074502 0.192562 0.608337 
0.342710 0.071519 0.215429 0.593204 
0.348653 0.070917 0.189100 0.595039 
