0.525390 0.117206 0.334593 0.711580 
0.495508 0.109203 0.310976 0.669756 
0.507902 0.110981 0.332833 0.685118 
0.526482 0.123286 0.321559 0.740476 
0.519801 0.116267 0.318067 0.696490 
0.542074 0.115978 0.354506 0.718283 
0.523529 0.127587 0.313733 0.712110 
0.506139 0.109790 0.321644 0.690767 
0.497454 0.109108 0.319099 0.680013 
0.507496 0.112409 0.321454 0.684070 
0.517185 0.117481 0.326164 0.708811 
0.503582 0.112574 0.320936 0.696472 
0.527104 0.118371 0.319046 0.698443 
0.555860 0.074051 0.357669 0.718298 
0.565639 0.081714 0.348579 0.720637 
0.556058 0.076187 0.325490 0.701756 
0.549846 0.074839 0.321651 0.734937 
0.550961 0.073330 0.331708 0.698567 
0.566538 0.075302 0.324363 0.741989 
0.579944 0.080024 0.350903 0.763825 
0.573158 0.080023 0.360663 0.740546 
0.562451 0.071586 0.363202 0.721324 
0.544279 0.077322 0.354906 0.716707 
0.564717 0.078273 0.375073 0.731630 
0.545630 0.069308 0.362025 0.705761 
0.544157 0.071572 0.354607 0.733922 
0.495695 0.065501 0.291480 0.649636 
0.511894 0.075008 0.304501 0.688858 
0.512750 0.067126 0.298073 0.658418 
0.560644 0.076449 0.345197 0.756158 
0.560285 0.073790 0.354929 0.735646 
0.552573 0.075075 0.320908 0.707448 
0.539276 0.072340 0.324629 0.711821 
0.527312 0.077281 0.304479 0.706554 
0.556615 0.076292 0.334884 0.722957 
0.538164 0.078845 0.341955 0.750496 
0.519301 0.068169 0.295567 0.664575 
0.537602 0.114499 0.351541 0.752463 
0.537925 0.119452 0.321315 0.747407 
0.539664 0.115360 0.342091 0.727381 
0.534466 0.116665 0.351993 0.752024 
0.543407 0.119458 0.312668 0.776907 
0.548562 0.115048 0.375595 0.763966 
0.535251 0.115884 0.347491 0.734692 
0.534637 0.113356 0.338209 0.728407 
0.544644 0.114127 0.371172 0.739565 
0.525538 0.108944 0.303346 0.715348 
0.532911 0.116840 0.335592 0.740521 
0.531904 0.113294 0.330436 0.729945 
0.505758 0.116804 0.234811 0.742223 
0.493245 0.115467 0.285933 0.758789 
0.496068 0.107013 0.279088 0.755455 
0.471321 0.101377 0.234105 0.702111 
0.479780 0.121817 0.236431 0.712243 
0.472404 0.111862 0.203775 0.739644 
0.486360 0.119137 0.249694 0.764701 
0.476535 0.111711 0.259763 0.707533 
0.494983 0.115894 0.267162 0.727562 
0.481348 0.111303 0.254748 0.775005 
0.497787 0.104474 0.276209 0.710160 
0.536220 0.088335 0.310598 0.717991 
0.546050 0.088138 0.355109 0.713826 
0.533609 0.089557 0.318820 0.723257 
0.545618 0.091102 0.312189 0.712499 
0.550678 0.090209 0.335067 0.749667 
0.545398 0.090075 0.323960 0.723466 
0.534314 0.086239 0.324764 0.731327 
0.540691 0.088396 0.348436 0.725073 
0.547739 0.082638 0.348904 0.698019 
0.545313 0.087366 0.330400 0.718666 
0.499862 0.101273 0.286356 0.729423 
0.496518 0.090482 0.320955 0.706482 
0.493847 0.096381 0.284064 0.696720 
0.513681 0.103612 0.282262 0.762219 
0.510356 0.107858 0.279908 0.709382 
0.525969 0.104564 0.328570 0.760428 
0.495213 0.094170 0.316308 0.733619 
0.493536 0.096376 0.307061 0.716291 
0.506159 0.098224 0.268880 0.740702 
0.500966 0.101002 0.260377 0.736694 
0.504596 0.103293 0.308316 0.710024 
0.489033 0.091530 0.298221 0.682813 
0.520578 0.097123 0.301757 0.757965 
0.486140 0.102122 0.278901 0.660266 
0.492042 0.095812 0.303892 0.696268 
0.493186 0.096940 0.295332 0.703581 
0.548087 0.110997 0.321084 0.745867 
0.553492 0.118738 0.370405 0.790026 
0.570437 0.124790 0.302896 0.781888 
0.568546 0.115751 0.314809 0.769145 
0.560035 0.117775 0.311125 0.749880 
0.567368 0.114938 0.349754 0.766061 
0.559760 0.112522 0.302315 0.780892 
0.561443 0.110746 0.311107 0.763752 
0.544967 0.112116 0.316958 0.746493 
0.541389 0.111296 0.311298 0.753960 
0.557559 0.111279 0.323352 0.791797 
0.557541 0.113918 0.329601 0.781243 
0.568467 0.113144 0.339784 0.789320 
0.552602 0.121764 0.348076 0.767602 
0.525179 0.099841 0.300646 0.733628 
0.524129 0.101960 0.301472 0.719243 
0.526488 0.106434 0.295363 0.758569 
0.524452 0.120066 0.303078 0.730516 
0.512616 0.105733 0.297706 0.731164 
0.530924 0.100000 0.298859 0.716222 
0.511745 0.092591 0.283185 0.726076 
0.532050 0.112559 0.293996 0.758895 
0.530670 0.100244 0.301752 0.733817 
0.534837 0.099128 0.294154 0.725914 
0.520056 0.103988 0.287312 0.699631 
0.518936 0.104129 0.290424 0.719293 
0.527639 0.100370 0.309974 0.725540 
0.529585 0.105336 0.298281 0.768145 
0.495279 0.104855 0.329319 0.677064 
0.505786 0.094491 0.298021 0.672930 
0.514123 0.117782 0.324525 0.708582 
0.514226 0.103524 0.332853 0.674427 
0.497879 0.100630 0.332295 0.681389 
0.512309 0.090053 0.346656 0.651361 
0.505908 0.098550 0.336865 0.669569 
0.514330 0.110231 0.274914 0.701412 
0.498705 0.096291 0.314284 0.674089 
0.500692 0.107944 0.317453 0.681107 
0.506854 0.109070 0.320676 0.675422 
0.521605 0.108144 0.332029 0.720712 
0.522279 0.116280 0.327534 0.705272 
0.471966 0.066625 0.263953 0.614122 
0.480007 0.065581 0.274869 0.645665 
0.492981 0.073596 0.285155 0.620256 
0.461986 0.079427 0.310754 0.611810 
0.466576 0.065153 0.299313 0.591201 
0.487634 0.079516 0.270123 0.640297 
0.479773 0.082230 0.274463 0.627011 
0.456021 0.060568 0.284366 0.560016 
0.476345 0.076628 0.293666 0.614550 
0.474507 0.082783 0.250365 0.625656 
0.480578 0.070490 0.294176 0.624843 
0.445277 0.069302 0.293015 0.576689 
0.492793 0.068570 0.320309 0.623789 
0.500596 0.071559 0.306950 0.622527 
0.492015 0.076281 0.314667 0.655627 
0.519839 0.075317 0.340312 0.664880 
0.517923 0.067467 0.325953 0.684816 
0.533547 0.084131 0.298021 0.690536 
0.504175 0.071238 0.328277 0.663603 
0.507397 0.074282 0.322420 0.654353 
0.547610 0.080372 0.348232 0.706887 
0.512145 0.071440 0.336925 0.667564 
0.498978 0.068846 0.328952 0.650019 
0.498417 0.073570 0.315313 0.640668 
0.488873 0.079216 0.281045 0.672734 
0.543595 0.095601 0.235832 0.699967 
0.526910 0.093501 0.226180 0.689623 
0.528211 0.087266 0.247002 0.676872 
0.520632 0.100982 0.229742 0.706974 
0.548044 0.100485 0.233106 0.716470 
0.530552 0.089684 0.257351 0.699327 
0.541524 0.094092 0.232179 0.709669 
0.533261 0.092184 0.266643 0.721984 
0.531358 0.084046 0.229094 0.676113 
0.533236 0.090996 0.236400 0.706716 
0.541827 0.085022 0.241399 0.695055 
0.544045 0.092704 0.230159 0.702135 
0.536741 0.083756 0.244354 0.681037 
0.552037 0.119082 0.277081 0.801703 
0.532431 0.124728 0.270753 0.785300 
0.559933 0.120949 0.290434 0.798384 
0.546000 0.124921 0.295006 0.808868 
0.563487 0.130277 0.276480 0.804291 
0.558993 0.129431 0.244099 0.793527 
0.560935 0.126565 0.259522 0.793475 
0.563673 0.137402 0.260546 0.810897 
0.542868 0.126464 0.243474 0.762414 
0.555865 0.124561 0.280878 0.812902 
0.540890 0.121327 0.264914 0.757650 
0.549878 0.130620 0.257457 0.772676 
0.566362 0.128139 0.299765 0.814544 
0.534262 0.133042 0.252390 0.780086 
0.471752 0.096586 0.266099 0.658001 
0.474169 0.115056 0.276943 0.718767 
0.472878 0.119688 0.264116 0.703812 
0.478874 0.102109 0.262706 0.712401 
0.481377 0.102250 0.221390 0.686016 
0.485006 0.121433 0.287577 0.710249 
0.477546 0.111117 0.277595 0.707808 
0.483153 0.117454 0.255442 0.739795 
0.474853 0.119670 0.270454 0.743252 
0.495479 0.106963 0.268777 0.729132 
0.484042 0.107730 0.255598 0.675730 
0.482034 0.106763 0.278770 0.713645 
0.478595 0.109277 0.266730 0.683317 
