0.538615 0.090024 0.292405 0.793420 
0.538940 0.092157 0.295291 0.754970 
0.545786 0.088520 0.279139 0.758390 
0.548925 0.095999 0.278923 0.808324 
0.553878 0.092070 0.257133 0.790243 
0.551661 0.091468 0.259484 0.801820 
0.536421 0.091414 0.236943 0.782675 
0.525271 0.094139 0.278504 0.784110 
0.516758 0.090379 0.235507 0.736785 
0.534567 0.096659 0.250204 0.801602 
0.525736 0.095889 0.248547 0.797933 
0.543098 0.094466 0.255341 0.810731 
0.544650 0.093714 0.293850 0.812992 
0.573219 0.086775 0.359276 0.779666 
0.556517 0.085029 0.338633 0.778311 
0.567949 0.089081 0.357227 0.786628 
0.550018 0.086513 0.293133 0.771213 
0.551961 0.084312 0.329574 0.763115 
0.562120 0.089788 0.355357 0.770265 
0.553723 0.089653 0.304975 0.790092 
0.566658 0.088521 0.341401 0.802817 
0.551426 0.088718 0.356554 0.760484 
0.549959 0.088653 0.361499 0.753692 
0.569168 0.090585 0.306764 0.785250 
0.552142 0.090915 0.337583 0.755363 
0.541766 0.090785 0.312631 0.784650 
0.524680 0.099447 0.237727 0.751022 
0.549620 0.091373 0.251655 0.751380 
0.534545 0.100980 0.225857 0.752878 
0.570022 0.098404 0.255175 0.791051 
0.554573 0.096621 0.284745 0.768097 
0.572260 0.101763 0.271074 0.797305 
0.548519 0.096921 0.276483 0.758241 
0.500991 0.087238 0.240805 0.713809 
0.543872 0.096542 0.293415 0.738193 
0.530258 0.091181 0.284251 0.742881 
0.526668 0.098271 0.237481 0.745754 
0.476067 0.075226 0.255189 0.683641 
0.478750 0.077625 0.253532 0.701658 
0.485133 0.071070 0.278600 0.680983 
0.473736 0.073792 0.288549 0.703567 
0.474725 0.073469 0.257598 0.695972 
0.520640 0.077135 0.340437 0.748607 
0.478926 0.073441 0.288074 0.675200 
0.510225 0.074726 0.291030 0.700621 
0.483916 0.077835 0.257372 0.707706 
0.480190 0.071995 0.256161 0.669165 
0.485860 0.073936 0.296722 0.691889 
0.475525 0.067696 0.300660 0.648595 
0.556202 0.093144 0.294874 0.752759 
0.531907 0.100324 0.242982 0.745514 
0.560233 0.094642 0.263378 0.753590 
0.524875 0.095938 0.185169 0.707132 
0.548558 0.092806 0.260151 0.738384 
0.559332 0.090814 0.312561 0.750557 
0.538284 0.101477 0.196545 0.745085 
0.553713 0.097569 0.217757 0.774452 
0.557348 0.096169 0.234752 0.742951 
0.541149 0.092138 0.252770 0.743266 
0.552810 0.093896 0.283180 0.752469 
0.515023 0.084020 0.281447 0.720007 
0.542015 0.081798 0.327003 0.732771 
0.498122 0.083338 0.254454 0.690244 
0.508261 0.088499 0.277605 0.743305 
0.549393 0.084383 0.324969 0.770136 
0.514193 0.087048 0.285808 0.724305 
0.504049 0.083212 0.274746 0.711842 
0.518381 0.088237 0.273757 0.717740 
0.568871 0.084773 0.348400 0.773075 
0.533116 0.086132 0.327841 0.729986 
0.478288 0.089892 0.266957 0.724340 
0.487872 0.092674 0.266608 0.719063 
0.484747 0.091129 0.288542 0.731656 
0.478457 0.096227 0.262413 0.709728 
0.473406 0.096583 0.286682 0.761288 
0.493678 0.093868 0.297000 0.788151 
0.462673 0.096580 0.255096 0.727736 
0.476164 0.094566 0.271828 0.740108 
0.473316 0.094025 0.282901 0.726093 
0.466514 0.088653 0.277403 0.755000 
0.482918 0.097776 0.255948 0.741938 
0.462941 0.090629 0.236665 0.677704 
0.476385 0.098565 0.259131 0.715979 
0.494131 0.097242 0.291511 0.733825 
0.461384 0.090145 0.280411 0.697191 
0.491034 0.092705 0.273569 0.693926 
0.540177 0.092883 0.298139 0.756406 
0.566463 0.087853 0.321665 0.787568 
0.563797 0.091633 0.294907 0.777178 
0.567402 0.096044 0.299120 0.786770 
0.568037 0.086186 0.310777 0.785803 
0.582355 0.090496 0.353928 0.810456 
0.560073 0.092008 0.346344 0.808720 
0.587638 0.088213 0.357035 0.817036 
0.568232 0.092099 0.334874 0.809073 
0.575388 0.093630 0.330485 0.799418 
0.572807 0.095389 0.319550 0.812085 
0.573450 0.090082 0.314457 0.796721 
0.577311 0.091838 0.348089 0.810429 
0.578165 0.092377 0.361488 0.801568 
0.519732 0.086585 0.246317 0.738338 
0.525120 0.083919 0.248209 0.732201 
0.507005 0.081360 0.277314 0.755531 
0.524370 0.088222 0.258830 0.714851 
0.535341 0.095943 0.269375 0.766593 
0.514617 0.084756 0.231383 0.704031 
0.525846 0.087205 0.228902 0.737246 
0.556179 0.093155 0.199789 0.752430 
0.523445 0.079629 0.285947 0.723907 
0.533312 0.089064 0.315193 0.751008 
0.506119 0.084960 0.246882 0.688875 
0.526161 0.089350 0.274361 0.767661 
0.497782 0.086541 0.251545 0.728433 
0.511268 0.083136 0.269684 0.716653 
0.518092 0.085851 0.285197 0.716437 
0.531401 0.083165 0.298950 0.728249 
0.523098 0.084767 0.235514 0.682894 
0.526840 0.085584 0.295481 0.712053 
0.514063 0.077573 0.278541 0.695692 
0.516850 0.084225 0.217585 0.686972 
0.516995 0.082126 0.207960 0.712733 
0.523081 0.086060 0.238612 0.704021 
0.516991 0.086114 0.244350 0.721869 
0.530826 0.084354 0.257234 0.716809 
0.521925 0.087208 0.248127 0.705318 
0.515970 0.082436 0.236205 0.707646 
0.532582 0.086201 0.267087 0.751557 
0.476775 0.080988 0.237047 0.657857 
0.474805 0.084058 0.248628 0.681646 
0.465707 0.080765 0.265586 0.659155 
0.478367 0.083616 0.264061 0.687448 
0.480049 0.080763 0.284570 0.679594 
0.472367 0.082552 0.223665 0.647825 
0.465303 0.080205 0.268500 0.644124 
0.467134 0.077881 0.247951 0.645280 
0.468424 0.080714 0.261561 0.662070 
0.465564 0.078924 0.257965 0.661091 
0.463168 0.079193 0.259696 0.643741 
0.459797 0.077075 0.253201 0.643718 
0.509906 0.101395 0.197649 0.775398 
0.526138 0.103179 0.212213 0.746223 
0.546130 0.103353 0.268185 0.791403 
0.556647 0.100046 0.276817 0.800954 
0.549250 0.101204 0.310785 0.782764 
0.547216 0.088126 0.292886 0.741294 
0.542378 0.098024 0.279250 0.773075 
0.563070 0.102151 0.281324 0.810803 
0.578673 0.096828 0.283932 0.782844 
0.568881 0.096076 0.259265 0.800648 
0.529708 0.095004 0.282491 0.753631 
0.547761 0.095404 0.260905 0.785965 
0.514686 0.090173 0.278838 0.734617 
0.516317 0.080637 0.268274 0.747235 
0.532183 0.089603 0.240339 0.792525 
0.517247 0.084849 0.255192 0.766767 
0.525686 0.087376 0.287809 0.771348 
0.527934 0.086290 0.265966 0.798133 
0.518163 0.085656 0.267260 0.729574 
0.508353 0.082541 0.260355 0.712275 
0.520530 0.084993 0.262162 0.761829 
0.528050 0.083955 0.266223 0.707096 
0.508004 0.088105 0.290183 0.738204 
0.512364 0.084495 0.231597 0.706542 
0.545873 0.088914 0.291469 0.740871 
0.518264 0.093127 0.216422 0.748849 
0.525330 0.089183 0.317599 0.757050 
0.536850 0.101494 0.260074 0.775963 
0.541890 0.097066 0.268319 0.769898 
0.529540 0.092883 0.303844 0.766465 
0.549688 0.100922 0.304701 0.805517 
0.543095 0.094252 0.279945 0.777942 
0.531069 0.093500 0.313176 0.778769 
0.556037 0.095139 0.314933 0.771278 
0.523606 0.090607 0.287521 0.765926 
0.529322 0.096445 0.283839 0.773605 
0.546622 0.097666 0.271152 0.808862 
0.536027 0.088164 0.310178 0.763006 
0.555977 0.095296 0.328995 0.787856 
0.522303 0.097594 0.281826 0.774577 
0.490137 0.084477 0.284195 0.727555 
0.484251 0.079756 0.234421 0.717224 
0.505495 0.084193 0.272007 0.751294 
0.493443 0.082323 0.255165 0.724099 
0.489195 0.089463 0.269000 0.761548 
0.494343 0.074785 0.279615 0.741866 
0.483185 0.079111 0.296947 0.742975 
0.480936 0.076315 0.265461 0.699352 
0.475593 0.084188 0.281681 0.691597 
0.497647 0.087338 0.289029 0.779365 
0.469258 0.076628 0.263287 0.673377 
0.465213 0.080004 0.273226 0.697598 
0.476240 0.075486 0.253672 0.679681 
