0.482699 0.056634 0.351957 0.602735 
0.458106 0.061221 0.341317 0.593513 
0.485377 0.067822 0.347719 0.650057 
0.478934 0.071665 0.326730 0.627071 
0.483155 0.062052 0.345944 0.601108 
0.470164 0.063407 0.346643 0.606624 
0.466392 0.055536 0.341172 0.562108 
0.466426 0.059540 0.329808 0.593922 
0.443104 0.051872 0.337097 0.552757 
0.468338 0.053408 0.351560 0.568038 
0.464903 0.063699 0.334856 0.597052 
0.435728 0.052157 0.331674 0.575237 
0.492732 0.064940 0.361772 0.629673 
0.561790 0.075339 0.412064 0.723053 
0.537128 0.073412 0.383445 0.683526 
0.515476 0.072897 0.373192 0.665635 
0.529176 0.074823 0.357648 0.695336 
0.544825 0.068799 0.386673 0.695932 
0.529641 0.071322 0.376408 0.685549 
0.541892 0.070764 0.393349 0.648095 
0.560581 0.072804 0.393873 0.703372 
0.533110 0.074693 0.376177 0.693269 
0.530375 0.067982 0.374849 0.674196 
0.566387 0.087460 0.379837 0.766997 
0.540904 0.074955 0.396441 0.687275 
0.511885 0.071064 0.377580 0.651316 
0.423776 0.048258 0.334423 0.536296 
0.441306 0.048664 0.333370 0.548662 
0.462111 0.051483 0.349271 0.614624 
0.491664 0.058579 0.363374 0.627219 
0.491684 0.052006 0.387280 0.620563 
0.484057 0.057219 0.382685 0.600003 
0.488955 0.056534 0.389462 0.602061 
0.435603 0.051426 0.322634 0.538378 
0.484034 0.055122 0.374109 0.587365 
0.454275 0.045911 0.346771 0.561575 
0.432385 0.056218 0.355741 0.565758 
0.463100 0.068860 0.313018 0.605635 
0.450720 0.066859 0.308635 0.581005 
0.511112 0.078273 0.314945 0.642189 
0.465030 0.072502 0.314716 0.603008 
0.464122 0.065414 0.313430 0.601608 
0.492077 0.086337 0.316988 0.678115 
0.467331 0.071083 0.317072 0.575112 
0.479717 0.073772 0.323053 0.673107 
0.467215 0.071004 0.305566 0.614929 
0.485858 0.072527 0.322920 0.630304 
0.487343 0.078576 0.329528 0.653542 
0.479258 0.068755 0.329798 0.592610 
0.466774 0.074264 0.289044 0.612303 
0.449564 0.058577 0.324993 0.552255 
0.471980 0.071432 0.310893 0.620979 
0.413518 0.052672 0.295105 0.531861 
0.468353 0.057931 0.324280 0.562389 
0.471025 0.066925 0.297419 0.615811 
0.462750 0.063900 0.314296 0.586850 
0.456074 0.063245 0.324289 0.593434 
0.485313 0.061591 0.324474 0.608928 
0.461215 0.059109 0.325464 0.578393 
0.490673 0.075166 0.317841 0.635682 
0.486193 0.081309 0.302515 0.614904 
0.503928 0.083207 0.342961 0.671424 
0.486045 0.076398 0.310716 0.647135 
0.508052 0.081658 0.339451 0.678496 
0.527195 0.091065 0.375796 0.702543 
0.496999 0.076268 0.338099 0.626241 
0.471659 0.081265 0.311939 0.632468 
0.495737 0.079012 0.330086 0.632384 
0.515344 0.082895 0.330921 0.663335 
0.508822 0.079853 0.327854 0.665623 
0.489522 0.060311 0.374113 0.620138 
0.464629 0.050986 0.343067 0.553147 
0.461085 0.061715 0.319237 0.588697 
0.470570 0.059707 0.348063 0.595381 
0.481314 0.068841 0.337566 0.629809 
0.503273 0.070641 0.363557 0.656845 
0.440609 0.056989 0.322557 0.555740 
0.476161 0.059015 0.361806 0.603170 
0.457240 0.058548 0.347575 0.589749 
0.454005 0.055662 0.341582 0.575039 
0.464162 0.055295 0.359143 0.581997 
0.453694 0.057000 0.324209 0.573506 
0.470560 0.046672 0.363193 0.553777 
0.499521 0.069026 0.366252 0.661796 
0.458845 0.053676 0.339539 0.564093 
0.492433 0.063128 0.355780 0.639156 
0.467243 0.084404 0.334971 0.657600 
0.448360 0.082419 0.319960 0.657696 
0.468815 0.088936 0.332770 0.698607 
0.437650 0.076621 0.314045 0.593559 
0.449443 0.073339 0.320424 0.628327 
0.470168 0.083575 0.290832 0.639377 
0.440174 0.073140 0.332297 0.584705 
0.481347 0.093839 0.342768 0.665871 
0.461806 0.075846 0.319672 0.597603 
0.481654 0.083584 0.323748 0.674894 
0.454025 0.083479 0.322178 0.614205 
0.478311 0.089016 0.317760 0.657275 
0.471882 0.089202 0.319960 0.629705 
0.453127 0.085918 0.314468 0.611545 
0.478738 0.068018 0.322875 0.666846 
0.468246 0.059164 0.319937 0.595693 
0.465606 0.063709 0.332487 0.591459 
0.455907 0.068110 0.322920 0.583150 
0.497360 0.080710 0.309628 0.616556 
0.503478 0.069968 0.358793 0.635712 
0.513808 0.079805 0.322542 0.638403 
0.456336 0.060904 0.323725 0.571322 
0.449552 0.069615 0.300859 0.566629 
0.477908 0.068799 0.336600 0.622412 
0.441060 0.066499 0.311125 0.571976 
0.461664 0.067150 0.317331 0.597290 
0.450647 0.071216 0.302436 0.579150 
0.478964 0.077520 0.293654 0.626805 
0.470294 0.049142 0.355556 0.590418 
0.477711 0.052194 0.363213 0.607120 
0.470193 0.046481 0.355181 0.539888 
0.458500 0.043486 0.358490 0.538902 
0.473426 0.049909 0.360311 0.576715 
0.518628 0.067360 0.363055 0.675113 
0.466650 0.045408 0.361605 0.557876 
0.501798 0.057469 0.368018 0.594760 
0.410915 0.032167 0.331433 0.466554 
0.476571 0.052216 0.367664 0.574694 
0.487098 0.054759 0.355635 0.579820 
0.485096 0.058606 0.351352 0.615818 
0.502955 0.057724 0.370285 0.596623 
0.399859 0.060586 0.281309 0.549942 
0.393772 0.055508 0.293920 0.518556 
0.411960 0.061889 0.276744 0.550948 
0.402464 0.057068 0.285279 0.536737 
0.414129 0.061048 0.304112 0.555993 
0.420669 0.057612 0.301963 0.537913 
0.410316 0.058183 0.296696 0.543305 
0.432110 0.068482 0.293624 0.590374 
0.411971 0.058458 0.299376 0.544671 
0.410537 0.057242 0.296211 0.576181 
0.395961 0.058067 0.285841 0.533968 
0.382082 0.053342 0.258862 0.523586 
0.413241 0.056843 0.320986 0.538138 
0.428489 0.057469 0.306808 0.539303 
0.424925 0.061523 0.316681 0.528825 
0.441276 0.065337 0.327508 0.581568 
0.449916 0.085885 0.309174 0.633114 
0.504894 0.072033 0.362409 0.644413 
0.432326 0.074325 0.315824 0.589732 
0.439884 0.074034 0.313687 0.607504 
0.505720 0.072574 0.363860 0.647583 
0.454840 0.070258 0.332541 0.605958 
0.419921 0.056288 0.324121 0.520547 
0.442143 0.064660 0.309879 0.574683 
0.426088 0.067789 0.313720 0.581887 
0.435818 0.057395 0.319753 0.566125 
0.409066 0.045505 0.316411 0.507775 
0.402132 0.047323 0.298744 0.500170 
0.395808 0.049486 0.306769 0.515670 
0.415789 0.052810 0.294218 0.527592 
0.389503 0.054142 0.288730 0.520581 
0.381032 0.044688 0.274990 0.458724 
0.382639 0.063361 0.278109 0.544239 
0.392622 0.047647 0.256390 0.479281 
0.399088 0.048421 0.290827 0.501724 
0.417725 0.050126 0.309351 0.542089 
0.411714 0.048994 0.316396 0.547003 
0.403299 0.041881 0.306100 0.490345 
0.471748 0.056679 0.353753 0.589378 
0.445920 0.048858 0.358764 0.552955 
0.486235 0.061488 0.368382 0.625535 
0.460966 0.049022 0.369196 0.563841 
0.468399 0.054905 0.353880 0.570359 
0.502782 0.063758 0.376677 0.628401 
0.480380 0.061376 0.341332 0.590895 
0.494589 0.072211 0.374107 0.660828 
0.450797 0.053834 0.333856 0.580489 
0.466974 0.049516 0.371549 0.560523 
0.498229 0.065257 0.368958 0.634153 
0.468557 0.051041 0.352480 0.566414 
0.484399 0.061272 0.347865 0.621220 
0.465007 0.059482 0.367480 0.596729 
0.368129 0.029764 0.313008 0.442945 
0.402706 0.051810 0.315264 0.524024 
0.448250 0.062365 0.305661 0.585590 
0.427549 0.052785 0.306256 0.522798 
0.430151 0.056555 0.289787 0.516225 
0.460887 0.071613 0.292659 0.563593 
0.432760 0.049439 0.301960 0.511908 
0.421575 0.048939 0.305705 0.549174 
0.376059 0.038405 0.295428 0.444873 
0.407918 0.049674 0.298220 0.490749 
0.409146 0.046238 0.318225 0.516612 
0.408900 0.057688 0.299507 0.531269 
0.406196 0.048805 0.289664 0.504984 
