0.489239 0.017795 0.466782 0.511337 
0.505187 0.025473 0.458648 0.540811 
0.569392 0.039504 0.492249 0.616272 
0.554009 0.029618 0.504696 0.589602 
0.515484 0.014901 0.496957 0.542426 
0.575836 0.038473 0.501136 0.617984 
0.550661 0.027097 0.496149 0.580314 
0.547246 0.039902 0.471501 0.589843 
0.518152 0.023390 0.469444 0.537597 
0.580703 0.028665 0.541762 0.625423 
0.495195 0.013764 0.475757 0.515936 
0.535546 0.026825 0.481437 0.566047 
0.544688 0.019303 0.506712 0.565605 
0.559588 0.036569 0.486509 0.595890 
0.504269 0.024660 0.458907 0.531860 
0.528880 0.030156 0.468816 0.560069 
0.493851 0.029541 0.449671 0.540726 
0.528480 0.040434 0.462647 0.587522 
0.519253 0.038867 0.450975 0.572908 
0.496260 0.032625 0.455752 0.542839 
0.513623 0.024770 0.466775 0.545024 
0.541622 0.031972 0.494403 0.589169 
0.505636 0.034047 0.440670 0.549200 
0.521383 0.043800 0.460657 0.582465 
0.525635 0.040514 0.448165 0.572206 
0.496470 0.037870 0.442072 0.551057 
0.574344 0.014730 0.561218 0.605404 
0.573745 0.013355 0.560212 0.591368 
0.602699 0.016902 0.577313 0.620803 
0.577033 0.018560 0.556143 0.608930 
0.587865 0.017543 0.566374 0.617570 
0.594782 0.027725 0.550691 0.637335 
0.594376 0.027611 0.544497 0.633084 
0.538707 0.017419 0.520818 0.565821 
0.621628 0.029426 0.574584 0.669773 
0.569842 0.018533 0.542419 0.594005 
0.573512 0.028223 0.522476 0.616148 
0.503138 0.024659 0.453922 0.535186 
0.495957 0.023873 0.460332 0.532545 
0.505400 0.021815 0.463196 0.527816 
0.500763 0.028382 0.453557 0.546585 
0.496350 0.023682 0.450914 0.529792 
0.550757 0.022362 0.510320 0.584698 
0.514061 0.017667 0.486579 0.539829 
0.539428 0.018783 0.504859 0.567092 
0.511033 0.019525 0.481573 0.535274 
0.544942 0.038633 0.485621 0.587428 
0.509929 0.014462 0.480562 0.524751 
0.520857 0.026311 0.474741 0.553041 
0.529364 0.017448 0.503548 0.552754 
0.500403 0.017067 0.474382 0.524225 
0.539963 0.019620 0.513964 0.575186 
0.525989 0.023553 0.482412 0.558692 
0.499020 0.015264 0.482154 0.522834 
0.535048 0.013988 0.519054 0.554352 
0.544782 0.023187 0.501462 0.575587 
0.533407 0.015982 0.502125 0.550173 
0.540085 0.023689 0.502740 0.567090 
0.521411 0.017326 0.488091 0.543859 
0.523630 0.018710 0.494497 0.554499 
0.492523 0.026497 0.451757 0.525843 
0.497512 0.022580 0.470165 0.535228 
0.470964 0.025170 0.438243 0.505110 
0.467883 0.026342 0.436281 0.511237 
0.532140 0.030708 0.499696 0.587069 
0.472474 0.018661 0.450244 0.502300 
0.476449 0.020386 0.450496 0.507309 
0.487005 0.023897 0.458726 0.527008 
0.517238 0.020823 0.493783 0.547052 
0.504830 0.022500 0.476285 0.547476 
0.503778 0.015754 0.485225 0.525891 
0.481238 0.008769 0.471019 0.492846 
0.504877 0.024558 0.468161 0.541223 
0.471554 0.014645 0.454579 0.493197 
0.504372 0.017769 0.484057 0.528418 
0.520680 0.018111 0.489105 0.548157 
0.457566 0.017964 0.431884 0.481034 
0.495747 0.019884 0.468990 0.531372 
0.494819 0.019383 0.465436 0.521409 
0.504034 0.022039 0.467353 0.534992 
0.475055 0.019897 0.447601 0.500553 
0.471444 0.019236 0.450800 0.496956 
0.494926 0.019809 0.459440 0.524529 
0.507412 0.017832 0.475111 0.532342 
0.490505 0.015639 0.465364 0.511636 
0.524896 0.015037 0.503930 0.544213 
0.516116 0.040997 0.443680 0.575680 
0.544102 0.034487 0.479838 0.579314 
0.511326 0.027955 0.480827 0.555817 
0.540434 0.019278 0.509590 0.564180 
0.511209 0.031683 0.472178 0.563700 
0.517209 0.028475 0.481655 0.564138 
0.501526 0.028679 0.461320 0.548845 
0.537059 0.025211 0.503301 0.576495 
0.529316 0.034905 0.490100 0.593621 
0.539337 0.038726 0.495353 0.612809 
0.540239 0.038799 0.466864 0.582815 
0.525374 0.038377 0.478538 0.597322 
0.535116 0.019360 0.505633 0.559067 
0.522530 0.031444 0.470459 0.561337 
0.426658 0.031665 0.383241 0.469897 
0.431960 0.020537 0.406979 0.462629 
0.454703 0.016760 0.439066 0.488883 
0.489716 0.012796 0.468817 0.505857 
0.418223 0.022406 0.395809 0.455797 
0.453615 0.023682 0.420195 0.481792 
0.424505 0.019143 0.402515 0.446426 
0.455512 0.013562 0.433582 0.473444 
0.446684 0.013659 0.427345 0.466183 
0.437095 0.021580 0.413120 0.469655 
0.447882 0.015363 0.436708 0.476156 
0.463657 0.030209 0.424221 0.510055 
0.432325 0.024203 0.411833 0.477859 
0.450816 0.031209 0.411052 0.493064 
0.502739 0.036219 0.431232 0.542525 
0.494359 0.022888 0.456785 0.518701 
0.525389 0.032016 0.459065 0.551786 
0.508183 0.029666 0.455870 0.550195 
0.528156 0.033463 0.470469 0.564298 
0.503057 0.016102 0.468484 0.515664 
0.496690 0.028695 0.441029 0.530184 
0.515845 0.022382 0.474660 0.539258 
0.474323 0.028423 0.415935 0.494398 
0.577200 0.040147 0.512232 0.617923 
0.473204 0.020977 0.436161 0.499938 
0.515579 0.011251 0.500455 0.535090 
0.520851 0.027991 0.472614 0.543317 
0.504031 0.010478 0.486081 0.516904 
0.462024 0.016298 0.438853 0.482100 
0.450180 0.013343 0.432404 0.471319 
0.448692 0.023439 0.414704 0.479379 
0.478686 0.026142 0.443138 0.515887 
0.439269 0.028290 0.395570 0.469351 
0.447855 0.024935 0.416230 0.478509 
0.529330 0.015760 0.504002 0.551141 
0.464587 0.029771 0.425318 0.502354 
0.428872 0.023279 0.395956 0.461335 
0.456722 0.021326 0.428413 0.486297 
0.446293 0.032797 0.404521 0.485899 
0.392141 0.008047 0.382250 0.405344 
0.405854 0.017909 0.379884 0.429297 
0.417324 0.022593 0.395420 0.452894 
0.447781 0.011603 0.437771 0.469571 
0.420039 0.018387 0.403046 0.448340 
0.444344 0.009998 0.433911 0.460065 
0.422561 0.011826 0.405556 0.436943 
0.440278 0.007930 0.432863 0.455144 
0.467709 0.017558 0.450227 0.500214 
0.447937 0.011566 0.437749 0.468158 
0.418457 0.009527 0.407202 0.432111 
0.441491 0.013624 0.425730 0.463151 
0.406367 0.020499 0.386885 0.443174 
0.517097 0.014417 0.493774 0.535469 
0.577730 0.014710 0.552011 0.594630 
0.554586 0.007724 0.540661 0.562524 
0.592144 0.014120 0.577856 0.612903 
0.582446 0.015578 0.555920 0.601684 
0.523704 0.012856 0.500094 0.541523 
0.509358 0.007763 0.499462 0.520784 
0.591108 0.013214 0.567847 0.605916 
0.542185 0.005219 0.537558 0.551610 
0.560783 0.026832 0.518152 0.595937 
0.513172 0.024649 0.479626 0.541572 
0.583312 0.020523 0.546713 0.602445 
0.617403 0.010578 0.601394 0.632564 
0.491375 0.017329 0.467928 0.515406 
0.478232 0.020044 0.449302 0.503186 
0.505752 0.009154 0.494445 0.519696 
0.503747 0.023580 0.463339 0.531619 
0.494140 0.008925 0.482476 0.502569 
0.494970 0.009352 0.481731 0.508553 
0.468115 0.024571 0.448763 0.517690 
0.523814 0.017904 0.502914 0.549992 
0.494952 0.024143 0.468353 0.543161 
0.482736 0.006710 0.473623 0.490697 
0.488609 0.007717 0.477142 0.500336 
0.505040 0.028373 0.472625 0.555656 
0.493018 0.024111 0.464901 0.529039 
0.442097 0.022044 0.413165 0.471201 
0.571068 0.047957 0.493515 0.624009 
0.490976 0.024731 0.441134 0.514675 
0.524417 0.022548 0.483525 0.552309 
0.539713 0.024106 0.490445 0.560616 
0.551884 0.024670 0.505311 0.588161 
0.503430 0.025272 0.451719 0.526661 
0.508459 0.026587 0.459298 0.540174 
0.549898 0.035710 0.490120 0.582365 
0.502021 0.035049 0.437129 0.534235 
0.551454 0.012461 0.529684 0.564336 
0.486932 0.035171 0.425000 0.530021 
0.471768 0.032176 0.413745 0.505262 
0.507555 0.029408 0.452138 0.541492 
