0.557987 0.007107 0.552962 0.563013 
0.528063 0.012008 0.519572 0.536554 
0.524013 0.011847 0.515636 0.532391 
0.525278 0.004579 0.522040 0.528516 
0.534926 0.004031 0.532076 0.537776 
0.549846 0.009596 0.543060 0.556632 
0.518081 0.009068 0.511668 0.524493 
0.521994 0.000453 0.521674 0.522314 
0.518330 0.003067 0.516161 0.520499 
0.534604 0.007763 0.529115 0.540094 
0.510638 0.009993 0.503572 0.517704 
0.485423 0.005847 0.481289 0.489558 
0.552554 0.004542 0.549342 0.555765 
0.593238 0.008555 0.587188 0.599287 
0.524022 0.010023 0.516935 0.531110 
0.543809 0.009627 0.537002 0.550616 
0.537744 0.001965 0.536355 0.539133 
0.533404 0.008210 0.527599 0.539209 
0.567956 0.021711 0.552604 0.583307 
0.566647 0.007822 0.561116 0.572178 
0.579165 0.001612 0.578025 0.580304 
0.535260 0.014312 0.525140 0.545380 
0.558279 0.006695 0.553544 0.563013 
0.552805 0.012370 0.544058 0.561552 
0.536494 0.011019 0.528703 0.544286 
0.519235 0.017080 0.507157 0.531313 
0.471708 0.003628 0.469143 0.474273 
0.562500 0.007046 0.557518 0.567482 
0.536073 0.003695 0.533460 0.538686 
0.529555 0.005281 0.525821 0.533290 
0.540474 0.010099 0.533333 0.547615 
0.531101 0.035498 0.506000 0.556202 
0.533960 0.000114 0.533880 0.534041 
0.478644 0.012937 0.469496 0.487792 
0.516863 0.022979 0.500614 0.533112 
0.553020 0.005644 0.549029 0.557011 
0.477250 0.000317 0.477026 0.477474 
0.498504 0.016976 0.486500 0.510507 
0.502306 0.006088 0.498001 0.506611 
0.485995 0.010662 0.478455 0.493534 
0.479528 0.002341 0.477873 0.481183 
0.476415 0.013537 0.466843 0.485987 
0.468749 0.005166 0.465096 0.472402 
0.483652 0.009276 0.477093 0.490211 
0.463741 0.010065 0.456625 0.470858 
0.472821 0.003589 0.470283 0.475359 
0.469408 0.005490 0.465526 0.473290 
0.462146 0.025752 0.443937 0.480355 
0.489217 0.007989 0.483569 0.494866 
0.520919 0.027127 0.501738 0.540101 
0.506803 0.008441 0.500834 0.512771 
0.542583 0.005889 0.538418 0.546747 
0.475368 0.014036 0.465443 0.485293 
0.513940 0.003906 0.511178 0.516702 
0.518036 0.016474 0.506387 0.529685 
0.505827 0.007355 0.500627 0.511028 
0.533459 0.016463 0.521817 0.545100 
0.514732 0.036706 0.488776 0.540687 
0.507497 0.031824 0.484993 0.530000 
0.549397 0.007819 0.543868 0.554926 
0.513773 0.012513 0.504925 0.522621 
0.539943 0.018967 0.526532 0.553355 
0.524730 0.013558 0.515143 0.534317 
0.523719 0.010635 0.516198 0.531239 
0.547899 0.012230 0.539251 0.556547 
0.522646 0.016302 0.511119 0.534174 
0.530736 0.003684 0.528131 0.533341 
0.524424 0.004964 0.520914 0.527934 
0.553965 0.006842 0.549127 0.558803 
0.536405 0.001379 0.535429 0.537380 
0.494658 0.001376 0.493685 0.495631 
0.499357 0.004798 0.495964 0.502749 
0.504721 0.016435 0.493099 0.516342 
0.514271 0.016439 0.502647 0.525896 
0.543887 0.012247 0.535227 0.552547 
0.498668 0.010710 0.491095 0.506242 
0.504030 0.008460 0.498048 0.510013 
0.506297 0.024058 0.489286 0.523309 
0.496181 0.012742 0.487171 0.505191 
0.509523 0.015648 0.498458 0.520588 
0.483035 0.016590 0.471304 0.494766 
0.475617 0.010335 0.468310 0.482925 
0.475291 0.011425 0.467212 0.483370 
0.498563 0.002714 0.496644 0.500482 
0.476059 0.008766 0.469860 0.482257 
0.525934 0.003081 0.523755 0.528112 
0.515046 0.019000 0.501611 0.528481 
0.538355 0.023617 0.521655 0.555055 
0.567595 0.000248 0.567420 0.567771 
0.560190 0.013848 0.550398 0.569982 
0.514301 0.008067 0.508597 0.520005 
0.511880 0.004261 0.508867 0.514892 
0.508984 0.000489 0.508638 0.509330 
0.568245 0.020819 0.553523 0.582966 
0.526489 0.021938 0.510976 0.542002 
0.509196 0.001706 0.507990 0.510402 
0.559329 0.011698 0.551057 0.567601 
0.517109 0.005578 0.513165 0.521054 
0.527897 0.011863 0.519508 0.536285 
0.557038 0.002903 0.554985 0.559091 
0.518969 0.013327 0.509545 0.528392 
0.521073 0.016828 0.509174 0.532973 
0.494894 0.001403 0.493902 0.495886 
0.511526 0.003021 0.509389 0.513662 
0.465391 0.000239 0.465222 0.465560 
0.504429 0.001770 0.503177 0.505681 
0.485702 0.000268 0.485513 0.485892 
0.492797 0.025086 0.475059 0.510535 
0.503694 0.005049 0.500124 0.507264 
0.500965 0.007342 0.495774 0.506157 
0.517114 0.020957 0.502296 0.531933 
0.515812 0.003392 0.513414 0.518211 
0.473346 0.007426 0.468095 0.478597 
0.508184 0.003897 0.505428 0.510940 
0.524212 0.005143 0.520576 0.527849 
0.554637 0.022719 0.538572 0.570702 
0.572843 0.016332 0.561294 0.584391 
0.493733 0.022267 0.477987 0.509478 
0.511232 0.011048 0.503420 0.519045 
0.527606 0.006915 0.522716 0.532495 
0.515774 0.003294 0.513445 0.518103 
0.486426 0.009411 0.479771 0.493080 
0.478272 0.001726 0.477052 0.479493 
0.526843 0.013582 0.517239 0.536447 
0.528999 0.025031 0.511300 0.546699 
0.543429 0.008808 0.537201 0.549658 
0.555860 0.038373 0.528726 0.582994 
0.451172 0.004878 0.447723 0.454621 
0.546546 0.026442 0.527849 0.565243 
0.502157 0.014146 0.492154 0.512159 
0.476953 0.027850 0.457260 0.496646 
0.461260 0.024426 0.443988 0.478532 
0.486740 0.005575 0.482798 0.490682 
0.519272 0.001845 0.517968 0.520577 
0.473545 0.004957 0.470040 0.477050 
0.415850 0.027622 0.396318 0.435382 
0.486975 0.016420 0.475364 0.498585 
0.496819 0.000875 0.496200 0.497438 
0.524418 0.002170 0.522883 0.525953 
0.355922 0.035087 0.331112 0.380732 
0.372460 0.010118 0.365306 0.379614 
0.354983 0.011458 0.346881 0.363085 
0.338427 0.010244 0.331183 0.345670 
0.340084 0.018569 0.326953 0.353214 
0.416688 0.000186 0.416556 0.416820 
0.356433 0.015526 0.345454 0.367412 
0.340593 0.016584 0.328867 0.352320 
0.386504 0.028992 0.366004 0.407005 
0.384906 0.009250 0.378366 0.391447 
0.381489 0.000553 0.381097 0.381880 
0.316185 0.025012 0.298499 0.333872 
0.349788 0.005012 0.346245 0.353332 
0.540097 0.014474 0.529862 0.550331 
0.565251 0.002722 0.563327 0.567176 
0.577967 0.032332 0.555104 0.600829 
0.566549 0.007373 0.561335 0.571762 
0.568394 0.021336 0.553307 0.583480 
0.515225 0.015326 0.504388 0.526062 
0.575537 0.006157 0.571184 0.579891 
0.538220 0.043008 0.507809 0.568631 
0.647269 0.023427 0.630704 0.663835 
0.491141 0.011321 0.483136 0.499146 
0.555978 0.022933 0.539762 0.572193 
0.619395 0.006851 0.614551 0.624240 
0.582896 0.001423 0.581889 0.583902 
0.477739 0.007462 0.472462 0.483015 
0.480455 0.012575 0.471564 0.489347 
0.501109 0.019065 0.487628 0.514590 
0.503605 0.017677 0.491106 0.516105 
0.509123 0.001206 0.508270 0.509976 
0.503557 0.000829 0.502971 0.504143 
0.489522 0.013666 0.479859 0.499185 
0.523977 0.002901 0.521926 0.526028 
0.489987 0.019054 0.476513 0.503460 
0.504517 0.013565 0.494925 0.514109 
0.487187 0.004376 0.484093 0.490281 
0.494348 0.017502 0.481973 0.506724 
0.484864 0.021572 0.469610 0.500118 
0.495098 0.009703 0.488237 0.501959 
0.509347 0.024866 0.491764 0.526930 
0.509190 0.006822 0.504366 0.514013 
0.517728 0.018126 0.504910 0.530545 
0.521791 0.051337 0.485490 0.558092 
0.516397 0.019787 0.502406 0.530388 
0.524241 0.040990 0.495257 0.553225 
0.523825 0.026837 0.504848 0.542801 
0.489699 0.018914 0.476324 0.503073 
0.506256 0.009883 0.499267 0.513244 
0.503743 0.029560 0.482841 0.524645 
0.512265 0.037566 0.485701 0.538828 
0.562619 0.027995 0.542823 0.582414 
0.497256 0.025060 0.479536 0.514976 
