0.639052 0.078666 0.430197 0.833379 
0.621310 0.078441 0.397434 0.829191 
0.643557 0.082779 0.434097 0.848294 
0.646320 0.079256 0.422346 0.835312 
0.646669 0.081287 0.426474 0.851707 
0.657744 0.083794 0.435423 0.849896 
0.625920 0.081327 0.426957 0.826850 
0.643277 0.084823 0.422354 0.837787 
0.646607 0.086556 0.430305 0.854165 
0.644035 0.083707 0.419706 0.865438 
0.630036 0.076417 0.397211 0.822285 
0.637266 0.083874 0.411806 0.825485 
0.644208 0.082338 0.432123 0.846196 
0.673746 0.083371 0.472607 0.902444 
0.660878 0.076788 0.437248 0.873309 
0.668658 0.086899 0.454568 0.893053 
0.652154 0.088778 0.420338 0.899921 
0.685407 0.079741 0.457787 0.884738 
0.673150 0.079554 0.449812 0.898644 
0.677562 0.080534 0.442997 0.894119 
0.671844 0.083656 0.462803 0.927413 
0.682434 0.085871 0.443786 0.902930 
0.659670 0.086264 0.442976 0.893760 
0.664833 0.085171 0.457970 0.901044 
0.670884 0.084342 0.467053 0.892447 
0.662185 0.086093 0.437714 0.879875 
0.624476 0.075855 0.358923 0.859646 
0.638354 0.073460 0.435231 0.891638 
0.640865 0.088680 0.415493 0.872771 
0.651200 0.095751 0.427260 0.908249 
0.643077 0.077678 0.425554 0.878415 
0.649338 0.083697 0.445672 0.926582 
0.626860 0.078928 0.401176 0.859895 
0.610296 0.075963 0.383223 0.841100 
0.645472 0.077529 0.431637 0.885216 
0.646162 0.072647 0.441215 0.882570 
0.647225 0.084366 0.425214 0.874890 
0.646759 0.084286 0.388786 0.857720 
0.642296 0.085805 0.422063 0.872450 
0.647285 0.082607 0.404376 0.837395 
0.634886 0.086750 0.387878 0.849663 
0.625430 0.080228 0.389476 0.838556 
0.644843 0.079029 0.367433 0.858199 
0.627196 0.080963 0.400946 0.842968 
0.644661 0.080157 0.386874 0.852846 
0.633419 0.084952 0.402342 0.842923 
0.632733 0.077929 0.401776 0.834264 
0.624947 0.077750 0.389900 0.837313 
0.649467 0.083506 0.380941 0.844106 
0.580761 0.092684 0.378549 0.863948 
0.531971 0.095029 0.317068 0.785357 
0.559612 0.095013 0.350764 0.833218 
0.555464 0.092993 0.361152 0.833773 
0.557097 0.093949 0.351008 0.810159 
0.595625 0.089307 0.390022 0.880814 
0.558296 0.090377 0.344093 0.829037 
0.580795 0.092807 0.366486 0.848086 
0.569300 0.095651 0.355154 0.849417 
0.546147 0.089378 0.357781 0.812713 
0.555162 0.096751 0.348965 0.850223 
0.642576 0.072723 0.422278 0.864223 
0.634696 0.070277 0.433402 0.841814 
0.625077 0.073156 0.401887 0.844100 
0.650095 0.073051 0.432614 0.862664 
0.647637 0.072471 0.448554 0.869416 
0.633106 0.074585 0.407483 0.864311 
0.649762 0.078637 0.457632 0.867778 
0.630426 0.073155 0.434227 0.878201 
0.658786 0.077854 0.445857 0.887652 
0.626502 0.077004 0.407539 0.874569 
0.656371 0.073342 0.435250 0.886620 
0.645420 0.075747 0.405040 0.888065 
0.653954 0.069261 0.444409 0.857447 
0.657529 0.073160 0.423379 0.873016 
0.682611 0.073268 0.438017 0.886750 
0.664689 0.067979 0.429648 0.876289 
0.644369 0.073116 0.402448 0.882234 
0.650866 0.070213 0.435215 0.874338 
0.662692 0.072606 0.416837 0.866008 
0.658915 0.073528 0.429722 0.865137 
0.639127 0.076185 0.417674 0.852503 
0.643447 0.069364 0.429449 0.858688 
0.674127 0.073622 0.421334 0.868270 
0.653603 0.072810 0.450944 0.868844 
0.664612 0.074066 0.427162 0.889699 
0.659781 0.071239 0.414545 0.875912 
0.640150 0.090574 0.340436 0.862813 
0.643340 0.087520 0.395086 0.864349 
0.630683 0.088446 0.366503 0.866658 
0.636338 0.086344 0.369515 0.894428 
0.651210 0.082071 0.381543 0.874489 
0.663991 0.085281 0.416466 0.894246 
0.655623 0.090253 0.352674 0.870092 
0.654320 0.084094 0.399437 0.885590 
0.648315 0.087419 0.383083 0.868148 
0.618567 0.083792 0.388115 0.862749 
0.648923 0.085732 0.377481 0.868427 
0.640345 0.086334 0.368327 0.865602 
0.655397 0.081630 0.403021 0.895687 
0.635578 0.084571 0.386220 0.865968 
0.619997 0.099166 0.399605 0.888531 
0.622372 0.093595 0.340096 0.883558 
0.625532 0.085630 0.398439 0.832893 
0.630386 0.097664 0.393631 0.874866 
0.625879 0.100742 0.412200 0.860038 
0.594662 0.106083 0.348274 0.866363 
0.646433 0.101896 0.417661 0.884187 
0.639319 0.100198 0.388543 0.887806 
0.640223 0.096888 0.362702 0.854079 
0.628558 0.097263 0.401500 0.885013 
0.623651 0.088469 0.392664 0.857778 
0.632411 0.093694 0.391824 0.875498 
0.625675 0.099606 0.405050 0.862695 
0.599763 0.102427 0.376377 0.844164 
0.687919 0.100093 0.417835 0.879713 
0.666004 0.110120 0.400373 0.910050 
0.656765 0.103867 0.414011 0.867917 
0.667563 0.104454 0.418379 0.919322 
0.668998 0.114677 0.410564 0.907438 
0.671646 0.108079 0.395236 0.899145 
0.666793 0.097568 0.426387 0.890915 
0.660880 0.097346 0.404311 0.875882 
0.650344 0.088003 0.385407 0.864106 
0.661312 0.099210 0.394824 0.897059 
0.664514 0.112129 0.402404 0.891541 
0.665894 0.099446 0.435180 0.903317 
0.656183 0.100451 0.417814 0.896999 
0.624772 0.106628 0.399784 0.854018 
0.607075 0.104565 0.400705 0.842490 
0.612429 0.096333 0.376724 0.837789 
0.660846 0.099907 0.365239 0.915567 
0.627275 0.102462 0.398213 0.843997 
0.608949 0.098513 0.417836 0.855997 
0.616554 0.107496 0.399148 0.852587 
0.611083 0.101345 0.362849 0.861787 
0.628849 0.095651 0.410698 0.863383 
0.631333 0.088281 0.403817 0.849029 
0.621712 0.101265 0.389038 0.839444 
0.610811 0.095887 0.380539 0.847709 
0.595312 0.091528 0.358906 0.822710 
0.605893 0.099235 0.361199 0.855164 
0.592433 0.097730 0.358891 0.844647 
0.576394 0.094332 0.336653 0.791749 
0.606911 0.095270 0.350556 0.859768 
0.603388 0.093621 0.369335 0.830604 
0.599065 0.098849 0.354466 0.837208 
0.603376 0.098591 0.347516 0.850452 
0.635324 0.100456 0.384163 0.884651 
0.586050 0.099269 0.355081 0.837840 
0.616808 0.097220 0.350300 0.860322 
0.574013 0.093433 0.337621 0.784748 
0.611108 0.101158 0.341177 0.848063 
0.630573 0.073132 0.445019 0.849431 
0.625973 0.079208 0.409000 0.871709 
0.632928 0.083123 0.419362 0.903598 
0.634490 0.071409 0.448856 0.837547 
0.628340 0.078732 0.420591 0.871401 
0.625406 0.082793 0.416438 0.877728 
0.607848 0.080857 0.398393 0.854291 
0.642818 0.085601 0.407731 0.869970 
0.635826 0.082043 0.435700 0.873366 
0.629526 0.084424 0.397863 0.912992 
0.644630 0.083884 0.402646 0.871333 
0.645047 0.082790 0.372214 0.899423 
0.641440 0.081083 0.442822 0.860554 
0.630008 0.076325 0.459450 0.862027 
0.632486 0.078929 0.387271 0.857994 
0.665238 0.071248 0.485914 0.868879 
0.649226 0.075537 0.471496 0.857257 
0.656836 0.077347 0.441003 0.866254 
0.656302 0.078167 0.473784 0.872015 
0.629539 0.079041 0.439846 0.857817 
0.658526 0.073537 0.466502 0.854938 
0.657634 0.081713 0.466596 0.882913 
0.663217 0.073516 0.480998 0.854832 
0.645094 0.096326 0.379908 0.880006 
0.641191 0.070869 0.455448 0.841416 
0.646701 0.075350 0.430659 0.854302 
0.617748 0.078881 0.425363 0.858973 
0.580345 0.090775 0.383154 0.841248 
0.557935 0.090923 0.375509 0.861800 
0.532366 0.085499 0.329045 0.824297 
0.572866 0.090982 0.385047 0.833581 
0.569754 0.095737 0.376365 0.839045 
0.513889 0.095070 0.328957 0.850384 
0.545794 0.088285 0.353635 0.852584 
0.535414 0.092555 0.319360 0.814466 
0.545100 0.089359 0.361475 0.837454 
0.556538 0.088463 0.345999 0.846340 
0.551879 0.085269 0.327414 0.859133 
0.554725 0.090815 0.361627 0.855731 
0.546335 0.086800 0.345829 0.861026 
