0.532952 0.059818 0.365315 0.657524 
0.542677 0.079205 0.368531 0.681823 
0.523692 0.070583 0.363931 0.644754 
0.552290 0.069003 0.394711 0.693297 
0.542385 0.064264 0.376887 0.674913 
0.551788 0.061995 0.345147 0.684737 
0.536781 0.079620 0.360589 0.668756 
0.486766 0.058298 0.352915 0.618613 
0.499568 0.052593 0.349069 0.606172 
0.520769 0.054402 0.351105 0.601888 
0.532945 0.079154 0.341984 0.667719 
0.524262 0.070151 0.347752 0.655818 
0.547919 0.067638 0.379085 0.683995 
0.576619 0.076144 0.387254 0.717554 
0.576860 0.088519 0.384313 0.715228 
0.536981 0.068737 0.372524 0.642926 
0.560066 0.092116 0.390405 0.702500 
0.558780 0.070899 0.377475 0.689959 
0.593968 0.091340 0.395028 0.765386 
0.602524 0.088349 0.381638 0.735096 
0.594776 0.092491 0.393677 0.756502 
0.579915 0.099646 0.374662 0.737593 
0.558215 0.087256 0.383812 0.707012 
0.553329 0.064184 0.379991 0.644059 
0.563884 0.078531 0.376648 0.688562 
0.551273 0.074347 0.387823 0.656790 
0.498648 0.087706 0.299371 0.661284 
0.532312 0.079359 0.354716 0.673456 
0.523789 0.087603 0.320906 0.656750 
0.579729 0.117205 0.332984 0.777658 
0.577720 0.100093 0.361300 0.768744 
0.575416 0.105363 0.348998 0.763256 
0.544463 0.102769 0.302698 0.708905 
0.531113 0.095773 0.315162 0.690329 
0.587376 0.097003 0.352720 0.774924 
0.567489 0.114190 0.293125 0.745769 
0.527133 0.094995 0.321474 0.693959 
0.510270 0.076615 0.321362 0.652828 
0.507910 0.072902 0.322296 0.647539 
0.527196 0.077789 0.328764 0.660410 
0.507587 0.081286 0.300271 0.663573 
0.525802 0.076128 0.329902 0.668101 
0.528193 0.084130 0.308810 0.670409 
0.515626 0.084780 0.313345 0.662353 
0.502983 0.081482 0.302736 0.615658 
0.532985 0.080175 0.321934 0.692097 
0.481055 0.077310 0.303053 0.617834 
0.507805 0.072365 0.328041 0.632790 
0.495355 0.078520 0.298341 0.615634 
0.505251 0.089877 0.309241 0.639732 
0.499879 0.080232 0.323537 0.661959 
0.486752 0.072544 0.310209 0.631010 
0.481082 0.075176 0.306232 0.597628 
0.481736 0.066924 0.321109 0.586698 
0.487917 0.072474 0.305442 0.627275 
0.488821 0.076127 0.317217 0.620848 
0.482317 0.071446 0.294574 0.606060 
0.495633 0.073358 0.326363 0.618864 
0.487521 0.070485 0.325009 0.648946 
0.493946 0.070418 0.318403 0.635603 
0.537811 0.058283 0.343886 0.635935 
0.557751 0.057545 0.414701 0.680570 
0.556640 0.062393 0.351318 0.693918 
0.567504 0.072848 0.362667 0.693883 
0.571492 0.060968 0.386167 0.696720 
0.570347 0.066764 0.372043 0.712287 
0.549777 0.062108 0.384538 0.671439 
0.560850 0.056927 0.354908 0.680830 
0.556322 0.057862 0.379981 0.677767 
0.559288 0.061124 0.348558 0.671204 
0.511645 0.059969 0.381384 0.645112 
0.501138 0.066641 0.325284 0.615250 
0.517389 0.057310 0.386628 0.637719 
0.533879 0.068729 0.364933 0.653180 
0.527138 0.073406 0.334927 0.679870 
0.530332 0.060307 0.367741 0.646309 
0.499461 0.067546 0.346212 0.627953 
0.509745 0.062756 0.363191 0.635257 
0.541175 0.076301 0.368182 0.696398 
0.518102 0.053255 0.369776 0.625679 
0.529940 0.069857 0.349875 0.658959 
0.508882 0.057242 0.340450 0.607729 
0.512456 0.054381 0.384245 0.622131 
0.505689 0.065565 0.359127 0.648611 
0.509369 0.072743 0.336226 0.645979 
0.494440 0.050573 0.363614 0.579957 
0.522419 0.083779 0.339539 0.676737 
0.506630 0.087787 0.325474 0.652493 
0.523375 0.087106 0.332516 0.639637 
0.528228 0.086805 0.332690 0.664712 
0.503479 0.072365 0.338409 0.609354 
0.518188 0.071183 0.341879 0.610823 
0.523554 0.098001 0.332780 0.703062 
0.506741 0.064507 0.339999 0.600191 
0.490774 0.068231 0.330323 0.596253 
0.484032 0.070775 0.326169 0.585986 
0.539281 0.097204 0.337740 0.677377 
0.502709 0.083287 0.304611 0.605313 
0.527550 0.066929 0.372764 0.623218 
0.513365 0.085638 0.331031 0.643475 
0.518592 0.079512 0.315361 0.623652 
0.506049 0.072610 0.305108 0.623410 
0.509323 0.066184 0.330532 0.605503 
0.509763 0.071270 0.325459 0.612706 
0.505450 0.076364 0.334867 0.628883 
0.511584 0.076403 0.333700 0.657580 
0.503128 0.078358 0.347480 0.664763 
0.505256 0.074438 0.331424 0.638913 
0.501872 0.061747 0.348109 0.594420 
0.528463 0.076038 0.334652 0.663987 
0.499281 0.071000 0.330957 0.625760 
0.501523 0.086082 0.293767 0.636147 
0.507484 0.092009 0.262108 0.689524 
0.514274 0.070676 0.325085 0.643298 
0.501942 0.065293 0.333733 0.619281 
0.535796 0.088690 0.326844 0.654130 
0.539951 0.084019 0.338841 0.679775 
0.569312 0.092571 0.337247 0.686591 
0.523938 0.078249 0.346095 0.660737 
0.565450 0.093606 0.363292 0.709902 
0.516566 0.064783 0.356222 0.624584 
0.515847 0.070289 0.354392 0.641407 
0.523861 0.067213 0.363996 0.640837 
0.513233 0.086871 0.319674 0.631378 
0.543046 0.080821 0.348871 0.674417 
0.525499 0.074970 0.368351 0.644370 
0.517101 0.076291 0.335900 0.646419 
0.460066 0.047985 0.326214 0.549497 
0.486132 0.070615 0.316320 0.593229 
0.494667 0.065389 0.354085 0.616008 
0.455036 0.067264 0.312167 0.591688 
0.469237 0.065003 0.317249 0.580836 
0.473840 0.065804 0.329468 0.613856 
0.464336 0.056934 0.327735 0.571879 
0.462386 0.059720 0.337031 0.561987 
0.460150 0.061542 0.331227 0.561991 
0.468929 0.062568 0.324181 0.562234 
0.475717 0.061070 0.326567 0.574637 
0.458230 0.051608 0.331808 0.551342 
0.471688 0.080919 0.245795 0.589649 
0.494338 0.077835 0.283684 0.596661 
0.471280 0.081031 0.265463 0.645671 
0.487563 0.093570 0.253383 0.647956 
0.506878 0.095165 0.297213 0.668956 
0.519829 0.087754 0.282620 0.673359 
0.488384 0.082282 0.255510 0.602076 
0.463512 0.083118 0.276332 0.602753 
0.552528 0.102559 0.299048 0.783115 
0.482109 0.087613 0.258342 0.620356 
0.489016 0.083778 0.286934 0.627203 
0.482414 0.088222 0.254076 0.603391 
0.486309 0.085829 0.269174 0.659808 
0.532706 0.070834 0.383285 0.674676 
0.505673 0.043125 0.389407 0.610764 
0.494061 0.047414 0.386442 0.602971 
0.462923 0.042880 0.353484 0.561983 
0.520893 0.072527 0.384335 0.684818 
0.523812 0.069421 0.391801 0.685499 
0.541204 0.081988 0.390619 0.731321 
0.524429 0.062888 0.377515 0.646071 
0.521461 0.069863 0.340461 0.668140 
0.541226 0.088234 0.335954 0.713398 
0.522650 0.071990 0.358793 0.660589 
0.513705 0.056600 0.376000 0.601111 
0.528387 0.051855 0.405639 0.681091 
0.540029 0.068760 0.353594 0.682871 
0.536812 0.063506 0.377424 0.664997 
0.565861 0.068473 0.366671 0.710156 
0.544418 0.064198 0.368155 0.677677 
0.567271 0.069488 0.378024 0.723929 
0.570136 0.067697 0.381753 0.721824 
0.562640 0.070335 0.350280 0.700413 
0.556376 0.064941 0.391162 0.687411 
0.541872 0.068674 0.382584 0.680438 
0.562381 0.067375 0.358336 0.710040 
0.523690 0.066768 0.369258 0.662272 
0.540991 0.062233 0.356308 0.674948 
0.570556 0.073539 0.362510 0.737204 
0.553968 0.064767 0.350919 0.716048 
0.433770 0.053034 0.332144 0.695806 
0.422280 0.046393 0.316517 0.524087 
0.421918 0.047259 0.327322 0.527944 
0.430196 0.046673 0.320595 0.530142 
0.434101 0.051664 0.325764 0.553126 
0.424411 0.055356 0.316972 0.626057 
0.427298 0.047548 0.315051 0.652316 
0.410924 0.053881 0.321214 0.517993 
0.412925 0.049053 0.300100 0.545872 
0.435520 0.056829 0.324317 0.553667 
0.448330 0.055898 0.308501 0.555802 
0.448259 0.046223 0.324062 0.545023 
0.427694 0.051348 0.317708 0.583490 
