0.423132 0.061859 0.292598 0.549037 
0.390179 0.049695 0.275993 0.484155 
0.400946 0.048285 0.290314 0.498102 
0.415282 0.053101 0.300341 0.546926 
0.426081 0.059315 0.299560 0.546236 
0.428732 0.056444 0.297085 0.548457 
0.420563 0.059977 0.262819 0.524949 
0.403958 0.052831 0.282814 0.497856 
0.409971 0.051070 0.295815 0.509242 
0.400682 0.048903 0.288963 0.503315 
0.410434 0.054148 0.291555 0.541689 
0.435848 0.066842 0.284368 0.531235 
0.415085 0.055257 0.298172 0.541659 
0.536134 0.094179 0.313489 0.722104 
0.521371 0.093926 0.294896 0.694587 
0.519299 0.093330 0.288398 0.655288 
0.508082 0.086156 0.290912 0.653833 
0.506170 0.088325 0.292951 0.669569 
0.519392 0.082463 0.286722 0.657096 
0.506660 0.082012 0.294754 0.648873 
0.516452 0.089886 0.293316 0.658891 
0.537002 0.094615 0.293711 0.682427 
0.506346 0.082924 0.291582 0.636480 
0.521086 0.086092 0.303707 0.645413 
0.491894 0.073743 0.296115 0.636015 
0.499565 0.091204 0.266761 0.640552 
0.406446 0.053048 0.268975 0.502740 
0.439068 0.055243 0.289917 0.532999 
0.418129 0.048451 0.294468 0.507630 
0.473324 0.072280 0.306477 0.608090 
0.471683 0.067503 0.307353 0.587809 
0.449949 0.063197 0.300995 0.571918 
0.436700 0.063421 0.286933 0.566063 
0.431401 0.063745 0.267991 0.544112 
0.438905 0.057776 0.304783 0.558333 
0.430850 0.058207 0.279336 0.533400 
0.443806 0.064305 0.284696 0.570778 
0.443638 0.073670 0.289543 0.578057 
0.448584 0.081899 0.278420 0.611916 
0.471126 0.086519 0.292947 0.616104 
0.456627 0.079552 0.276241 0.565275 
0.462773 0.085212 0.271081 0.594629 
0.457691 0.086719 0.281385 0.626203 
0.448826 0.071388 0.282248 0.578045 
0.471154 0.089271 0.286618 0.614131 
0.453774 0.088975 0.279784 0.671863 
0.459958 0.089964 0.275806 0.629841 
0.456520 0.079394 0.275503 0.564417 
0.449606 0.083335 0.281372 0.593749 
0.471650 0.064835 0.322038 0.569864 
0.462644 0.074122 0.287032 0.601659 
0.462671 0.063946 0.305052 0.573687 
0.434062 0.062728 0.289909 0.581287 
0.448919 0.063850 0.303502 0.585336 
0.478698 0.070032 0.305100 0.589987 
0.446974 0.061213 0.308350 0.569279 
0.438538 0.049586 0.319278 0.557539 
0.457868 0.059982 0.300593 0.587330 
0.446281 0.066037 0.299877 0.577798 
0.445770 0.055916 0.319896 0.556077 
0.476031 0.079665 0.276046 0.613885 
0.499934 0.091469 0.284673 0.652175 
0.467098 0.077896 0.292188 0.600462 
0.485441 0.094727 0.269260 0.659260 
0.498667 0.082664 0.305352 0.642499 
0.488775 0.085444 0.286053 0.658088 
0.488982 0.078208 0.272673 0.640109 
0.477258 0.082025 0.277894 0.625213 
0.502164 0.078475 0.290084 0.644243 
0.487402 0.082683 0.278025 0.642694 
0.423364 0.054195 0.293590 0.522472 
0.434748 0.058433 0.301207 0.560292 
0.436071 0.053953 0.292400 0.527203 
0.452018 0.068029 0.300744 0.595942 
0.446446 0.058396 0.299726 0.535766 
0.451715 0.060260 0.313673 0.558005 
0.427298 0.053654 0.291888 0.535936 
0.422732 0.052645 0.296529 0.519460 
0.443154 0.055800 0.297131 0.535701 
0.432043 0.053956 0.294238 0.546507 
0.432825 0.062248 0.294610 0.540182 
0.436350 0.058508 0.301040 0.518570 
0.461204 0.063922 0.304212 0.576128 
0.421348 0.048230 0.292821 0.516634 
0.424614 0.051947 0.294576 0.548118 
0.460917 0.059679 0.304218 0.587035 
0.402061 0.055304 0.276361 0.500683 
0.413364 0.053726 0.295345 0.510757 
0.415878 0.061859 0.281267 0.518658 
0.417417 0.055670 0.270945 0.541170 
0.391503 0.044231 0.278936 0.489436 
0.394784 0.044726 0.278878 0.485855 
0.393319 0.052349 0.271909 0.515642 
0.404489 0.044192 0.285611 0.488005 
0.384632 0.041629 0.272958 0.493464 
0.384554 0.044594 0.291096 0.457823 
0.432792 0.061001 0.291331 0.562288 
0.395617 0.045487 0.295663 0.503016 
0.397265 0.051531 0.285307 0.532988 
0.397104 0.044608 0.270422 0.492237 
0.443044 0.068252 0.267657 0.553269 
0.449394 0.072371 0.279186 0.570790 
0.428948 0.072977 0.265530 0.561477 
0.419459 0.063833 0.276342 0.522995 
0.423780 0.067187 0.259362 0.524854 
0.450473 0.075495 0.284459 0.598086 
0.444744 0.077602 0.276026 0.603971 
0.431359 0.068642 0.270386 0.568182 
0.447833 0.076741 0.290714 0.609638 
0.439202 0.072961 0.266952 0.561193 
0.412659 0.063013 0.267199 0.527290 
0.437694 0.074624 0.269341 0.562787 
0.443760 0.071069 0.275864 0.552210 
0.416120 0.065786 0.269821 0.551439 
0.423364 0.056805 0.307475 0.554222 
0.441870 0.056125 0.319073 0.532749 
0.439079 0.056273 0.313053 0.543761 
0.459265 0.074046 0.308973 0.574674 
0.424900 0.052016 0.311868 0.521434 
0.461763 0.066673 0.313745 0.576692 
0.443571 0.065371 0.303146 0.560490 
0.440933 0.056324 0.311954 0.522253 
0.416506 0.052144 0.304210 0.497315 
0.438741 0.061174 0.306118 0.553084 
0.433625 0.057845 0.306546 0.530297 
0.441260 0.061905 0.298811 0.560364 
0.411605 0.048730 0.304694 0.494531 
0.409824 0.060909 0.263058 0.533764 
0.426351 0.075319 0.278829 0.577911 
0.422815 0.071793 0.287445 0.580675 
0.405294 0.066857 0.269392 0.580022 
0.404933 0.068368 0.267856 0.566435 
0.407725 0.064180 0.272399 0.551224 
0.409680 0.063316 0.275510 0.542384 
0.394157 0.066889 0.267524 0.544687 
0.412550 0.064932 0.267590 0.525865 
0.412538 0.063298 0.276796 0.554263 
0.421556 0.074243 0.267709 0.585156 
0.403214 0.066679 0.274472 0.540780 
0.396051 0.071153 0.250818 0.542529 
0.395019 0.064752 0.252534 0.503898 
0.392130 0.067782 0.242154 0.515293 
0.413653 0.076856 0.252032 0.560237 
0.399228 0.064721 0.242738 0.513824 
0.426953 0.072314 0.274362 0.581387 
0.410434 0.078950 0.260687 0.590371 
0.412348 0.070554 0.246976 0.541117 
0.438278 0.070260 0.295941 0.570510 
0.418353 0.075266 0.253302 0.536810 
0.403095 0.064491 0.244124 0.500744 
0.405205 0.073996 0.253219 0.559077 
0.387782 0.064972 0.225564 0.540831 
0.384474 0.066295 0.243334 0.515167 
0.359065 0.053502 0.217727 0.459672 
0.377820 0.056404 0.238207 0.501498 
0.366764 0.050058 0.248277 0.502165 
0.391863 0.071661 0.249193 0.545350 
0.341465 0.043948 0.248993 0.453677 
0.373398 0.069893 0.218486 0.518968 
0.380672 0.057402 0.253579 0.496374 
0.344944 0.047888 0.247683 0.461430 
0.345988 0.054847 0.248676 0.485427 
0.354824 0.052110 0.216515 0.466601 
0.381159 0.055772 0.241417 0.485496 
0.369441 0.058039 0.251629 0.511345 
0.463362 0.053031 0.344161 0.556408 
0.441798 0.048336 0.321881 0.530993 
0.475858 0.059814 0.345895 0.583367 
0.482675 0.066361 0.338587 0.623269 
0.470737 0.057151 0.327197 0.566272 
0.475967 0.064555 0.338745 0.627924 
0.471329 0.060878 0.337592 0.579828 
0.468530 0.051869 0.324680 0.530940 
0.445256 0.047301 0.341484 0.531322 
0.469325 0.059202 0.341913 0.601903 
0.472277 0.054051 0.333791 0.573711 
0.444312 0.046188 0.334509 0.524655 
0.466896 0.058376 0.324064 0.562417 
0.444641 0.049239 0.312357 0.523568 
0.390082 0.050511 0.267726 0.484548 
0.377554 0.042527 0.282773 0.482371 
0.354136 0.030825 0.272098 0.427641 
0.383041 0.042571 0.296431 0.460170 
0.387999 0.051052 0.268179 0.489647 
0.382366 0.039125 0.301622 0.460673 
0.357281 0.031375 0.276039 0.415651 
0.384081 0.045868 0.268139 0.460605 
0.362718 0.038449 0.277755 0.450287 
0.410669 0.051106 0.301282 0.507733 
0.374034 0.039097 0.283868 0.442045 
0.391654 0.055795 0.257811 0.487863 
0.369228 0.033879 0.282756 0.426259 
