0.424307 0.077429 0.270844 0.589348 
0.411193 0.061624 0.265432 0.555417 
0.403455 0.057267 0.263280 0.532546 
0.411685 0.060336 0.279412 0.523839 
0.417548 0.070312 0.260092 0.567634 
0.429028 0.080829 0.268305 0.616558 
0.380309 0.060997 0.250460 0.509175 
0.393668 0.061145 0.267082 0.537985 
0.418901 0.068565 0.272439 0.576148 
0.404283 0.063755 0.254000 0.555390 
0.395259 0.053287 0.263874 0.521100 
0.406201 0.065378 0.269178 0.537524 
0.424035 0.065929 0.280879 0.559973 
0.434294 0.089003 0.252631 0.631536 
0.381007 0.067483 0.239822 0.508904 
0.417025 0.078117 0.232879 0.574103 
0.422829 0.081871 0.253986 0.598840 
0.387940 0.063899 0.231941 0.507920 
0.394357 0.067191 0.248598 0.523347 
0.370811 0.057333 0.225340 0.487512 
0.394423 0.073242 0.245586 0.536638 
0.422332 0.070549 0.248033 0.545001 
0.420009 0.083687 0.242688 0.573579 
0.425737 0.068250 0.250348 0.576787 
0.381298 0.054815 0.258947 0.461382 
0.429270 0.079795 0.251739 0.637686 
0.377602 0.052298 0.241466 0.471450 
0.404560 0.064891 0.259321 0.577215 
0.368939 0.056426 0.217794 0.493740 
0.415118 0.065935 0.251860 0.525270 
0.407981 0.063976 0.262700 0.520279 
0.411388 0.065106 0.251161 0.537620 
0.387449 0.064364 0.207236 0.507138 
0.379434 0.060865 0.230326 0.524372 
0.387024 0.065060 0.233003 0.523798 
0.386238 0.058447 0.208652 0.496817 
0.404572 0.054193 0.235734 0.530142 
0.385841 0.080664 0.201789 0.573953 
0.383977 0.059807 0.235385 0.495455 
0.347542 0.069247 0.181629 0.502809 
0.377067 0.078000 0.184934 0.493527 
0.362178 0.084429 0.186936 0.518966 
0.352727 0.045477 0.213042 0.427182 
0.402220 0.089706 0.222796 0.595158 
0.377134 0.073247 0.213128 0.554009 
0.401296 0.077451 0.232943 0.564149 
0.366397 0.061299 0.205802 0.481617 
0.410949 0.076803 0.187641 0.564531 
0.380657 0.076804 0.196999 0.509244 
0.383046 0.110951 0.126299 0.582027 
0.362221 0.109076 0.100604 0.550220 
0.388535 0.102858 0.148789 0.592412 
0.373282 0.091165 0.158037 0.532429 
0.388384 0.098122 0.169759 0.583865 
0.395214 0.092160 0.177134 0.581516 
0.356815 0.099581 0.089099 0.527649 
0.359169 0.106463 0.142652 0.548606 
0.371715 0.106198 0.136777 0.556587 
0.388930 0.110858 0.148435 0.603701 
0.390337 0.094968 0.172664 0.577398 
0.409628 0.055981 0.281703 0.557720 
0.445663 0.058027 0.283386 0.555789 
0.394667 0.050127 0.260995 0.515725 
0.413666 0.053813 0.259731 0.523405 
0.425465 0.054029 0.297687 0.550840 
0.414485 0.059577 0.249501 0.538785 
0.418305 0.052932 0.259956 0.577322 
0.434569 0.062421 0.268234 0.577144 
0.494282 0.068395 0.287184 0.638302 
0.418227 0.055100 0.258740 0.530495 
0.402776 0.058839 0.226634 0.527052 
0.433283 0.068031 0.284900 0.615581 
0.392229 0.062808 0.209151 0.508347 
0.402194 0.060061 0.262384 0.521958 
0.389568 0.049519 0.264654 0.487547 
0.419831 0.065513 0.239769 0.555215 
0.392908 0.049278 0.240013 0.483241 
0.409002 0.058541 0.230177 0.521186 
0.395506 0.048705 0.273710 0.531897 
0.382421 0.050133 0.223589 0.487677 
0.389399 0.054001 0.246523 0.511547 
0.403196 0.061471 0.203962 0.534091 
0.419267 0.071560 0.255324 0.602373 
0.391481 0.042874 0.231625 0.452174 
0.397512 0.055681 0.248072 0.524796 
0.395574 0.063546 0.269914 0.550424 
0.376219 0.050711 0.256596 0.477613 
0.423844 0.063462 0.269957 0.541307 
0.384360 0.060526 0.243518 0.499127 
0.388836 0.052614 0.261127 0.497711 
0.402760 0.074430 0.222077 0.567160 
0.426393 0.065630 0.270157 0.544902 
0.375905 0.060042 0.242195 0.494545 
0.406497 0.070852 0.231915 0.544221 
0.394129 0.051707 0.256954 0.505003 
0.387311 0.062795 0.249270 0.532854 
0.381297 0.049925 0.258519 0.491528 
0.390709 0.052478 0.260751 0.497486 
0.423370 0.062875 0.280582 0.538852 
0.397528 0.052864 0.280122 0.502173 
0.317673 0.083122 0.103435 0.448642 
0.305481 0.091607 0.095122 0.454264 
0.331648 0.088929 0.113511 0.486007 
0.288585 0.074494 0.117071 0.422051 
0.317103 0.081542 0.088503 0.475984 
0.326402 0.096526 0.115889 0.510074 
0.312254 0.078181 0.083900 0.412236 
0.329557 0.091890 0.088997 0.509282 
0.321904 0.091154 0.090799 0.467819 
0.338527 0.087691 0.088193 0.535219 
0.293728 0.078534 0.125670 0.454400 
0.331903 0.095877 0.128629 0.513625 
0.316420 0.080955 0.118242 0.438782 
0.314863 0.092133 0.100229 0.470259 
0.512196 0.103700 0.247214 0.751589 
0.439830 0.069548 0.259094 0.605173 
0.371259 0.055252 0.219508 0.487209 
0.363721 0.047260 0.218602 0.459455 
0.406108 0.063046 0.249557 0.566608 
0.405263 0.068446 0.253723 0.550065 
0.379146 0.063847 0.203258 0.491099 
0.383011 0.064066 0.236381 0.514442 
0.399728 0.068500 0.220703 0.562893 
0.381601 0.053700 0.248926 0.499836 
0.365941 0.069005 0.185379 0.523799 
0.378492 0.073917 0.206688 0.534012 
0.364276 0.049274 0.236967 0.488837 
0.400450 0.063310 0.241144 0.549811 
0.403387 0.060213 0.271854 0.541060 
0.398094 0.046678 0.298044 0.507838 
0.413612 0.064279 0.251419 0.559832 
0.403212 0.052373 0.282928 0.484237 
0.395777 0.056288 0.258069 0.533323 
0.355008 0.044554 0.240970 0.459535 
0.350849 0.045427 0.225000 0.468235 
0.394380 0.055645 0.263204 0.545446 
0.368762 0.042321 0.274138 0.453204 
0.374651 0.059831 0.242990 0.472545 
0.404348 0.052131 0.256168 0.550101 
0.350154 0.106394 0.043270 0.564176 
0.369372 0.104384 0.057302 0.517134 
0.359041 0.118452 0.045905 0.575068 
0.357015 0.097765 0.051194 0.516648 
0.351306 0.101558 0.063287 0.508083 
0.370167 0.110018 0.062680 0.570418 
0.364747 0.106657 0.064407 0.498227 
0.346180 0.117253 0.044767 0.522561 
0.370022 0.110074 0.052107 0.587887 
0.360888 0.113630 0.036289 0.585949 
0.397961 0.110442 0.040717 0.559975 
0.362613 0.112145 0.071375 0.528573 
0.343866 0.091983 0.045336 0.505004 
0.442726 0.079161 0.318703 0.605487 
0.437265 0.087318 0.287395 0.648557 
0.408679 0.077314 0.288256 0.574158 
0.390007 0.083467 0.242669 0.538898 
0.427224 0.075363 0.312757 0.602015 
0.437171 0.078776 0.312053 0.593094 
0.417891 0.089648 0.258251 0.597683 
0.454440 0.086726 0.319864 0.670616 
0.418158 0.085345 0.261422 0.596341 
0.458453 0.088337 0.305843 0.662865 
0.446991 0.100372 0.288532 0.688672 
0.455888 0.093050 0.304887 0.689118 
0.403953 0.082317 0.272874 0.565228 
0.441483 0.054095 0.284382 0.570664 
0.473269 0.078550 0.275970 0.673855 
0.446222 0.059707 0.308658 0.614442 
0.454154 0.065233 0.254532 0.598812 
0.471151 0.078092 0.309673 0.667632 
0.460610 0.069753 0.310752 0.630481 
0.430966 0.058659 0.306580 0.543570 
0.443350 0.065513 0.257547 0.612511 
0.421006 0.055262 0.251491 0.552843 
0.445926 0.070135 0.305265 0.626945 
0.439888 0.075150 0.251446 0.630885 
0.448842 0.057169 0.272386 0.589977 
0.478813 0.083573 0.283420 0.679598 
0.436040 0.059728 0.267535 0.569509 
0.349222 0.072424 0.201994 0.499589 
0.362837 0.055912 0.228059 0.470989 
0.339333 0.059370 0.197386 0.450464 
0.350917 0.061521 0.193405 0.470632 
0.368828 0.057018 0.200352 0.456642 
0.344557 0.053428 0.204691 0.435010 
0.326389 0.040974 0.196296 0.391096 
0.337480 0.058043 0.213589 0.441833 
0.330068 0.051632 0.192878 0.413803 
0.380172 0.060449 0.231865 0.501643 
0.357264 0.058768 0.220393 0.453805 
0.366395 0.068322 0.218204 0.504823 
0.358469 0.058967 0.217822 0.464960 
