0.587736 0.080939 0.325554 0.747423 
0.610121 0.093042 0.345675 0.787907 
0.605698 0.089139 0.352026 0.794143 
0.614398 0.094109 0.352876 0.750193 
0.596173 0.085001 0.383666 0.779562 
0.609252 0.091370 0.359825 0.750087 
0.589227 0.077332 0.380189 0.725727 
0.568981 0.083149 0.359095 0.713012 
0.624358 0.089788 0.384478 0.751789 
0.608048 0.086967 0.333314 0.779525 
0.597325 0.090873 0.332288 0.761103 
0.614530 0.078019 0.386229 0.781016 
0.588337 0.097648 0.360053 0.783693 
0.597699 0.115688 0.333524 0.808596 
0.569658 0.120291 0.329021 0.807534 
0.583368 0.104409 0.362314 0.796261 
0.584546 0.101686 0.306420 0.800388 
0.575003 0.099752 0.330211 0.767661 
0.584408 0.105349 0.355075 0.815412 
0.581592 0.105498 0.379413 0.799485 
0.590949 0.106895 0.351830 0.803101 
0.591568 0.102675 0.358336 0.797935 
0.588069 0.104961 0.344212 0.810285 
0.571559 0.107956 0.349961 0.795803 
0.582822 0.118935 0.344977 0.820899 
0.584943 0.103514 0.362672 0.802328 
0.595877 0.116031 0.320057 0.832094 
0.606431 0.114368 0.254187 0.812519 
0.595083 0.125477 0.278802 0.806523 
0.625770 0.126695 0.308490 0.872625 
0.634069 0.126910 0.325138 0.819785 
0.631036 0.125198 0.302796 0.829592 
0.614286 0.126424 0.290546 0.819843 
0.591858 0.115012 0.304473 0.828812 
0.629946 0.130697 0.329128 0.829362 
0.590900 0.096605 0.297920 0.829433 
0.603966 0.123163 0.340329 0.852863 
0.547849 0.109197 0.255951 0.744929 
0.519431 0.099833 0.247829 0.691406 
0.570526 0.110981 0.277068 0.772137 
0.538227 0.104552 0.259957 0.727111 
0.525170 0.099896 0.265209 0.708196 
0.534547 0.103468 0.302052 0.717736 
0.541799 0.109530 0.220534 0.726673 
0.556896 0.105505 0.256720 0.748837 
0.546773 0.109971 0.280017 0.752822 
0.544678 0.107763 0.252729 0.758855 
0.558373 0.116943 0.249693 0.747023 
0.566615 0.112594 0.267520 0.773911 
0.579989 0.135094 0.255994 0.808593 
0.527853 0.119266 0.221337 0.721853 
0.576721 0.110716 0.218825 0.768500 
0.605411 0.105827 0.254592 0.823475 
0.571514 0.096958 0.283077 0.748686 
0.580160 0.103928 0.245864 0.778416 
0.555037 0.118360 0.231818 0.746675 
0.557819 0.104938 0.223308 0.756754 
0.594286 0.089781 0.362959 0.779265 
0.523360 0.100824 0.239182 0.701452 
0.546348 0.098388 0.263327 0.707534 
0.580998 0.089901 0.314686 0.771711 
0.598944 0.094304 0.332674 0.783272 
0.583783 0.089299 0.321912 0.756919 
0.563053 0.091850 0.324019 0.756178 
0.631057 0.099361 0.275498 0.805891 
0.577368 0.087156 0.317183 0.742570 
0.587558 0.094749 0.337698 0.791749 
0.596575 0.124170 0.237359 0.786792 
0.607350 0.086074 0.349006 0.776251 
0.604915 0.101429 0.319807 0.786088 
0.556323 0.093969 0.248438 0.764245 
0.540975 0.090736 0.263162 0.701978 
0.549713 0.102012 0.276502 0.723072 
0.532286 0.087617 0.276463 0.695114 
0.580053 0.099065 0.270919 0.762055 
0.563951 0.103661 0.264574 0.738672 
0.532807 0.090339 0.256663 0.690687 
0.571237 0.087313 0.302618 0.716449 
0.588004 0.105453 0.265886 0.773463 
0.523642 0.092497 0.254666 0.682516 
0.554385 0.102994 0.250762 0.743761 
0.546182 0.098121 0.275912 0.709152 
0.536691 0.075709 0.290249 0.656797 
0.551862 0.098642 0.262483 0.743728 
0.544571 0.097953 0.247713 0.756863 
0.543329 0.101441 0.256021 0.770332 
0.565302 0.080667 0.373334 0.734939 
0.554034 0.076104 0.336880 0.712423 
0.530824 0.082501 0.348469 0.723123 
0.552771 0.091121 0.352855 0.764159 
0.579235 0.093132 0.391573 0.775155 
0.601356 0.101088 0.379553 0.778949 
0.548288 0.083527 0.353080 0.762257 
0.631417 0.099841 0.378009 0.811986 
0.601986 0.093381 0.374009 0.824536 
0.622725 0.111175 0.299999 0.824707 
0.552860 0.086503 0.367758 0.778510 
0.599993 0.095262 0.384516 0.779048 
0.632157 0.095352 0.388949 0.785747 
0.579522 0.079173 0.371700 0.715652 
0.541871 0.113766 0.245813 0.813808 
0.560330 0.092620 0.340057 0.743205 
0.465630 0.089521 0.206885 0.607377 
0.467297 0.082577 0.305581 0.639121 
0.497248 0.116644 0.258329 0.791229 
0.533638 0.115180 0.267683 0.789698 
0.527466 0.097669 0.262130 0.730970 
0.530782 0.104813 0.308053 0.751337 
0.535767 0.113628 0.234810 0.727262 
0.501228 0.106107 0.262153 0.700318 
0.512377 0.085192 0.280319 0.664499 
0.561230 0.084862 0.356689 0.752930 
0.497061 0.086799 0.282104 0.692937 
0.594067 0.098618 0.281018 0.772278 
0.582982 0.116092 0.277892 0.767009 
0.620002 0.129154 0.283947 0.814800 
0.611786 0.142340 0.318300 0.845207 
0.629865 0.135396 0.332142 0.868719 
0.591726 0.134512 0.352252 0.790048 
0.618475 0.140442 0.293790 0.855646 
0.608956 0.135654 0.338109 0.818921 
0.587135 0.143266 0.287177 0.817707 
0.593549 0.123607 0.343538 0.822751 
0.607286 0.127231 0.319768 0.833800 
0.585550 0.114105 0.274336 0.784863 
0.585970 0.150524 0.314868 0.836534 
0.593200 0.132318 0.335000 0.808865 
0.516166 0.120248 0.274197 0.781734 
0.502659 0.106986 0.280177 0.712251 
0.525243 0.126533 0.271750 0.786130 
0.519674 0.092637 0.304096 0.729106 
0.541160 0.127282 0.296543 0.807715 
0.540387 0.138916 0.296855 0.809090 
0.540670 0.140178 0.271476 0.785893 
0.506366 0.109200 0.269168 0.747381 
0.537099 0.137853 0.265996 0.813653 
0.531312 0.121369 0.278125 0.783199 
0.523007 0.115087 0.248220 0.720667 
0.517766 0.105318 0.321115 0.730822 
0.547526 0.127964 0.244243 0.756612 
0.572176 0.133103 0.283035 0.839050 
0.577367 0.124500 0.299192 0.788111 
0.563244 0.130577 0.293242 0.812322 
0.585592 0.142603 0.250898 0.805833 
0.628394 0.132374 0.326446 0.842446 
0.572257 0.135261 0.297385 0.823173 
0.569068 0.142829 0.256752 0.803797 
0.637963 0.140641 0.377243 0.881214 
0.586013 0.139630 0.260820 0.820969 
0.579895 0.128799 0.294088 0.826045 
0.585754 0.128978 0.245091 0.817199 
0.571090 0.131435 0.276737 0.845845 
0.639868 0.110008 0.404536 0.832423 
0.628066 0.096203 0.356030 0.800006 
0.609330 0.110008 0.408502 0.817137 
0.616398 0.111465 0.408766 0.820796 
0.621833 0.122731 0.418826 0.905929 
0.609437 0.121879 0.375435 0.815955 
0.585165 0.119185 0.362762 0.799095 
0.624695 0.110097 0.386458 0.855850 
0.616875 0.105439 0.405667 0.827631 
0.617644 0.101601 0.433838 0.827533 
0.595280 0.104798 0.380012 0.814929 
0.649688 0.093329 0.440558 0.855475 
0.619188 0.098954 0.415961 0.797848 
0.571985 0.117401 0.316506 0.793655 
0.560248 0.106513 0.311411 0.758787 
0.586366 0.090057 0.412050 0.777678 
0.555233 0.101693 0.349758 0.749729 
0.558354 0.085187 0.416629 0.769877 
0.605628 0.095035 0.399406 0.821349 
0.594666 0.085240 0.364345 0.776093 
0.599854 0.094580 0.373658 0.793341 
0.577372 0.102072 0.379044 0.791705 
0.551226 0.101574 0.362594 0.744938 
0.563172 0.112208 0.339155 0.787675 
0.558565 0.095793 0.364126 0.775565 
0.601367 0.116453 0.367240 0.846041 
0.595755 0.097972 0.390052 0.790883 
0.509230 0.106047 0.328969 0.728462 
0.555012 0.125351 0.257098 0.770580 
0.532152 0.127119 0.321373 0.796688 
0.531701 0.116868 0.271871 0.762297 
0.530128 0.114148 0.267305 0.764639 
0.574299 0.122610 0.256726 0.769211 
0.544732 0.125041 0.255560 0.765482 
0.541585 0.129380 0.237123 0.802931 
0.514408 0.118833 0.173581 0.722815 
0.580851 0.124647 0.211537 0.807175 
0.543739 0.135294 0.271564 0.764665 
0.531523 0.117628 0.287535 0.760535 
0.558991 0.115713 0.296051 0.750736 
